0 0.16093750000000007 0.3703125 0.14062500000000006 0.3703125 0.14062500000000006 0.5609375 0.1609375000000001 0.5609375
0 0.2531250000000001 0.78125 0.1765625000000001 0.78125 0.1765625000000001 0.80625 0.2531250000000001 0.80625
0 0.5984375000000002 0.784375 0.2531250000000001 0.784375 0.2531250000000001 0.815625 0.5984375000000002 0.815625
0 0.39531250000000007 0.6921875 0.25468750000000007 0.6921875 0.25468750000000007 0.7265625 0.39531250000000007 0.7265625
0 0.5890625 0.6890625 0.3968750000000001 0.6890625 0.3968750000000001 0.715625 0.5890625 0.715625
0 0.928125 0.6671875000000002 0.759375 0.6671875000000002 0.759375 0.6968750000000001 0.928125 0.6968750000000001
0 0.728125 0.3375000000000001 0.7046875 0.3375000000000001 0.7046875 0.6156250000000001 0.728125 0.6156250000000002
0 0.3203125 0.225 0.14531250000000004 0.225 0.14531250000000004 0.334375 0.3203125 0.334375
0 0.409375 0.3453125 0.2625 0.3453125 0.26250000000000007 0.39375000000000004 0.409375 0.3937500000000001
1 0.2625 0.18437500000000004 0.2171875 0.18437500000000004 0.2171875 0.2265625 0.2625 0.2265625
1 0.31875 0.18906250000000005 0.284375 0.18906250000000005 0.284375 0.2296875 0.31875 0.2296875