0 0.65625 0.671875 0.2500000000000001 0.671875 0.2500000000000001 0.6875 0.65625 0.6875
0 0.2468750000000001 0.596875 0.1984375000000001 0.596875 0.1984375000000001 0.615625 0.2468750000000001 0.615625
0 0.3843750000000001 0.5984375 0.3390625000000001 0.5984375 0.3390625000000001 0.6109375 0.3843750000000001 0.6109375
0 0.89375 0.6187500000000001 0.803125 0.6187500000000001 0.803125 0.6406250000000002 0.89375 0.6406250000000002
0 0.7265625 0.3625000000000001 0.709375 0.3625000000000001 0.709375 0.4781250000000001 0.7265625 0.4781250000000002
0 0.22500000000000003 0.303125 0.2140625 0.303125 0.21406250000000004 0.540625 0.2250000000000001 0.540625
2 0.70625 0.4203125 0.6796875 0.4203125 0.6796875 0.4515625 0.70625 0.4515625
1 0.14531250000000004 0.41875 0.11718750000000004 0.41875 0.11718750000000004 0.4484375 0.14531250000000004 0.4484375
1 0.15156250000000004 0.3953125 0.11718750000000004 0.3953125 0.11718750000000004 0.428125 0.15156250000000004 0.428125
2 0.7125 0.24375000000000008 0.3890625 0.24375000000000008 0.3890625 0.3593750000000001 0.7125 0.3593750000000001
2 0.3421875 0.2859375 0.296875 0.2859375 0.296875 0.35625 0.3421875 0.35625
2 0.20312500000000008 0.4265625 0.17343750000000005 0.4265625 0.17343750000000005 0.459375 0.20312500000000008 0.459375