0 0.5484375 0.4171875 0.50625 0.4171875 0.50625 0.69375 0.5484375 0.69375
0 0.540625 0.41875 0.5015625 0.41875 0.5015625 0.6078125 0.540625 0.6078125
0 0.3375000000000001 0.603125 0.2640625000000001 0.603125 0.2640625000000001 0.7671875 0.3375000000000001 0.7671875
0 0.3390625000000001 0.6078125 0.3000000000000001 0.6078125 0.3000000000000001 0.721875 0.3390625000000001 0.721875
0 0.36406250000000007 0.4328125 0.30156250000000007 0.4328125 0.30156250000000007 0.5078125 0.36406250000000007 0.5078125
0 0.3343750000000001 0.5171875 0.3031250000000001 0.5171875 0.3031250000000001 0.6109375 0.3343750000000001 0.6109375
0 0.45 0.3609375000000001 0.390625 0.3609375000000001 0.39062500000000006 0.4171875 0.45 0.4171875
0 0.71875 0.3234375000000001 0.6046875 0.3234375000000001 0.6046875 0.415625 0.71875 0.415625
0 0.6953125 0.3609375000000001 0.628125 0.3609375000000001 0.628125 0.4140625 0.6953125 0.4140625
0 0.8296875 0.4156250000000002 0.746875 0.4156250000000002 0.746875 0.6890625000000001 0.8296875 0.6890625000000001
0 0.790625 0.43437500000000007 0.71875 0.434375 0.71875 0.5109375 0.790625 0.5109375000000002
0 0.790625 0.5062500000000002 0.746875 0.5062500000000002 0.746875 0.5937500000000002 0.790625 0.5937500000000002
0 0.8296875 0.8671875 0.7468750000000002 0.8671875 0.7468750000000002 1 0.8296875 1
0 0.7937500000000002 0.88125 0.7484375000000002 0.88125 0.7484375000000002 0.996875 0.7937500000000002 0.996875