0 0.76875 0.3843750000000001 0.690625 0.3843750000000001 0.690625 0.4562500000000001 0.76875 0.45625000000000016
0 0.6765625 0.2828125000000001 0.640625 0.2828125000000001 0.640625 0.3578125000000001 0.6765625 0.3578125000000001
0 0.6421875 0.3828125000000001 0.4 0.3828125000000001 0.4 0.5765625 0.6421875 0.5765625
0 0.65 0.4390625 0.4671875 0.4390625 0.4671875 0.584375 0.65 0.584375
0 0.64375 0.3656250000000001 0.5609375 0.3656250000000001 0.5609375 0.4734375 0.64375 0.4734375
0 0.64375 0.35625000000000007 0.5703125 0.35625000000000007 0.5703125 0.415625 0.64375 0.415625
0 0.5609375 0.36406250000000007 0.5 0.36406250000000007 0.5 0.46875 0.5609375 0.46875
0 0.55 0.2765625000000001 0.5453125 0.2765625000000001 0.5453125 0.3625000000000001 0.55 0.3625000000000001
0 0.428125 0.384375 0.3375000000000001 0.384375 0.3375000000000001 0.4640625 0.428125 0.4640625
0 0.39843750000000006 0.25468750000000007 0.334375 0.2546875 0.33437500000000003 0.38593750000000004 0.3984375000000001 0.3859375000000001
2 0.3328125 0.3203125 0.31875 0.3203125 0.31875 0.340625 0.3328125 0.340625
2 0.375 0.3203125000000001 0.3640625 0.3203125000000001 0.3640625 0.3421875000000001 0.375 0.3421875000000001
2 0.540625 0.3234375000000001 0.525 0.3234375000000001 0.525 0.3390625000000001 0.540625 0.3390625000000001
0 0.6609375 0.16562500000000008 0.5640625 0.16562500000000008 0.5640625 0.1750000000000001 0.6609375 0.1750000000000001
1 0.590625 0.1390625000000001 0.58125 0.1390625000000001 0.58125 0.1609375000000001 0.590625 0.1609375000000001
2 0.5984375 0.1468750000000001 0.5890625 0.1468750000000001 0.5890625 0.15781250000000008 0.5984375 0.15781250000000008
2 0.4796875 0.4328125 0.4625 0.4328125 0.4625 0.4734375 0.4796875 0.4734375
0 0.4421875 0.21875000000000008 0.38125 0.21875000000000008 0.38125 0.25468750000000007 0.4421875 0.25468750000000007
0 0.4484375 0.16250000000000003 0.4 0.16250000000000003 0.4 0.2562500000000001 0.4484375 0.2562500000000001
2 0.528125 0.2390625000000001 0.5046875 0.2390625000000001 0.5046875 0.2734375000000001 0.528125 0.2734375000000001
0 0.6765625 0.515625 0.64375 0.515625 0.64375 0.5265625 0.6765625 0.5265625
0 0.703125 0.5046875 0.6796875 0.5046875 0.6796875 0.540625 0.703125 0.540625
0 0.6984375 0.1312500000000001 0.6734375 0.1312500000000001 0.6734375 0.1671875000000001 0.6984375 0.1671875000000001
0 0.4921875 0.22812500000000008 0.465625 0.22812500000000008 0.465625 0.2734375000000001 0.4921875 0.2734375000000001
1 0.5203125 0.5359375 0.509375 0.5359375 0.509375 0.559375 0.5203125 0.559375
1 0.53125 0.5359375 0.51875 0.5359375 0.51875 0.559375 0.53125 0.559375
1 0.5609375 0.4859375 0.55 0.4859375 0.55 0.509375 0.5609375 0.509375
1 0.5484375 0.4890625 0.5375 0.4890625 0.5375 0.5109375 0.5484375 0.5109375
1 0.609375 0.4265625 0.6015625 0.4265625 0.6015625 0.45 0.609375 0.45
1 0.6015625 0.4265625 0.590625 0.4265625 0.590625 0.4484375 0.6015625 0.4484375
1 0.334375 0.309375 0.3171875 0.309375 0.3171875 0.325 0.334375 0.325
1 0.334375 0.29375 0.31875 0.29375 0.31875 0.3109375 0.334375 0.3109375
1 0.4171875 0.19062500000000004 0.4078125 0.19062500000000004 0.4078125 0.21250000000000008 0.4171875 0.21250000000000008
1 0.421875 0.13750000000000004 0.415625 0.13750000000000004 0.415625 0.16093750000000004 0.421875 0.16093750000000004
1 0.428125 0.13906250000000003 0.4203125 0.13906250000000003 0.4203125 0.16093750000000004 0.428125 0.16093750000000004
1 0.46875 0.19687500000000005 0.453125 0.19687500000000005 0.453125 0.21875000000000008 0.46875 0.21875000000000008
1 0.475 0.18125000000000005 0.4625 0.18125000000000005 0.4625 0.2062500000000001 0.475 0.2062500000000001
1 0.384375 0.3187500000000001 0.371875 0.3187500000000001 0.371875 0.3437500000000001 0.384375 0.3437500000000001
1 0.3578125000000001 0.425 0.3453125000000001 0.425 0.3453125000000001 0.4515625 0.3578125000000001 0.4515625
1 0.4984375 0.4421875 0.484375 0.4421875 0.484375 0.4609375 0.4984375 0.4609375
1 0.4984375 0.4265625 0.4828125 0.4265625 0.4828125 0.44375 0.4984375 0.44375
1 0.5171875 0.4296875 0.5078125 0.4296875 0.5078125 0.4484375 0.5171875 0.4484375
1 0.5265625 0.4265625 0.5203125 0.4265625 0.5203125 0.45 0.5265625 0.45
1 0.540625 0.428125 0.5296875 0.428125 0.5296875 0.45 0.540625 0.45
2 0.546875 0.4265625 0.5421875 0.4265625 0.5421875 0.434375 0.546875 0.434375
1 0.6046875 0.3750000000000001 0.5953125 0.3750000000000001 0.5953125 0.3984375000000001 0.6046875 0.3984375000000001
1 0.61875 0.3750000000000001 0.60625 0.3750000000000001 0.60625 0.3984375000000001 0.61875 0.3984375000000001
1 0.7109375 0.4140625 0.703125 0.4140625 0.703125 0.4375 0.7109375 0.4375
1 0.7203125 0.4140625 0.7125 0.4140625 0.7125 0.4359375 0.7203125 0.4359375
1 0.740625 0.41406250000000017 0.728125 0.41406250000000017 0.728125 0.4359375000000002 0.740625 0.4359375000000002
1 0.75 0.4156250000000002 0.740625 0.4156250000000002 0.740625 0.4343750000000002 0.75 0.4343750000000002
1 0.725 0.509375 0.7140625 0.509375 0.7140625 0.53125 0.725 0.53125
1 0.746875 0.5093750000000001 0.734375 0.5093750000000001 0.734375 0.5296875000000002 0.746875 0.5296875000000002
1 0.734375 0.5078125000000001 0.725 0.5078125 0.725 0.5312500000000001 0.734375 0.5312500000000002
1 0.7734375 0.5093750000000001 0.7609375 0.5093750000000001 0.7609375 0.5312500000000002 0.7734375 0.5312500000000002
1 0.7578125 0.1359375000000001 0.746875 0.1359375000000001 0.746875 0.15781250000000008 0.7578125 0.15781250000000008
1 0.73125 0.13437500000000008 0.721875 0.13437500000000008 0.721875 0.15781250000000008 0.73125 0.15781250000000008
1 0.71875 0.13437500000000008 0.7078125 0.13437500000000008 0.7078125 0.15625000000000008 0.71875 0.15625000000000008
1 0.6640625 0.19687500000000008 0.6484375 0.19687500000000008 0.6484375 0.2093750000000001 0.6640625 0.2093750000000001
1 0.665625 0.1828125000000001 0.65 0.1828125000000001 0.65 0.1984375000000001 0.665625 0.1984375000000001
1 0.6625 0.24218750000000008 0.6484375 0.24218750000000008 0.6484375 0.26250000000000007 0.6625 0.26250000000000007
1 0.6625 0.23437500000000008 0.6484375 0.23437500000000008 0.6484375 0.2453125000000001 0.6625 0.2453125000000001
1 0.6625 0.22031250000000008 0.6484375 0.22031250000000008 0.6484375 0.23593750000000008 0.6625 0.23593750000000008
1 0.5296875 0.16562500000000005 0.521875 0.16562500000000005 0.521875 0.18593750000000003 0.5296875 0.18593750000000003
1 0.521875 0.16406250000000006 0.5078125 0.16406250000000006 0.5078125 0.18750000000000006 0.521875 0.18750000000000006
1 0.50625 0.22031250000000008 0.496875 0.22031250000000008 0.496875 0.24375000000000008 0.50625 0.24375000000000008
1 0.51875 0.2218750000000001 0.5078125 0.2218750000000001 0.5078125 0.24218750000000008 0.51875 0.24218750000000008
1 0.5734375 0.2390625000000001 0.5609375 0.2390625000000001 0.5609375 0.2609375000000001 0.5734375 0.2609375000000001
1 0.58125 0.2296875000000001 0.56875 0.2296875000000001 0.56875 0.2484375000000001 0.58125 0.2484375000000001
1 0.5796875 0.1375000000000001 0.571875 0.1375000000000001 0.571875 0.1593750000000001 0.5796875 0.1593750000000001
1 0.6046875 0.1390625000000001 0.5984375 0.1390625000000001 0.5984375 0.1609375000000001 0.6046875 0.1609375000000001
1 0.6171875 0.1359375000000001 0.60625 0.1359375000000001 0.60625 0.1609375000000001 0.6171875 0.1609375000000001
1 0.55 0.11250000000000007 0.540625 0.11250000000000004 0.540625 0.13281250000000006 0.55 0.13281250000000008
2 0.6234375 0.1359375000000001 0.6171875 0.1359375000000001 0.6171875 0.1453125000000001 0.6234375 0.1453125000000001
2 0.4921875 0.17968750000000006 0.475 0.17968750000000006 0.475 0.2250000000000001 0.4921875 0.2250000000000001
2 0.3625000000000001 0.4359375 0.35625000000000007 0.4359375 0.35625000000000007 0.4484375 0.3625000000000001 0.4484375
2 0.3890625000000001 0.4265625 0.3828125000000001 0.4265625 0.3828125000000001 0.4359375 0.3890625000000001 0.4359375
1 0.3828125000000001 0.4265625 0.3703125000000001 0.4265625 0.3703125000000001 0.45 0.3828125000000001 0.45
1 0.37187500000000007 0.428125 0.36406250000000007 0.428125 0.36406250000000007 0.45 0.37187500000000007 0.45
1 0.540625 0.2953125000000001 0.5265625 0.2953125000000001 0.5265625 0.3125000000000001 0.540625 0.3125000000000001
1 0.540625 0.30937500000000007 0.525 0.30937500000000007 0.525 0.32500000000000007 0.540625 0.32500000000000007
1 0.3109375000000001 0.75625 0.3031250000000001 0.75625 0.3031250000000001 0.7765625 0.3109375000000001 0.7765625
1 0.3140625000000001 0.7890625 0.30156250000000007 0.7890625 0.30156250000000007 0.809375 0.3140625000000001 0.809375
1 0.3906250000000001 0.75625 0.3812500000000001 0.75625 0.3812500000000001 0.778125 0.3906250000000001 0.778125
1 0.3984375000000001 0.7625 0.38750000000000007 0.7625 0.38750000000000007 0.778125 0.3984375000000001 0.778125
1 0.3625000000000001 0.7890625 0.3515625000000001 0.7890625 0.3515625000000001 0.8109375 0.3625000000000001 0.8109375
1 0.3281250000000001 0.7875 0.3187500000000001 0.7875 0.3187500000000001 0.809375 0.3281250000000001 0.809375
1 0.3359375000000001 0.7875 0.3296875000000001 0.7875 0.3296875000000001 0.8109375 0.3359375000000001 0.8109375
1 0.3453125000000001 0.7890625 0.3359375000000001 0.7890625 0.3359375000000001 0.8125 0.3453125000000001 0.8125
1 0.3687500000000001 0.7890625 0.3609375000000001 0.7890625 0.3609375000000001 0.8078125 0.3687500000000001 0.8078125
1 0.3750000000000001 0.7875 0.3671875000000001 0.7875 0.3671875000000001 0.809375 0.3750000000000001 0.809375
1 0.3265625000000001 0.7546875 0.3156250000000001 0.7546875 0.3156250000000001 0.778125 0.3265625000000001 0.778125
1 0.3359375000000001 0.75625 0.32500000000000007 0.75625 0.32500000000000007 0.778125 0.3359375000000001 0.778125
1 0.3500000000000001 0.7546875 0.34062500000000007 0.7546875 0.34062500000000007 0.7765625 0.3500000000000001 0.7765625
1 0.3593750000000001 0.75625 0.3500000000000001 0.75625 0.3500000000000001 0.778125 0.3593750000000001 0.778125
1 0.37187500000000007 0.75625 0.3625000000000001 0.75625 0.3625000000000001 0.778125 0.37187500000000007 0.778125
1 0.3812500000000001 0.7546875 0.3703125000000001 0.7546875 0.3703125000000001 0.778125 0.3812500000000001 0.778125
1 0.6421875000000001 0.9 0.6296875000000002 0.9 0.6296875000000002 0.9296875 0.6421875000000001 0.9296875
1 0.6546875000000002 0.8984375 0.6453125000000002 0.8984375 0.6453125000000002 0.9265625 0.6546875000000002 0.9265625
1 0.6750000000000002 0.9 0.6609375000000002 0.9 0.6609375000000002 0.9265625 0.6750000000000002 0.9265625
1 0.6843750000000002 0.896875 0.6750000000000002 0.896875 0.6750000000000002 0.9265625 0.6843750000000002 0.9265625
1 0.6968750000000001 0.8984375 0.6828125000000002 0.8984375 0.6828125000000002 0.9265625 0.6968750000000001 0.9265625
1 0.7093750000000002 0.9 0.6953125000000002 0.9 0.6953125000000002 0.925 0.7093750000000002 0.925
1 0.7468750000000002 0.9 0.7359375000000001 0.9 0.7359375000000001 0.9265625 0.7468750000000002 0.9265625
1 0.7359375000000001 0.896875 0.7234375000000002 0.896875 0.7234375000000002 0.928125 0.7359375000000001 0.928125
1 0.7234375000000002 0.9 0.7109375000000002 0.9 0.7109375000000002 0.9296875 0.7234375000000002 0.9296875
2 0.6578125000000001 0.91875 0.6531250000000002 0.91875 0.6531250000000002 0.928125 0.6578125000000001 0.928125
2 0.6812500000000001 0.921875 0.6781250000000002 0.921875 0.6781250000000002 0.9265625 0.6812500000000001 0.9265625
2 0.7109375000000002 0.921875 0.7046875000000001 0.921875 0.7046875000000001 0.928125 0.7109375000000002 0.928125