0 0.634375 0.2328125000000001 0.5265625 0.2328125000000001 0.5265625 0.2812500000000001 0.634375 0.2812500000000001
0 0.6359375 0.30156250000000007 0.5546875 0.30156250000000007 0.5546875 0.3437500000000001 0.6359375 0.3437500000000001
0 0.6359375 0.3625000000000001 0.5515625 0.3625000000000001 0.5515625 0.3968750000000001 0.6359375 0.3968750000000001
0 0.4125 0.22812500000000005 0.3609375 0.228125 0.3609375 0.25781250000000006 0.4125 0.2578125000000001
0 0.425 0.4265625 0.39531250000000007 0.4265625 0.39531250000000007 0.4859375 0.425 0.4859375
0 0.17656250000000004 0.4234375 0.14062500000000006 0.4234375 0.14062500000000006 0.48125 0.17656250000000004 0.48125
0 0.2687500000000001 0.540625 0.2375000000000001 0.540625 0.2375000000000001 0.5921875 0.2687500000000001 0.5921875
0 0.709375 0.4015625 0.65 0.4015625 0.65 0.4265625 0.709375 0.4265625
1 0.865625 0.8453125 0.85625 0.8453125 0.85625 0.865625 0.865625 0.865625
1 0.875 0.84375 0.8609375 0.84375 0.8609375 0.8671875 0.875 0.8671875
1 0.896875 0.84375 0.8859375 0.84375 0.8859375 0.8671875 0.896875 0.8671875
1 0.90625 0.84375 0.896875 0.84375 0.896875 0.871875 0.90625 0.871875
1 0.9171875 0.840625 0.90625 0.840625 0.90625 0.871875 0.9171875 0.871875
1 0.4359375 0.4234375 0.4265625 0.4234375 0.4265625 0.4515625 0.4359375 0.4515625
1 0.409375 0.2093750000000001 0.3953125 0.2093750000000001 0.3953125 0.2312500000000001 0.409375 0.2312500000000001
1 0.63125 0.2093750000000001 0.6203125 0.2093750000000001 0.6203125 0.23593750000000008 0.63125 0.23593750000000008
1 0.634375 0.2796875000000001 0.6203125 0.2796875000000001 0.6203125 0.3031250000000001 0.634375 0.3031250000000001
1 0.634375 0.3375000000000001 0.61875 0.3375000000000001 0.61875 0.36406250000000007 0.634375 0.36406250000000007
1 0.6296875 0.3937500000000001 0.621875 0.3937500000000001 0.621875 0.4203125 0.6296875 0.4203125
0 0.634375 0.09062500000000007 0.5921875 0.09062500000000007 0.5921875 0.11250000000000009 0.634375 0.11250000000000009
1 0.63125 0.06875000000000006 0.6171875 0.06875000000000006 0.6171875 0.09375000000000007 0.63125 0.09375000000000007
0 0.6375 0.04375000000000008 0.590625 0.04375000000000008 0.590625 0.06406250000000008 0.6375 0.06406250000000009
1 0.63125 0.017187500000000078 0.61875 0.017187500000000078 0.61875 0.045312500000000075 0.63125 0.045312500000000075
1 0.06718750000000007 0.56875 0.05937500000000007 0.56875 0.05937500000000007 0.5859375 0.06718750000000007 0.5859375
1 0.07656250000000006 0.56875 0.06718750000000007 0.56875 0.06718750000000007 0.5890625 0.07656250000000006 0.5890625
0 0.48437500000000017 0.965625 0.08906250000000011 0.965625 0.08906250000000013 1 0.48437500000000017 1
1 0.2984375000000001 0.9671875 0.2906250000000001 0.9671875 0.2906250000000001 0.984375 0.2984375000000001 0.984375
1 0.3062500000000001 0.9671875 0.2953125000000001 0.9671875 0.2953125000000001 0.984375 0.3062500000000001 0.984375
0 0.4859375000000002 0.93125 0.4187500000000002 0.93125 0.4187500000000002 0.9984375 0.4859375000000002 0.9984375
0 0.17500000000000013 0.9328125 0.09062500000000011 0.9328125 0.09062500000000012 1 0.17500000000000013 1