0 0.3046875 0.13281250000000006 0.2171875 0.13281250000000006 0.2171875 0.17187500000000006 0.3046875 0.17187500000000006
0 0.3750000000000001 0.453125 0.2828125000000001 0.453125 0.2828125000000001 0.53125 0.3750000000000001 0.53125
0 0.44375 0.08125000000000004 0.290625 0.08125000000000004 0.290625 0.17343750000000005 0.44375 0.17343750000000005
0 0.44375 0.08125000000000004 0.365625 0.08125000000000004 0.365625 0.17187500000000006 0.44375 0.17187500000000006
0 0.659375 0.1218750000000001 0.58125 0.1218750000000001 0.58125 0.17343750000000008 0.659375 0.17343750000000008
0 0.63125 0.12343750000000009 0.58125 0.12343750000000009 0.58125 0.17343750000000008 0.63125 0.17343750000000008
0 0.6609375 0.12343750000000009 0.6328125 0.12343750000000009 0.6328125 0.17187500000000008 0.6609375 0.17187500000000008
0 0.8640625 0.1218750000000001 0.8125 0.1218750000000001 0.8125 0.1750000000000001 0.8640625 0.1750000000000001
0 0.8109375 0.12656250000000008 0.7765625 0.12656250000000008 0.7765625 0.17343750000000008 0.8109375 0.17343750000000008
0 0.790625 0.08437500000000009 0.6546875 0.08437500000000009 0.6546875 0.17187500000000008 0.790625 0.17187500000000008
0 0.7484375 0.6109375000000001 0.659375 0.6109375 0.659375 0.6859375000000001 0.7484375 0.6859375000000002
0 0.4546875 0.6140625 0.3656250000000001 0.6140625 0.3656250000000001 0.6859375 0.4546875 0.6859375
0 0.6734375 0.5578125 0.440625 0.5578125 0.440625 0.6828125 0.6734375 0.6828125