1 0.5203125 0.057812500000000065 0.5109375 0.057812500000000065 0.5109375 0.07812500000000007 0.5203125 0.07812500000000007
1 0.521875 0.10625000000000004 0.5125 0.10625000000000004 0.5125 0.12812500000000004 0.521875 0.12812500000000004
1 0.5234375 0.2718750000000001 0.5140625 0.2718750000000001 0.5140625 0.2953125000000001 0.5234375 0.2953125000000001
1 0.73125 0.5609375000000001 0.721875 0.5609375 0.721875 0.5875000000000001 0.73125 0.5875000000000001
1 0.734375 0.6203125 0.7234375 0.6203125 0.7234375 0.6421875000000001 0.734375 0.6421875000000001
1 0.734375 0.6703125000000001 0.725 0.6703125 0.725 0.6937500000000001 0.734375 0.6937500000000002
0 0.5609375 0.5796875 0.5046875 0.5796875 0.5046875 0.6046875 0.5609375 0.6046875
1 0.528125 0.565625 0.521875 0.565625 0.521875 0.5828125 0.528125 0.5828125
1 0.5359375 0.565625 0.528125 0.565625 0.528125 0.58125 0.5359375 0.58125
0 0.4468750000000001 0.70625 0.3890625000000001 0.70625 0.3890625000000001 0.7328125 0.4468750000000002 0.7328125
0 0.4 0.60625 0.3656250000000001 0.60625 0.3656250000000001 0.70625 0.4 0.70625
0 0.4046875 0.6234375 0.38750000000000007 0.6234375 0.38750000000000007 0.70625 0.4046875 0.70625
1 0.4781250000000002 0.9046875 0.4703125000000002 0.9046875 0.4703125000000002 0.9203125 0.4781250000000002 0.9203125
1 0.4859375000000002 0.9046875 0.4781250000000002 0.9046875 0.4781250000000002 0.921875 0.4859375000000002 0.921875
1 0.49218750000000017 0.9046875 0.48750000000000016 0.9046875 0.48750000000000016 0.921875 0.49218750000000017 0.921875