0 0.34062500000000007 0.2609375 0.303125 0.2609375 0.30312500000000003 0.36875 0.34062500000000007 0.36875
0 0.40625000000000017 0.73125 0.3031250000000001 0.73125 0.3031250000000001 0.790625 0.40625000000000017 0.790625
0 0.5125000000000001 0.665625 0.4453125 0.665625 0.4453125000000001 0.7265625 0.5125000000000002 0.7265625
0 0.7265625000000001 0.6796875000000001 0.65625 0.6796875 0.6562500000000001 0.7296875 0.7265625000000002 0.7296875000000002
0 0.678125 0.3265625000000001 0.5859375 0.3265625000000001 0.5859375 0.37968750000000007 0.678125 0.37968750000000007
1 0.3656250000000001 0.7453125 0.3609375000000001 0.7453125 0.3609375000000001 0.7609375 0.3656250000000001 0.7609375
1 0.3750000000000001 0.74375 0.3656250000000001 0.74375 0.3656250000000001 0.759375 0.3750000000000001 0.759375
1 0.4000000000000002 0.7328125 0.3921875000000001 0.7328125 0.3921875000000001 0.75 0.4000000000000002 0.75
1 0.4000000000000002 0.75625 0.3906250000000001 0.75625 0.3906250000000001 0.775 0.4000000000000002 0.775
1 0.40937500000000016 0.759375 0.4000000000000002 0.759375 0.4000000000000002 0.778125 0.40937500000000016 0.778125
1 0.40937500000000016 0.734375 0.4000000000000002 0.734375 0.4000000000000002 0.75 0.40937500000000016 0.75
1 0.503125 0.69375 0.496875 0.69375 0.496875 0.7125 0.503125 0.7125
1 0.5109375 0.696875 0.503125 0.696875 0.503125 0.7125 0.5109375 0.7125
1 0.5375 0.6984375 0.53125 0.6984375 0.53125 0.7140625 0.5375 0.7140625
1 0.5484375 0.6953125 0.5375 0.6953125 0.5375 0.7125 0.5484375 0.7125
1 0.3953125 0.30937500000000007 0.3890625 0.30937500000000007 0.3890625 0.3218750000000001 0.3953125 0.3218750000000001
1 0.403125 0.3062500000000001 0.396875 0.3062500000000001 0.396875 0.3203125000000001 0.403125 0.3203125000000001
1 0.365625 0.34375000000000006 0.3609375 0.34375 0.3609375 0.35937500000000006 0.365625 0.3593750000000001
1 0.3734375 0.3453125000000001 0.365625 0.3453125000000001 0.365625 0.3609375000000001 0.3734375 0.3609375000000001
1 0.4 0.3453125000000001 0.39375 0.3453125000000001 0.39375 0.3609375000000001 0.4 0.3609375000000001
1 0.4171875 0.3453125000000001 0.4109375 0.3453125000000001 0.4109375 0.3593750000000001 0.4171875 0.3593750000000001
1 0.3218750000000001 0.44375 0.3156250000000001 0.44375 0.3156250000000001 0.45625 0.3218750000000001 0.45625
1 0.3312500000000001 0.4421875 0.32500000000000007 0.4421875 0.32500000000000007 0.45625 0.3312500000000001 0.45625
1 0.3390625000000001 0.4421875 0.33281250000000007 0.4421875 0.33281250000000007 0.4546875 0.3390625000000001 0.4546875
1 0.4515625 0.45 0.4453125 0.45 0.4453125 0.4625 0.4515625 0.4625
1 0.4453125 0.440625 0.4359375 0.440625 0.4359375 0.45625 0.4453125 0.45625
1 0.5328125 0.4484375 0.528125 0.4484375 0.528125 0.4609375 0.5328125 0.4609375
2 0.384375 0.30937500000000007 0.375 0.30937500000000007 0.375 0.3203125000000001 0.384375 0.3203125000000001
2 0.3890625 0.3531250000000001 0.378125 0.3531250000000001 0.378125 0.3578125000000001 0.3890625 0.3578125000000001
2 0.3734375 0.321875 0.3625 0.321875 0.3625 0.3375 0.3734375 0.3375000000000001
2 0.3109375000000001 0.4453125 0.30156250000000007 0.4453125 0.30156250000000007 0.4546875 0.3109375000000001 0.4546875
1 0.528125 0.4421875 0.51875 0.4421875 0.51875 0.4578125 0.528125 0.4578125
1 0.678125 0.2890625000000001 0.6734375 0.2890625000000001 0.6734375 0.3046875000000001 0.678125 0.3046875000000001
1 0.671875 0.3453125000000001 0.665625 0.3453125000000001 0.665625 0.3609375000000001 0.671875 0.3609375000000001
1 0.6453125 0.3468750000000001 0.640625 0.3468750000000001 0.640625 0.3625000000000001 0.6453125 0.3625000000000001
1 0.6546875 0.3453125000000001 0.646875 0.3453125000000001 0.646875 0.3609375000000001 0.6546875 0.3609375000000001
1 0.69375 0.3437500000000001 0.6875 0.3437500000000001 0.6875 0.3593750000000001 0.69375 0.3593750000000001
1 0.7046875 0.3500000000000001 0.69375 0.3500000000000001 0.69375 0.36406250000000007 0.7046875 0.36406250000000007
1 0.7125 0.3468750000000001 0.7046875 0.3468750000000001 0.7046875 0.3609375000000001 0.7125 0.3609375000000001
1 0.721875 0.34843750000000007 0.7125 0.34843750000000007 0.7125 0.36406250000000007 0.721875 0.36406250000000007
2 0.6671875 0.2921875000000001 0.659375 0.2921875000000001 0.659375 0.30156250000000007 0.6671875 0.30156250000000007
2 0.684375 0.3500000000000001 0.675 0.3500000000000001 0.675 0.3578125000000001 0.684375 0.3578125000000001
1 0.6859375 0.4515625 0.6796875 0.4515625 0.6796875 0.4625 0.6859375 0.4625
1 0.68125 0.44375 0.671875 0.44375 0.671875 0.4578125 0.68125 0.4578125
1 0.771875 0.42500000000000016 0.7625 0.42500000000000016 0.7625 0.44062500000000016 0.771875 0.44062500000000016
1 0.75 0.6968750000000001 0.740625 0.6968750000000001 0.740625 0.7140625000000002 0.75 0.7140625000000002
1 0.7140625 0.696875 0.709375 0.696875 0.709375 0.7125 0.7140625 0.7125
1 0.725 0.6984375 0.715625 0.6984375 0.715625 0.7140625 0.725 0.7140625
1 0.7578125 0.7000000000000002 0.7484375 0.7000000000000002 0.7484375 0.7156250000000002 0.7578125 0.7156250000000002