1 0.246875 0.004687500000000027 0.19375 0.004687500000000023 0.19375 0.02500000000000003 0.246875 0.025000000000000033
1 0.240625 0.10781250000000005 0.2125 0.10781250000000005 0.2125 0.14531250000000004 0.240625 0.14531250000000004
1 0.24843750000000003 0.3546875 0.23125 0.3546875 0.23125000000000004 0.4 0.2484375000000001 0.4
2 0.4734375 0.18593750000000003 0.4265625 0.18593750000000003 0.4265625 0.2156250000000001 0.4734375 0.2156250000000001
1 0.459375 0.16250000000000003 0.440625 0.16250000000000003 0.440625 0.18437500000000004 0.459375 0.18437500000000004
0 0.16093750000000004 0.5015625 0.10781250000000005 0.5015625 0.10781250000000005 0.5171875 0.16093750000000004 0.5171875
0 0.4921875 0.50625 0.21093750000000008 0.50625 0.21093750000000008 0.521875 0.4921875 0.521875
0 0.27031250000000007 0.4453125 0.21250000000000008 0.4453125 0.21250000000000008 0.4578125 0.27031250000000007 0.4578125
0 0.19687500000000005 0.4453125 0.17031250000000003 0.4453125 0.17031250000000003 0.4578125 0.19687500000000005 0.4578125
0 0.12812500000000004 0.19375 0.11718750000000004 0.19375 0.11718750000000004 0.3484375 0.12812500000000004 0.3484375
0 0.2625 0.19218750000000004 0.2546875 0.19218750000000004 0.2546875 0.3453125 0.2625 0.3453125
0 0.553125 0.22031250000000008 0.54375 0.22031250000000008 0.54375 0.3234375000000001 0.553125 0.3234375000000001
0 0.2078125000000001 0.9890625 0.16562500000000013 0.9890625 0.16562500000000013 1 0.2078125000000001 1
0 0.865625 0.44843750000000016 0.753125 0.44843750000000016 0.753125 0.4625000000000002 0.865625 0.4625000000000002
0 0.928125 0.17812500000000014 0.9203125 0.17812500000000014 0.9203125 0.3750000000000001 0.928125 0.3750000000000001
2 0.20625 0.06875000000000002 0.1234375 0.06875000000000002 0.1234375 0.16562500000000002 0.20625 0.16562500000000005
2 0.253125 0.14687500000000003 0.2109375 0.14687500000000003 0.2109375 0.215625 0.253125 0.215625