0 0.2640625000000001 0.575 0.2000000000000001 0.575 0.2000000000000001 0.9203125 0.2640625000000001 0.9203125
0 0.2671875000000001 0.5671875 0.2015625000000001 0.5671875 0.2015625000000001 0.6546875 0.2671875000000001 0.6546875
0 0.2656250000000001 0.79375 0.2000000000000001 0.79375 0.2000000000000001 0.875 0.2656250000000001 0.875
0 0.2500000000000001 0.8015625 0.050000000000000086 0.8015625 0.0500000000000001 0.9203125 0.2500000000000001 0.9203125
1 0.16406250000000008 0.85 0.1453125000000001 0.85 0.1453125000000001 0.89375 0.16406250000000008 0.89375
1 0.14218750000000008 0.8484375 0.12343750000000009 0.8484375 0.12343750000000009 0.89375 0.14218750000000008 0.89375
2 0.04843750000000009 0.7375 0.01562500000000009 0.7375 0.015625000000000094 0.803125 0.0484375000000001 0.803125
0 0.18750000000000008 0.678125 0.16406250000000008 0.678125 0.16406250000000008 0.709375 0.18750000000000008 0.709375
0 0.12656250000000008 0.7421875 0.0984375000000001 0.7421875 0.0984375000000001 0.7703125 0.12656250000000008 0.7703125
1 0.2468750000000001 0.7265625 0.2156250000000001 0.7265625 0.2156250000000001 0.759375 0.2468750000000001 0.759375
1 0.2453125000000001 0.6984375 0.2140625000000001 0.6984375 0.2140625000000001 0.7265625 0.2453125000000001 0.7265625
1 0.1843750000000001 0.5671875 0.17187500000000008 0.5671875 0.17187500000000008 0.6046875 0.1843750000000001 0.6046875
1 0.37187500000000007 0.7140625 0.36406250000000007 0.7140625 0.36406250000000007 0.7515625 0.37187500000000007 0.7515625
1 0.3703125000000001 0.7703125 0.3609375000000001 0.7703125 0.3609375000000001 0.7984375 0.3703125000000001 0.7984375
1 0.3765625000000001 0.8140625 0.3609375000000001 0.8140625 0.3609375000000001 0.8453125 0.3765625000000001 0.8453125
0 0.9625 0.32812500000000006 0.12031250000000004 0.328125 0.12031250000000004 0.5046875000000001 0.9625 0.5046875000000002
0 0.35156250000000006 0.328125 0.12968750000000004 0.328125 0.12968750000000004 0.4421875 0.3515625000000001 0.4421875
0 0.13125000000000003 0.1515625 0.020312500000000018 0.1515625 0.020312500000000032 0.4 0.13125000000000003 0.4
0 0.12968750000000004 0.2921875 0.06562500000000004 0.2921875 0.06562500000000004 0.39375 0.12968750000000004 0.39375
0 0.18906250000000002 0.14218750000000002 0.1265625 0.1421875 0.12656250000000002 0.2328125 0.18906250000000005 0.2328125
0 0.890625 0.0750000000000001 0.796875 0.0750000000000001 0.796875 0.2156250000000001 0.890625 0.2156250000000001
0 0.55625 0.07187500000000005 0.4515625 0.07187500000000005 0.4515625 0.2296875000000001 0.55625 0.2296875000000001
0 0.328125 0.06718750000000004 0.21875 0.06718750000000002 0.21875 0.2109375 0.328125 0.2109375
1 0.4796875000000001 0.7171875 0.46875 0.7171875 0.4687500000000001 0.7515625 0.47968750000000016 0.7515625
1 0.4921875000000001 0.7171875 0.478125 0.7171875 0.4781250000000001 0.7515625 0.49218750000000017 0.7515625
1 0.47968750000000016 0.771875 0.4703125000000002 0.771875 0.4703125000000002 0.7984375 0.47968750000000016 0.7984375
1 0.4937500000000002 0.7703125 0.4781250000000002 0.7703125 0.4781250000000002 0.803125 0.4937500000000002 0.803125
1 0.4812500000000002 0.815625 0.46406250000000016 0.815625 0.46406250000000016 0.8484375 0.4812500000000002 0.8484375
1 0.49531250000000016 0.8171875 0.47968750000000016 0.8171875 0.47968750000000016 0.846875 0.49531250000000016 0.846875
1 0.596875 0.71875 0.5796875 0.71875 0.5796875000000001 0.7515625 0.5968750000000002 0.7515625
1 0.6078125000000001 0.71875 0.5953125 0.71875 0.5953125000000001 0.75 0.6078125000000002 0.75
1 0.6218750000000001 0.7171875 0.609375 0.7171875 0.6093750000000001 0.75 0.6218750000000002 0.75
1 0.6093750000000002 0.7671875 0.5953125000000001 0.7671875 0.5953125000000001 0.7984375 0.6093750000000002 0.7984375
1 0.6218750000000002 0.7671875 0.6093750000000002 0.7671875 0.6093750000000002 0.7984375 0.6218750000000002 0.7984375
1 0.5984375000000002 0.7703125 0.5812500000000002 0.7703125 0.5812500000000002 0.803125 0.5984375000000002 0.803125
1 0.5937500000000002 0.815625 0.5812500000000002 0.815625 0.5812500000000002 0.846875 0.5937500000000002 0.846875
1 0.6093750000000002 0.81875 0.5906250000000002 0.81875 0.5906250000000002 0.846875 0.6093750000000002 0.846875
1 0.6218750000000002 0.8171875 0.6062500000000002 0.8171875 0.6062500000000002 0.8484375 0.6218750000000002 0.8484375
1 0.7234375000000001 0.71875 0.7046875 0.71875 0.7046875000000001 0.7515625 0.7234375000000002 0.7515625
1 0.7375 0.7156250000000001 0.7203125 0.715625 0.7203125000000001 0.753125 0.7375000000000002 0.7531250000000002
1 0.7203125000000001 0.76875 0.7109375000000002 0.76875 0.7109375000000002 0.8 0.7203125000000001 0.8
1 0.7343750000000002 0.7703125000000001 0.7218750000000002 0.7703125 0.7218750000000002 0.8 0.7343750000000002 0.8
1 0.7203125000000001 0.815625 0.7093750000000002 0.815625 0.7093750000000002 0.8453125 0.7203125000000001 0.8453125
1 0.7375000000000002 0.815625 0.7203125000000001 0.815625 0.7203125000000001 0.8453125 0.7375000000000002 0.8453125
1 0.84375 0.7171875000000002 0.8328125 0.7171875000000002 0.8328125 0.7531250000000002 0.84375 0.7531250000000002
1 0.8546875 0.7171875000000002 0.8421875 0.7171875000000002 0.8421875 0.7531250000000002 0.8546875 0.7531250000000002
1 0.8578125 0.7671875000000001 0.84375 0.7671875000000001 0.84375 0.8 0.8578125 0.8
1 0.840625 0.7671875000000001 0.8328125 0.7671875000000001 0.8328125 0.7984375000000001 0.840625 0.7984375000000001
1 0.8578125 0.8140625 0.8484375 0.8140625 0.8484375 0.8453125 0.8578125 0.8453125
1 0.846875 0.815625 0.83125 0.815625 0.83125 0.846875 0.846875 0.846875
1 0.99375 0.815625 0.98125 0.815625 0.98125 0.846875 0.99375 0.846875
1 0.9921875 0.7687500000000002 0.978125 0.7687500000000002 0.978125 0.8 0.9921875 0.8
1 0.990625 0.7203125000000001 0.978125 0.7203125000000001 0.978125 0.7531250000000002 0.990625 0.7531250000000002
2 0.1234375 0.09687500000000002 0.1125 0.09687500000000002 0.1125 0.115625 0.1234375 0.115625
1 0.1078125 0.103125 0.08750000000000002 0.103125 0.08750000000000002 0.15 0.1078125 0.15
1 0.08437500000000002 0.1078125 0.06718750000000002 0.1078125 0.06718750000000002 0.15 0.08437500000000002 0.15
1 0.050000000000000024 0.103125 0.02656250000000001 0.103125 0.026562500000000017 0.15 0.050000000000000024 0.15
1 0.35625 0.07031250000000004 0.3328125 0.07031250000000004 0.3328125 0.11718750000000004 0.35625 0.11718750000000004
1 0.578125 0.07343750000000007 0.5578125 0.07343750000000007 0.5578125 0.11562500000000009 0.578125 0.11562500000000009