0 0.5078125 0.4015625 0.2500000000000001 0.4015625 0.2500000000000001 0.4703125 0.5078125 0.4703125
0 0.30156250000000007 0.403125 0.2562500000000001 0.403125 0.2562500000000001 0.46875 0.30156250000000007 0.46875
0 0.50625 0.4015625 0.29375000000000007 0.4015625 0.29375000000000007 0.46875 0.50625 0.46875
0 0.5046875 0.3765625000000001 0.3703125000000001 0.3765625000000001 0.3703125000000001 0.425 0.5046875 0.425
0 0.546875 0.29375000000000007 0.503125 0.29375000000000007 0.503125 0.3734375000000001 0.546875 0.3734375000000001
0 0.6390625 0.4015625 0.5546875 0.4015625 0.5546875 0.4375 0.6390625 0.4375
0 0.6796875 0.2656250000000001 0.6390625 0.2656250000000001 0.6390625 0.40625 0.6796875 0.40625
0 0.25781250000000006 0.2890625 0.2265625 0.2890625 0.22656250000000006 0.3828125 0.2578125000000001 0.3828125
0 0.3078125 0.2046875 0.2359375 0.2046875 0.2359375 0.26875 0.3078125 0.26875
0 0.35625000000000007 0.2984375 0.346875 0.2984375 0.34687500000000004 0.3703125 0.35625000000000007 0.3703125
0 0.8625 0.2734375000000001 0.815625 0.2734375000000001 0.815625 0.3906250000000001 0.8625 0.3906250000000001
0 0.8078125 0.3921875000000001 0.7546875 0.3921875000000001 0.7546875 0.4312500000000002 0.8078125 0.4312500000000002
0 0.7609375 0.4000000000000001 0.715625 0.4 0.715625 0.4843750000000001 0.7609375 0.48437500000000017
0 0.7515625 0.4015625000000001 0.7234375 0.4015625 0.7234375 0.4375000000000001 0.7515625 0.43750000000000017
2 0.359375 0.2609375 0.3328125 0.2609375 0.3328125 0.29375 0.359375 0.29375
1 0.34375 0.2640625 0.3375 0.2640625 0.3375 0.278125 0.34375 0.278125
1 0.35 0.2640625 0.3453125 0.2640625 0.3453125 0.2796875 0.35 0.2796875
2 0.5296875 0.23593750000000008 0.5109375 0.23593750000000008 0.5109375 0.27031250000000007 0.5296875 0.27031250000000007
1 0.521875 0.25468750000000007 0.5109375 0.25468750000000007 0.5109375 0.2656250000000001 0.521875 0.2656250000000001
1 0.521875 0.24375000000000008 0.5125 0.24375000000000008 0.5125 0.2531250000000001 0.521875 0.2531250000000001
1 0.2796875000000001 0.5 0.2734375000000001 0.5 0.2734375000000001 0.5171875 0.2796875000000001 0.5171875
1 0.2890625000000001 0.5015625 0.2828125000000001 0.5015625 0.2828125000000001 0.51875 0.2890625000000001 0.51875
1 0.29375000000000007 0.5015625 0.2875000000000001 0.5015625 0.2875000000000001 0.5171875 0.29375000000000007 0.5171875
2 0.3203125000000001 0.403125 0.3000000000000001 0.403125 0.3000000000000001 0.440625 0.3203125000000001 0.440625
1 0.3203125000000001 0.41875 0.30937500000000007 0.41875 0.30937500000000007 0.43125 0.3203125000000001 0.43125
1 0.3218750000000001 0.409375 0.3109375000000001 0.409375 0.3109375000000001 0.4203125 0.3218750000000001 0.4203125
1 0.228125 0.2203125 0.221875 0.2203125 0.221875 0.234375 0.228125 0.234375
1 0.2328125 0.2140625 0.225 0.2140625 0.225 0.23125 0.2328125 0.23125
1 0.24375 0.2046875 0.2359375 0.2046875 0.2359375 0.2203125 0.24375 0.2203125
1 0.2484375 0.19843750000000004 0.240625 0.19843750000000004 0.240625 0.215625 0.2484375 0.215625
2 0.25 0.19531250000000006 0.2453125 0.19531250000000006 0.2453125 0.203125 0.25 0.203125
1 0.6 0.15781250000000008 0.5921875 0.15781250000000008 0.5921875 0.1781250000000001 0.6 0.1781250000000001
2 0.825 0.1281250000000001 0.7859375 0.1281250000000001 0.7859375 0.1687500000000001 0.825 0.1687500000000001
1 0.7984375 0.1312500000000001 0.7953125 0.1312500000000001 0.7953125 0.1437500000000001 0.7984375 0.1437500000000001
1 0.80625 0.1296875000000001 0.8 0.1296875000000001 0.8 0.1468750000000001 0.80625 0.1468750000000001
1 0.8140625 0.1296875000000001 0.8078125 0.1296875000000001 0.8078125 0.1468750000000001 0.8140625 0.1468750000000001
1 0.6015625 0.5890625 0.5921875 0.5890625 0.5921875 0.6109375 0.6015625 0.6109375
0 0.48750000000000016 0.790625 0.2968750000000001 0.790625 0.2968750000000001 0.840625 0.48750000000000016 0.840625
1 0.39531250000000007 0.7953125 0.3859375000000001 0.7953125 0.3859375000000001 0.815625 0.39531250000000007 0.815625
0 0.5406250000000001 0.7671875 0.4906250000000002 0.7671875 0.4906250000000002 0.8125 0.5406250000000001 0.8125
0 0.4781250000000002 0.765625 0.44843750000000016 0.765625 0.44843750000000016 0.8125 0.4781250000000002 0.8125
1 0.5265625000000002 0.784375 0.5218750000000002 0.784375 0.5218750000000002 0.7953125 0.5265625000000002 0.7953125