0 0.8078125 0.40312500000000007 0.21250000000000008 0.403125 0.21250000000000008 0.4156250000000001 0.8078125 0.4156250000000002
0 0.2093750000000001 0.4 0.15937500000000004 0.4 0.15937500000000004 0.4109375 0.2093750000000001 0.4109375
0 0.5921875 0.32031250000000006 0.215625 0.3203125 0.215625 0.3375 0.5921875 0.3375000000000001
0 0.803125 0.3187500000000001 0.5953125 0.3187500000000001 0.5953125 0.3375000000000001 0.803125 0.3375000000000001
0 0.846875 0.1531250000000001 0.8375 0.1531250000000001 0.8375 0.27812500000000007 0.846875 0.27812500000000007
0 1 0.3984375000000001 0.890625 0.3984375000000001 0.890625 0.4203125000000002 1 0.4203125000000002
1 0.3890625 0.28750000000000003 0.35625 0.2875 0.35625 0.321875 0.3890625 0.3218750000000001
1 0.49375 0.3734375000000001 0.459375 0.3734375000000001 0.459375 0.4 0.49375 0.4
1 0.7 0.2921875000000001 0.678125 0.2921875000000001 0.678125 0.3187500000000001 0.7 0.3187500000000001
1 0.76875 0.09687500000000009 0.7375 0.09687500000000009 0.7375 0.1312500000000001 0.76875 0.1312500000000001
1 0.809375 0.050000000000000086 0.7578125 0.050000000000000086 0.7578125 0.07968750000000009 0.809375 0.07968750000000009
1 0.05625000000000004 0.36875 0.025000000000000043 0.36875 0.025000000000000043 0.4046875 0.05625000000000004 0.4046875
1 0.08437500000000005 0.3703125 0.07031250000000004 0.3703125 0.07031250000000004 0.4046875 0.08437500000000005 0.4046875
1 0.13125000000000003 0.3703125 0.09687500000000004 0.3703125 0.09687500000000004 0.4046875 0.13125000000000003 0.4046875
1 0.1984375 2.1909696640995614e-17 0.159375 1.951780836141094e-17 0.159375 0.02343750000000002 0.1984375 0.02343750000000002
1 0.4703125 0.04218750000000006 0.446875 0.04218750000000006 0.446875 0.10156250000000004 0.4703125 0.10156250000000004
1 0.7078125 0.021875000000000085 0.6859375 0.021875000000000082 0.6859375 0.05312500000000009 0.7078125 0.05312500000000009