0 0.5859375 0.1671875000000001 0.553125 0.1671875000000001 0.553125 0.25468750000000007 0.5859375 0.25468750000000007
0 0.5515625 0.15000000000000008 0.4453125 0.15000000000000005 0.4453125 0.17968750000000006 0.5515625 0.17968750000000008
0 0.69375 0.2578125000000001 0.6203125 0.2578125000000001 0.6203125 0.3062500000000001 0.69375 0.3062500000000001
0 0.6265625 0.1687500000000001 0.6015625 0.1687500000000001 0.6015625 0.2562500000000001 0.6265625 0.2562500000000001
0 0.6828125 0.13437500000000008 0.628125 0.13437500000000008 0.628125 0.16562500000000008 0.6828125 0.16562500000000008
0 0.5546875 0.259375 0.35 0.259375 0.35 0.30312500000000003 0.5546875 0.3031250000000001
0 0.553125 0.26250000000000007 0.4015625 0.26250000000000007 0.4015625 0.3031250000000001 0.553125 0.3031250000000001
0 0.39375 0.26093750000000004 0.35 0.2609375 0.35 0.30156250000000007 0.39375 0.30156250000000007
0 0.4125 0.2593750000000001 0.375 0.2593750000000001 0.375 0.2906250000000001 0.4125 0.2906250000000001
1 0.29531250000000003 0.3578125 0.2890625 0.3578125 0.28906250000000006 0.378125 0.2953125000000001 0.378125
1 0.30468750000000006 0.35625 0.2953125 0.35625 0.29531250000000003 0.3796875 0.3046875000000001 0.3796875
1 0.28593750000000007 0.396875 0.2796875000000001 0.396875 0.2796875000000001 0.4171875 0.28593750000000007 0.4171875
1 0.2953125000000001 0.396875 0.28593750000000007 0.396875 0.28593750000000007 0.415625 0.2953125000000001 0.415625
1 0.28593750000000007 0.4328125 0.2812500000000001 0.4328125 0.2812500000000001 0.45625 0.28593750000000007 0.45625
1 0.2968750000000001 0.43125 0.28593750000000007 0.43125 0.28593750000000007 0.453125 0.2968750000000001 0.453125
1 0.28593750000000007 0.4734375 0.2812500000000001 0.4734375 0.2812500000000001 0.4921875 0.28593750000000007 0.4921875
1 0.2953125000000001 0.471875 0.2875000000000001 0.471875 0.2875000000000001 0.4921875 0.2953125000000001 0.4921875
1 0.2906250000000001 0.5078125 0.2796875000000001 0.5078125 0.2796875000000001 0.5296875 0.2906250000000001 0.5296875
1 0.2906250000000001 0.5484375 0.2812500000000001 0.5484375 0.2812500000000001 0.56875 0.2906250000000001 0.56875
1 0.3468750000000001 0.55 0.3343750000000001 0.55 0.3343750000000001 0.56875 0.3468750000000001 0.56875
1 0.34062500000000007 0.5109375 0.3343750000000001 0.5109375 0.3343750000000001 0.5296875 0.34062500000000007 0.5296875
1 0.3500000000000001 0.5109375 0.34062500000000007 0.5109375 0.34062500000000007 0.528125 0.3500000000000001 0.528125
1 0.34062500000000007 0.471875 0.3359375000000001 0.471875 0.3359375000000001 0.490625 0.34062500000000007 0.490625
1 0.34843750000000007 0.471875 0.3421875000000001 0.471875 0.3421875000000001 0.4921875 0.34843750000000007 0.4921875
1 0.34062500000000007 0.4359375 0.3359375000000001 0.4359375 0.3359375000000001 0.453125 0.34062500000000007 0.453125
1 0.3500000000000001 0.434375 0.34062500000000007 0.434375 0.34062500000000007 0.453125 0.3500000000000001 0.453125
1 0.34062500000000007 0.3984375 0.33281250000000007 0.3984375 0.33281250000000007 0.415625 0.34062500000000007 0.415625
1 0.3500000000000001 0.3953125 0.34062500000000007 0.3953125 0.34062500000000007 0.4171875 0.3500000000000001 0.4171875
1 0.35000000000000003 0.35625 0.3421875 0.35625 0.34218750000000003 0.3796875 0.3500000000000001 0.3796875
1 0.35937500000000006 0.35625 0.3484375 0.35625 0.34843750000000007 0.3796875 0.3593750000000001 0.3796875
1 0.4 0.546875 0.3906250000000001 0.546875 0.3906250000000001 0.56875 0.4 0.56875
1 0.39531250000000007 0.5125 0.3890625000000001 0.5125 0.3890625000000001 0.53125 0.39531250000000007 0.53125
1 0.4046875 0.5125 0.39531250000000007 0.5125 0.39531250000000007 0.53125 0.4046875 0.53125
1 0.39531250000000007 0.471875 0.38750000000000007 0.471875 0.38750000000000007 0.4921875 0.39531250000000007 0.4921875
1 0.403125 0.471875 0.39531250000000007 0.471875 0.39531250000000007 0.4921875 0.403125 0.4921875
1 0.39531250000000007 0.434375 0.38750000000000007 0.434375 0.38750000000000007 0.4546875 0.39531250000000007 0.4546875
1 0.4046875 0.434375 0.3968750000000001 0.434375 0.3968750000000001 0.4546875 0.4046875 0.4546875
1 0.39531250000000007 0.3968750000000001 0.3859375000000001 0.3968750000000001 0.3859375000000001 0.41875 0.39531250000000007 0.41875
1 0.403125 0.39531250000000007 0.39531250000000007 0.39531250000000007 0.39531250000000007 0.4171875 0.403125 0.4171875
1 0.403125 0.35625000000000007 0.3953125 0.35625000000000007 0.39531250000000007 0.37968750000000007 0.403125 0.37968750000000007
1 0.4125 0.35625000000000007 0.4046875 0.35625000000000007 0.4046875 0.37968750000000007 0.4125 0.37968750000000007
1 0.4578125 0.3546875000000001 0.45 0.3546875000000001 0.45 0.37968750000000007 0.4578125 0.37968750000000007
1 0.465625 0.3593750000000001 0.4578125 0.3593750000000001 0.4578125 0.3812500000000001 0.465625 0.3812500000000001
1 0.45 0.39531250000000007 0.440625 0.39531250000000007 0.440625 0.4171875 0.45 0.4171875
1 0.4578125 0.39531250000000007 0.45 0.39531250000000007 0.45 0.4171875 0.4578125 0.4171875
1 0.45 0.434375 0.4421875 0.434375 0.4421875 0.4546875 0.45 0.4546875
1 0.4578125 0.434375 0.45 0.434375 0.45 0.4546875 0.4578125 0.4546875
1 0.45 0.471875 0.4390625 0.471875 0.4390625 0.4921875 0.45 0.4921875
1 0.4578125 0.4734375 0.4484375 0.4734375 0.4484375 0.49375 0.4578125 0.49375
1 0.45 0.5109375 0.44375 0.5109375 0.44375 0.5296875 0.45 0.5296875
1 0.45625 0.509375 0.4484375 0.509375 0.4484375 0.528125 0.45625 0.528125
1 0.4484375 0.5484375 0.44375 0.5484375 0.44375 0.56875 0.4484375 0.56875
1 0.4578125 0.55 0.446875 0.55 0.446875 0.56875 0.4578125 0.56875
1 0.22812500000000008 0.6234375 0.2234375000000001 0.6234375 0.2234375000000001 0.6453125 0.22812500000000008 0.6453125
1 0.23593750000000008 0.6234375 0.2296875000000001 0.6234375 0.2296875000000001 0.6421875 0.23593750000000008 0.6421875
1 0.2453125000000001 0.621875 0.23593750000000008 0.621875 0.23593750000000008 0.6421875 0.2453125000000001 0.6421875
1 0.22812500000000008 0.646875 0.2218750000000001 0.646875 0.2218750000000001 0.665625 0.22812500000000008 0.665625
1 0.23593750000000008 0.6453125 0.2296875000000001 0.6453125 0.2296875000000001 0.6640625 0.23593750000000008 0.6640625
1 0.2453125000000001 0.646875 0.23593750000000008 0.646875 0.23593750000000008 0.6640625 0.2453125000000001 0.6640625
1 0.22656250000000008 0.66875 0.2218750000000001 0.66875 0.2218750000000001 0.6890625 0.22656250000000008 0.6890625
1 0.2375000000000001 0.6703125 0.22656250000000008 0.6703125 0.22656250000000008 0.6875 0.2375000000000001 0.6875
1 0.24375000000000008 0.66875 0.2375000000000001 0.66875 0.2375000000000001 0.6890625 0.24375000000000008 0.6890625
1 0.22812500000000008 0.696875 0.22031250000000008 0.696875 0.22031250000000008 0.7171875 0.22812500000000008 0.7171875
1 0.23593750000000008 0.6984375 0.22812500000000008 0.6984375 0.22812500000000008 0.7171875 0.23593750000000008 0.7171875
1 0.2453125000000001 0.6984375 0.23593750000000008 0.6984375 0.23593750000000008 0.71875 0.2453125000000001 0.71875
1 0.2296875000000001 0.7234375 0.22031250000000008 0.7234375 0.22031250000000008 0.7421875 0.2296875000000001 0.7421875
1 0.23593750000000008 0.7234375 0.22812500000000008 0.7234375 0.22812500000000008 0.7421875 0.23593750000000008 0.7421875
1 0.24375000000000008 0.721875 0.23593750000000008 0.721875 0.23593750000000008 0.740625 0.24375000000000008 0.740625
1 0.2375000000000001 0.746875 0.22812500000000008 0.746875 0.22812500000000008 0.7640625 0.2375000000000001 0.7640625
1 0.24375000000000008 0.746875 0.2375000000000001 0.746875 0.2375000000000001 0.7640625 0.24375000000000008 0.7640625
1 0.2296875000000001 0.7484375 0.22031250000000008 0.7484375 0.22031250000000008 0.7640625 0.2296875000000001 0.7640625
1 0.22812500000000008 0.7765625 0.22031250000000008 0.7765625 0.22031250000000008 0.79375 0.22812500000000008 0.79375
1 0.2375000000000001 0.775 0.22812500000000008 0.775 0.22812500000000008 0.79375 0.2375000000000001 0.79375
1 0.24375000000000008 0.7765625 0.2375000000000001 0.7765625 0.2375000000000001 0.79375 0.24375000000000008 0.79375
1 0.2296875000000001 0.7984375 0.22031250000000008 0.7984375 0.22031250000000008 0.8171875 0.2296875000000001 0.8171875
1 0.2296875000000001 0.8203125 0.22031250000000008 0.8203125 0.22031250000000008 0.8390625 0.2296875000000001 0.8390625
1 0.2375000000000001 0.8 0.22812500000000008 0.8 0.22812500000000008 0.8171875 0.2375000000000001 0.8171875
1 0.2453125000000001 0.7984375 0.23593750000000008 0.7984375 0.23593750000000008 0.815625 0.2453125000000001 0.815625
1 0.2453125000000001 0.81875 0.2375000000000001 0.81875 0.2375000000000001 0.840625 0.2453125000000001 0.840625
1 0.2375000000000001 0.8203125 0.22656250000000008 0.8203125 0.22656250000000008 0.840625 0.2375000000000001 0.840625