0 0.4515625 0.39687500000000003 0.3515625000000001 0.396875 0.3515625000000001 0.440625 0.4515625 0.440625
0 0.3078125000000001 0.43125 0.2750000000000001 0.43125 0.2750000000000001 0.5546875 0.3078125000000001 0.5546875
0 0.3515625000000001 0.565625 0.3078125000000001 0.565625 0.3078125000000001 0.6359375 0.3515625000000001 0.6359375
0 0.34062500000000007 0.3609375 0.309375 0.3609375 0.30937500000000007 0.415625 0.34062500000000007 0.415625
2 0.56875 0.409375 0.4828125 0.409375 0.4828125 0.446875 0.56875 0.446875
0 0.621875 0.4453125 0.5859375 0.4453125 0.5859375 0.5359375 0.621875 0.5359375
0 0.609375 0.5390625 0.5796875 0.5390625 0.5796875 0.5734375 0.609375 0.5734375
0 0.584375 0.565625 0.3437500000000001 0.565625 0.3437500000000001 0.6328125 0.584375 0.6328125
0 0.5875 0.5359375 0.4546875 0.5359375 0.4546875 0.60625 0.5875 0.60625
0 0.578125 0.5359375 0.5078125 0.5359375 0.5078125 0.571875 0.578125 0.571875
2 0.4609375 0.3609375000000001 0.3734375 0.3609375000000001 0.37343750000000003 0.4046875 0.4609375 0.4046875
2 0.3671875 0.34843750000000007 0.3578125 0.3484375 0.3578125 0.35937500000000006 0.3671875 0.3593750000000001
1 0.35468750000000004 0.346875 0.3421875 0.346875 0.34218750000000003 0.3671875 0.3546875000000001 0.3671875
1 0.34375 0.340625 0.334375 0.340625 0.334375 0.3625 0.34375 0.3625
1 0.3140625 0.334375 0.30625 0.334375 0.30625 0.35625 0.3140625 0.35625
1 0.3265625 0.3375 0.3140625 0.3375 0.3140625 0.3578125 0.3265625 0.3578125
1 0.4515625 0.3750000000000001 0.440625 0.3750000000000001 0.440625 0.3984375000000001 0.4515625 0.3984375000000001
1 0.4375 0.3734375000000001 0.425 0.3734375000000001 0.425 0.4 0.4375 0.4
1 0.5625 0.4203125 0.55 0.4203125 0.55 0.4453125 0.5625 0.4453125
1 0.546875 0.4203125 0.534375 0.4203125 0.534375 0.446875 0.546875 0.446875
1 0.546875 0.5453125 0.5390625 0.5453125 0.5390625 0.5640625 0.546875 0.5640625
1 0.559375 0.54375 0.5484375 0.54375 0.5484375 0.565625 0.559375 0.565625
1 0.6125 0.4890625 0.6015625 0.4890625 0.6015625 0.496875 0.6125 0.496875
1 0.6140625 0.4765625 0.6015625 0.4765625 0.6015625 0.4875 0.6140625 0.4875
2 0.5734375 0.54375 0.5625 0.54375 0.5625 0.55625 0.5734375 0.55625
1 0.3296875000000001 0.6640625 0.3187500000000001 0.6640625 0.3187500000000001 0.6859375 0.3296875000000001 0.6859375
1 0.3437500000000001 0.6640625 0.33281250000000007 0.6640625 0.33281250000000007 0.6859375 0.3437500000000001 0.6859375
2 0.3515625000000001 0.6625 0.3437500000000001 0.6625 0.3437500000000001 0.684375 0.3515625000000001 0.684375
2 0.33281250000000007 0.5953125 0.3218750000000001 0.5953125 0.3218750000000001 0.6234375 0.33281250000000007 0.6234375
2 0.3781250000000001 0.5375 0.3515625000000001 0.5375 0.3515625000000001 0.571875 0.3781250000000001 0.571875
0 0.4109375 0.453125 0.403125 0.453125 0.403125 0.53125 0.4109375 0.53125
0 0.7859375 0.4156250000000002 0.7546875 0.4156250000000002 0.7546875 0.5640625000000001 0.7859375 0.5640625000000001
0 0.7578125 0.5640625000000001 0.6609375 0.5640625 0.6609375 0.6156250000000001 0.7578125 0.6156250000000002
1 0.27812500000000007 0.478125 0.26250000000000007 0.478125 0.26250000000000007 0.5 0.27812500000000007 0.5