1 0.2015625 0.017187500000000022 0.1703125 0.017187500000000022 0.1703125 0.04687500000000002 0.2015625 0.04687500000000002
0 0.3359375 0.05000000000000003 0.2296875 0.050000000000000024 0.2296875 0.06562500000000003 0.3359375 0.06562500000000004
1 0.2578125 0.01562500000000003 0.240625 0.015625000000000028 0.240625 0.050000000000000024 0.2578125 0.050000000000000024
1 0.2859375 0.018750000000000034 0.2609375 0.018750000000000034 0.2609375 0.048437500000000036 0.2859375 0.048437500000000036
0 0.1578125 0.015625000000000014 0.1015625 0.01562500000000001 0.1015625 0.05468750000000002 0.1578125 0.05468750000000002
1 0.1421875 1.6264840301175787e-17 0.1234375 1.511673392697514e-17 0.1234375 0.012500000000000016 0.1421875 0.012500000000000016
1 0.09531250000000002 0.09375000000000001 0.07343750000000002 0.09375 0.07343750000000002 0.128125 0.09531250000000002 0.128125
0 0.3109375 0.253125 0.14843750000000006 0.253125 0.14843750000000006 0.2671875 0.3109375 0.2671875
1 0.2421875 0.225 0.21875 0.225 0.21875 0.253125 0.2421875 0.253125
1 0.2703125 0.17187500000000006 0.2484375 0.17187500000000006 0.2484375 0.19843750000000004 0.2703125 0.19843750000000004
0 0.14843750000000006 0.2515625 0.09843750000000002 0.2515625 0.09843750000000002 0.2671875 0.14843750000000006 0.2671875
1 0.14375000000000004 0.228125 0.12968750000000004 0.228125 0.12968750000000004 0.25625 0.14375000000000004 0.25625
0 0.44375 0.2562500000000001 0.3796875 0.2562500000000001 0.3796875 0.2656250000000001 0.44375 0.2656250000000001
1 0.4296875 0.21875000000000008 0.4046875 0.21875000000000008 0.4046875 0.2531250000000001 0.4296875 0.2531250000000001
1 0.4828125 0.08750000000000006 0.4625 0.08750000000000006 0.4625 0.13750000000000004 0.4828125 0.13750000000000004
2 0.48125 0.13437500000000005 0.465625 0.13437500000000005 0.465625 0.15468750000000003 0.48125 0.15468750000000003
2 0.2812500000000001 0.765625 0.2671875000000001 0.765625 0.2671875000000001 0.79375 0.2812500000000001 0.79375
2 0.1140625000000001 0.809375 0.0984375000000001 0.809375 0.0984375000000001 0.8359375 0.1140625000000001 0.8359375
2 0.8453125 0.13281250000000008 0.825 0.13281250000000008 0.825 0.1593750000000001 0.8453125 0.1593750000000001
2 0.96875 0.12343750000000013 0.953125 0.12343750000000013 0.953125 0.14843750000000014 0.96875 0.14843750000000014
0 0.9859375 0.06250000000000011 0.971875 0.06250000000000011 0.971875 0.18125000000000013 0.9859375 0.18125000000000013
2 1 0.12031250000000013 0.98125 0.12031250000000013 0.98125 0.14375000000000013 1 0.14375000000000013
1 0.10312500000000005 0.3375 0.04687500000000004 0.3375 0.04687500000000004 0.3734375 0.10312500000000005 0.3734375
1 0.050000000000000044 0.384375 0.03750000000000005 0.384375 0.03750000000000005 0.4140625 0.050000000000000044 0.4140625
0 0.3218750000000001 0.56875 0.1625000000000001 0.56875 0.1625000000000001 0.584375 0.3218750000000001 0.584375
1 0.25468750000000007 0.5375 0.22812500000000008 0.5375 0.22812500000000008 0.565625 0.25468750000000007 0.565625
0 0.3218750000000001 0.521875 0.2218750000000001 0.521875 0.2218750000000001 0.5375 0.3218750000000001 0.5375
1 0.2828125000000001 0.4921875 0.2578125000000001 0.4921875 0.2578125000000001 0.5203125 0.2828125000000001 0.5203125
0 0.1609375000000001 0.5671875 0.11562500000000009 0.5671875 0.11562500000000009 0.58125 0.1609375000000001 0.58125
1 0.14531250000000007 0.534375 0.12656250000000005 0.534375 0.12656250000000008 0.56875 0.1453125000000001 0.56875
1 0.36406250000000007 0.6890625 0.3312500000000001 0.6890625 0.3312500000000001 0.721875 0.36406250000000007 0.721875
1 0.3109375000000001 0.7671875 0.2796875000000001 0.7671875 0.2796875000000001 0.7953125 0.3109375000000001 0.7953125
1 0.17812500000000014 0.9171875 0.15312500000000012 0.9171875 0.15312500000000012 0.95625 0.17812500000000014 0.95625
1 0.4125000000000002 0.915625 0.3906250000000001 0.915625 0.3906250000000001 0.940625 0.4125000000000002 0.940625
1 0.715625 0.446875 0.6921875 0.446875 0.6921875 0.4859375 0.715625 0.4859375
1 0.528125 0.490625 0.4984375 0.490625 0.4984375 0.528125 0.528125 0.528125
1 0.7140625 0.6328125 0.6609375 0.6328125 0.6609375 0.6640625 0.7140625 0.6640625
0 0.8140625 0.2218750000000001 0.7484375 0.2218750000000001 0.7484375 0.2375000000000001 0.8140625 0.2375000000000001
2 0.578125 0.1296875000000001 0.55625 0.1296875000000001 0.55625 0.1515625000000001 0.578125 0.1515625000000001
1 0.58125 0.09375000000000007 0.559375 0.09375000000000007 0.559375 0.13281250000000008 0.58125 0.13281250000000008
1 0.6390625 7.606204729079264e-17 0.603125 7.386151007357474e-17 0.603125 0.018750000000000076 0.6390625 0.01875000000000008
1 0.35 0.17968750000000006 0.3265625 0.17968750000000006 0.3265625 0.2390625 0.35 0.2390625
1 0.796875 0.1921875000000001 0.7703125 0.1921875000000001 0.7703125 0.2218750000000001 0.796875 0.2218750000000001
1 0.971875 0.09843750000000011 0.953125 0.09843750000000011 0.953125 0.12812500000000013 0.971875 0.12812500000000013
1 0.8484375 0.0875000000000001 0.8234375 0.0875000000000001 0.8234375 0.1390625000000001 0.8484375 0.1390625000000001
1 1 0.10312500000000013 0.984375 0.10312500000000013 0.984375 0.12812500000000013 1 0.12812500000000013
1 0.81875 0.43750000000000017 0.796875 0.43750000000000017 0.796875 0.4734375000000002 0.81875 0.4734375000000002
1 1 0.6265625000000001 0.9703125 0.6265625000000001 0.9703125 0.6593750000000002 1 0.6593750000000002
1 0.08906250000000007 0.5046875 0.06250000000000007 0.5046875 0.06250000000000007 0.5984375 0.08906250000000007 0.5984375
1 0.1281250000000001 0.809375 0.10937500000000008 0.809375 0.10937500000000008 0.8390625 0.1281250000000001 0.8390625
0 0.3734375000000001 0.8421875 0.32500000000000007 0.8421875 0.32500000000000007 0.8515625 0.3734375000000001 0.8515625
1 0.3656250000000001 0.8125 0.3312500000000001 0.8125 0.3312500000000001 0.8421875 0.3656250000000001 0.8421875
1 0.34843750000000007 0.5078125 0.32500000000000007 0.5078125 0.32500000000000007 0.590625 0.34843750000000007 0.590625
2 0.19062500000000004 0.453125 0.17187500000000006 0.453125 0.17187500000000006 0.478125 0.19062500000000004 0.478125
1 0.19375000000000003 0.434375 0.17031250000000003 0.434375 0.17031250000000003 0.4578125 0.19375000000000003 0.4578125
0 0.3609375000000001 0.425 0.3453125000000001 0.425 0.3453125000000001 0.4796875 0.3609375000000001 0.4796875
0 0.09843750000000005 0.4265625 0.08906250000000004 0.4265625 0.08906250000000006 0.4796875 0.09843750000000007 0.4796875
0 0.5375 0.3890625000000001 0.521875 0.3890625000000001 0.521875 0.6203125 0.5375 0.6203125
0 0.725 0.38750000000000007 0.7125 0.38750000000000007 0.7125 0.5453125 0.725 0.5453125
0 0.6453125 0.6578125 0.6 0.6578125 0.6 0.675 0.6453125 0.675
0 0.8328125 0.3906250000000001 0.8171875 0.3906250000000001 0.8171875 0.5328125000000001 0.8328125 0.5328125000000001
0 0.859375 0.07343750000000011 0.846875 0.07343750000000011 0.846875 0.1750000000000001 0.859375 0.1750000000000001
0 0.3671875000000001 0.7921875 0.3265625000000001 0.7921875 0.3265625000000001 0.809375 0.3671875000000001 0.809375
0 0.18593750000000012 0.890625 0.1750000000000001 0.890625 0.1750000000000001 0.978125 0.18593750000000014 0.978125
0 0.103125 0.08281250000000002 0.0921875 0.08281250000000002 0.0921875 0.1640625 0.103125 0.1640625
0 0.3609375 0.09218750000000005 0.3453125 0.09218750000000005 0.3453125 0.15312500000000004 0.3609375 0.15312500000000004
0 0.65 0.22031250000000008 0.609375 0.22031250000000008 0.609375 0.23437500000000008 0.65 0.23437500000000008