0 0.3828125000000001 0.37187500000000007 0.37187500000000007 0.37187500000000007 0.37187500000000007 0.53125 0.3828125000000001 0.53125
0 0.38281250000000006 0.28593750000000007 0.3703125 0.28593750000000007 0.37031250000000004 0.3671875000000001 0.3828125000000001 0.3671875000000001
0 0.3859375 0.18750000000000006 0.3734375 0.18750000000000006 0.3734375 0.2593750000000001 0.3859375 0.2593750000000001
0 0.3859375 0.12343750000000005 0.371875 0.12343750000000005 0.371875 0.15625000000000006 0.3859375 0.15625000000000006
0 0.3828125000000001 0.6734375 0.37187500000000007 0.6734375 0.37187500000000007 0.884375 0.3828125000000001 0.884375
1 0.3750000000000001 0.765625 0.3546875000000001 0.765625 0.3546875000000001 0.7984375 0.3750000000000001 0.7984375
0 0.5734375 0.11562500000000006 0.5171875 0.11562500000000005 0.5171875 0.13125000000000006 0.5734375 0.1312500000000001
1 0.5578125 0.09218750000000006 0.5234375 0.09218750000000006 0.5234375 0.12187500000000007 0.5578125 0.1218750000000001
0 0.6171875000000002 0.9328125 0.4812500000000002 0.9328125 0.4812500000000002 0.9484375 0.6171875000000002 0.9484375
0 0.7359375 0.1609375000000001 0.725 0.1609375000000001 0.725 0.5328125000000001 0.7359375 0.5328125000000001
0 0.578125 0.06250000000000007 0.5140625 0.06250000000000007 0.5140625 0.07656250000000006 0.578125 0.07656250000000006
0 0.5765625 0.2218750000000001 0.546875 0.2218750000000001 0.546875 0.2296875000000001 0.5765625 0.2296875000000001
0 0.6125 0.2171875000000001 0.58125 0.2171875000000001 0.58125 0.22812500000000008 0.6125 0.22812500000000008