0 0.2593750000000001 0.40625 0.18281250000000004 0.40625 0.18281250000000007 0.571875 0.2593750000000001 0.571875
0 0.2562500000000001 0.40625 0.17968750000000006 0.40625 0.17968750000000006 0.4625 0.2562500000000001 0.4625
0 0.2562500000000001 0.515625 0.18125000000000005 0.515625 0.18125000000000008 0.5734375 0.2562500000000001 0.5734375
0 0.18281250000000007 0.5296875 0.0015625000000000645 0.5296875 0.0015625000000000738 0.6796875 0.1828125000000001 0.6796875
0 0.18281250000000007 0.528125 0.05468750000000007 0.528125 0.05468750000000007 0.609375 0.1828125000000001 0.609375
0 0.36406250000000007 0.546875 0.2843750000000001 0.546875 0.2843750000000001 0.6703125 0.36406250000000007 0.6703125
0 0.440625 0.4296875 0.3625000000000001 0.4296875 0.3625000000000001 0.55 0.440625 0.55
0 0.7015625 0.553125 0.525 0.553125 0.525 0.6359375 0.7015625 0.6359375
0 0.6953125 0.5265625 0.646875 0.5265625 0.646875 0.571875 0.6953125 0.571875
0 0.7640625 0.5281250000000001 0.6984375 0.528125 0.6984375 0.5718750000000001 0.7640625 0.5718750000000001
0 0.9078125 0.5531250000000002 0.840625 0.5531250000000002 0.840625 0.6296875000000002 0.9078125 0.6296875000000002
0 0.8328125 0.5515625000000002 0.7953125 0.5515625000000002 0.7953125 0.6312500000000002 0.8328125 0.6312500000000002
1 0.759375 0.5296875000000002 0.7515625 0.5296875000000002 0.7515625 0.5546875000000002 0.759375 0.5546875000000002
1 0.628125 0.58125 0.6203125 0.58125 0.6203125 0.6125 0.628125 0.6125
1 0.9015625 0.5843750000000002 0.8875 0.5843750000000002 0.8875 0.6140625000000002 0.9015625 0.6140625000000002
1 0.7140625 0.3078125000000001 0.696875 0.3078125000000001 0.696875 0.3453125000000001 0.7140625 0.3453125000000001
1 0.296875 0.3109375 0.2828125 0.3109375 0.2828125 0.346875 0.296875 0.346875