0 0.878125 0.30156250000000007 0.58125 0.30156250000000007 0.58125 0.3828125000000001 0.878125 0.3828125000000001
0 0.4796875 0.054687500000000056 0.321875 0.05468750000000004 0.321875 0.20156250000000003 0.4796875 0.2015625000000001
0 0.3203125000000001 0.6234375 0.2093750000000001 0.6234375 0.2093750000000001 0.734375 0.3203125000000001 0.734375
0 0.58125 0.721875 0.5109375 0.721875 0.5109375 0.7546875 0.5812500000000002 0.7546875
0 0.7093750000000001 0.71875 0.5859375 0.71875 0.5859375000000001 0.76875 0.7093750000000002 0.76875
0 0.6250000000000002 0.8140625 0.5921875000000002 0.8140625 0.5921875000000002 0.99375 0.6250000000000002 0.99375
0 0.8828125 0.7453125000000002 0.821875 0.7453125000000002 0.821875 1 0.8828125 1
0 0.3843750000000001 0.7484375 0.3234375000000001 0.7484375 0.3234375000000001 0.8125 0.3843750000000001 0.8125
0 0.2484375000000001 0.76875 0.18125000000000008 0.76875 0.1812500000000001 0.996875 0.2484375000000001 0.996875
1 0.3390625000000001 0.5828125 0.31718750000000007 0.5828125 0.31718750000000007 0.621875 0.3390625000000001 0.621875
1 0.3531250000000001 0.58125 0.3359375000000001 0.58125 0.3359375000000001 0.6171875 0.3531250000000001 0.6171875
0 0.4031250000000002 0.8359375 0.2656250000000001 0.8359375 0.2656250000000001 0.8953125 0.4031250000000002 0.8953125
1 0.3859375000000001 0.8484375 0.3671875000000001 0.8484375 0.3671875000000001 0.8796875 0.3859375000000001 0.8796875
1 0.3671875000000001 0.84375 0.3531250000000001 0.84375 0.3531250000000001 0.871875 0.3671875000000001 0.871875
1 0.22031250000000008 0.875 0.1984375000000001 0.875 0.1984375000000001 0.909375 0.22031250000000008 0.909375
1 0.2812500000000001 0.9171875 0.2640625000000001 0.9171875 0.2640625000000001 0.95625 0.2812500000000001 0.95625
1 0.6734375000000001 0.696875 0.6609375 0.696875 0.6609375000000001 0.7265625 0.6734375000000001 0.7265625
1 0.6937500000000001 0.69375 0.6734375 0.69375 0.6734375000000001 0.7296875 0.6937500000000002 0.7296875
1 0.5140625 0.4625 0.4921875 0.4625 0.4921875 0.5015625 0.5140625 0.5015625
2 0.709375 0.690625 0.69375 0.690625 0.69375 0.7140625 0.709375 0.7140625
2 0.3656250000000001 0.5828125 0.3531250000000001 0.5828125 0.3531250000000001 0.6 0.3656250000000001 0.6
1 0.4640625 0.503125 0.4421875 0.503125 0.4421875 0.5359375 0.4640625 0.5359375
1 0.6484375 0.5015625 0.61875 0.5015625 0.61875 0.5546875 0.6484375 0.5546875
1 0.49375 0.29375000000000007 0.4734375 0.29375000000000007 0.4734375 0.3281250000000001 0.49375 0.3281250000000001
1 0.3984375 0.2828125000000001 0.3734375 0.2828125000000001 0.3734375 0.3203125000000001 0.3984375 0.3203125000000001
1 0.409375 0.4796875 0.38750000000000007 0.4796875 0.38750000000000007 0.5140625 0.409375 0.5140625
0 0.3890625 0.18125000000000005 0.221875 0.18125000000000005 0.221875 0.24687500000000004 0.3890625 0.2468750000000001
0 0.3140625000000001 0.771875 0.2609375000000001 0.771875 0.2609375000000001 0.80625 0.3140625000000001 0.80625
0 0.6328125 7.606204729079264e-17 0.609375 7.462691432304184e-17 0.609375 0.05468750000000007 0.6328125 0.05468750000000007
1 0.4484375 0.2375000000000001 0.4265625 0.2375000000000001 0.4265625 0.2734375000000001 0.4484375 0.2734375000000001