1 0.19062500000000002 0.1609375 0.1671875 0.1609375 0.16718750000000002 0.1921875 0.19062500000000004 0.19218750000000004
1 0.06406250000000002 0.153125 0.04062500000000002 0.153125 0.04062500000000002 0.1921875 0.06406250000000002 0.1921875
1 0.059375000000000046 0.29375 0.039062500000000035 0.29375 0.03906250000000004 0.31875 0.059375000000000046 0.31875
1 0.12343750000000005 0.4140625 0.10312500000000005 0.4140625 0.10312500000000005 0.4453125 0.12343750000000005 0.4453125
0 0.578125 0.4828125 0.09062500000000007 0.4828125 0.09062500000000007 0.4953125 0.578125 0.4953125
1 0.3531250000000001 0.45625 0.3187500000000001 0.45625 0.3187500000000001 0.4796875 0.3531250000000001 0.4796875
0 0.578125 0.4140625 0.43125 0.4140625 0.43125 0.425 0.578125 0.425
1 0.5140625 0.3843750000000001 0.4890625 0.3843750000000001 0.4890625 0.4109375 0.5140625 0.4109375
1 0.7296875 0.45000000000000007 0.7078125 0.45 0.7078125 0.48125000000000007 0.7296875 0.4812500000000002
2 0.7921875 0.1625000000000001 0.775 0.1625000000000001 0.775 0.18750000000000008 0.7921875 0.18750000000000008
1 0.8109375 0.16406250000000008 0.7890625 0.16406250000000008 0.7890625 0.18750000000000008 0.8109375 0.18750000000000008
1 0.6125 0.11718750000000008 0.584375 0.11718750000000008 0.584375 0.20312500000000008 0.6125 0.20312500000000008
0 0.1765625 0.09218750000000002 0.1265625 0.09218750000000002 0.1265625 0.1140625 0.1765625 0.1140625
0 0.06718750000000004 0.24375 0.059375000000000025 0.24375 0.05937500000000003 0.3890625 0.06718750000000004 0.3890625
0 0.1296875 0.1734375 0.05468750000000002 0.1734375 0.05468750000000002 0.2234375 0.12968750000000004 0.2234375
0 0.2203125 0.19062500000000002 0.13281250000000006 0.190625 0.13281250000000006 0.203125 0.2203125 0.203125
0 0.22031250000000008 0.36875 0.13593750000000004 0.36875 0.13593750000000004 0.4453125 0.22031250000000008 0.4453125
0 0.17812500000000003 0.5265625 0.12187500000000004 0.5265625 0.12187500000000004 0.5421875 0.17812500000000003 0.5421875
0 0.6171875 0.2656250000000001 0.6078125 0.2656250000000001 0.6078125 0.3656250000000001 0.6171875 0.3656250000000001
0 0.76875 0.4843750000000001 0.6703125 0.484375 0.6703125 0.4937500000000001 0.76875 0.4937500000000002
0 0.13437500000000005 0.4453125 0.08906250000000004 0.4453125 0.08906250000000006 0.4578125 0.13437500000000005 0.4578125
0 0.975 0.4203125000000002 0.90625 0.4203125000000002 0.90625 0.4390625000000002 0.975 0.4390625000000002
1 0.9546875 0.3968750000000001 0.9234375 0.3968750000000001 0.9234375 0.42500000000000016 0.9546875 0.42500000000000016