0 0.7890625 0.07031250000000008 0.7453125 0.07031250000000008 0.7453125 0.3031250000000001 0.7890625 0.3031250000000001
0 0.91875 0.29375000000000007 0.7859375 0.29375000000000007 0.7859375 0.4078125000000002 0.91875 0.4078125000000002
0 1 0.2578125000000001 0.9046875 0.2578125000000001 0.9046875 0.4125000000000002 1 0.4125000000000002
0 1 1.1538469060716468e-16 0.884375 1.0830470129959405e-16 0.884375 0.08125000000000013 1 0.08125000000000013
0 0.9140625 0.014062500000000108 0.8453125 0.014062500000000106 0.8453125 0.0718750000000001 0.9140625 0.0718750000000001
0 0.9734375 0.04531250000000012 0.9078125 0.04531250000000011 0.9078125 0.11093750000000013 0.9734375 0.11093750000000013
0 0.9171875 0.2968750000000001 0.8578125 0.2968750000000001 0.8578125 0.3546875000000001 0.9171875 0.3546875000000001
0 0.8890625 0.8453125 0.7312500000000002 0.8453125 0.7312500000000002 0.9484375 0.8890625 0.9484375
0 0.8921875 0.84375 0.8171875 0.84375 0.8171875 0.9015625 0.8921875 0.9015625
0 1 0.80625 0.878125 0.80625 0.878125 0.94375 1 0.94375
0 0.7343750000000001 0.5562500000000001 0.6734375 0.55625 0.6734375000000001 0.9578125 0.7343750000000002 0.9578125
0 0.7328125000000001 0.6703125000000001 0.6921875 0.6703125 0.6921875000000001 0.8453125 0.7328125000000002 0.8453125
0 0.8921875 0.6250000000000002 0.859375 0.6250000000000002 0.859375 0.6937500000000002 0.8921875 0.6937500000000002
0 0.834375 0.5578125 0.6859375 0.5578125 0.6859375 0.6718750000000001 0.834375 0.6718750000000002
0 0.8390625 0.84375 0.6796875000000002 0.84375 0.6796875000000002 0.95625 0.8390625 0.95625
0 0.9125 0.6156250000000002 0.8953125 0.6156250000000002 0.8953125 0.6421875000000001 0.9125 0.6421875000000001
1 0.36875 0.18437500000000004 0.3578125 0.18437500000000004 0.3578125 0.20625000000000004 0.36875 0.2062500000000001
1 0.35625 0.18281250000000004 0.346875 0.18281250000000004 0.346875 0.20625 0.35625 0.20625
1 0.3453125 0.18125000000000005 0.3359375 0.18125000000000005 0.3359375 0.20625 0.3453125 0.20625
1 0.3359375 0.18437500000000004 0.325 0.18437500000000004 0.325 0.20625 0.3359375 0.20625
1 0.3390625 0.15156250000000004 0.325 0.15156250000000004 0.325 0.17812500000000003 0.3390625 0.17812500000000003
1 0.3484375 0.15312500000000004 0.3375 0.15312500000000004 0.3375 0.17656250000000004 0.3484375 0.17656250000000004
1 0.3609375 0.15312500000000004 0.3484375 0.15312500000000004 0.3484375 0.17656250000000004 0.3609375 0.17656250000000004
1 0.36875 0.15156250000000004 0.3609375 0.15156250000000004 0.3609375 0.17812500000000003 0.36875 0.17812500000000003
1 0.384375 0.15312500000000004 0.3734375 0.15312500000000004 0.3734375 0.17656250000000004 0.384375 0.17656250000000004
1 0.353125 0.11875000000000005 0.3375 0.11875000000000005 0.3375 0.14375000000000004 0.353125 0.14375000000000004
1 0.3390625 0.12031250000000004 0.3234375 0.12031250000000004 0.3234375 0.14375000000000004 0.3390625 0.14375000000000004
1 0.36875 0.12187500000000004 0.3546875 0.12187500000000004 0.3546875 0.14375000000000004 0.36875 0.14375000000000004
1 0.38125 0.12031250000000004 0.36875 0.12031250000000004 0.36875 0.14531250000000004 0.38125 0.14531250000000004
1 0.4015625 0.12031250000000004 0.3875 0.12031250000000004 0.3875 0.14375000000000004 0.4015625 0.14375000000000004
1 0.9265625 0.6187500000000001 0.9171875 0.6187500000000001 0.9171875 0.6390625000000002 0.9265625 0.6390625000000002
1 0.940625 0.6187500000000001 0.93125 0.6187500000000001 0.93125 0.6375000000000002 0.940625 0.6375000000000002
1 0.9484375 0.6171875000000002 0.940625 0.6171875000000002 0.940625 0.6375000000000002 0.9484375 0.6375000000000002
1 0.9875 0.3671875000000001 0.9796875 0.3671875000000001 0.9796875 0.3859375000000001 0.9875 0.3859375000000001
1 0.8640625 0.3671875000000001 0.8515625 0.3671875000000001 0.8515625 0.3859375000000001 0.8640625 0.3859375000000001
1 0.89375 0.31718750000000007 0.8859375 0.31718750000000007 0.8859375 0.3390625000000001 0.89375 0.3390625000000001
1 0.759375 0.1750000000000001 0.740625 0.1750000000000001 0.740625 0.1843750000000001 0.759375 0.1843750000000001
1 0.75625 0.1593750000000001 0.7421875 0.1593750000000001 0.7421875 0.1750000000000001 0.75625 0.1750000000000001
1 0.8875 0.009375000000000107 0.871875 0.009375000000000105 0.871875 0.03593750000000011 0.8875 0.03593750000000011
1 0.9609375 0.043750000000000115 0.9484375 0.04375000000000011 0.9484375 0.06250000000000011 0.9609375 0.06250000000000011
1 0.96875 0.05312500000000011 0.9609375 0.05312500000000011 0.9609375 0.0718750000000001 0.96875 0.0718750000000001
1 0.9171875 0.06718750000000011 0.903125 0.06718750000000011 0.903125 0.08437500000000012 0.9171875 0.08437500000000012
1 0.98125 1.1940306291686693e-16 0.96875 1.1863765866739982e-16 0.96875 0.0046875000000001195 0.98125 0.00468750000000012
1 0.7031250000000002 0.75625 0.6906250000000002 0.75625 0.6906250000000002 0.7640625 0.7031250000000002 0.7640625
1 0.7031250000000002 0.740625 0.6906250000000002 0.740625 0.6906250000000002 0.7546875 0.7031250000000002 0.7546875
1 0.81875 0.9125 0.809375 0.9125 0.809375 0.9296875 0.81875 0.9296875
1 0.859375 0.865625 0.853125 0.865625 0.853125 0.8859375 0.859375 0.8859375
1 0.8734375 0.828125 0.8640625 0.828125 0.8640625 0.8484375 0.8734375 0.8484375
1 0.8828125 0.965625 0.8703125 0.965625 0.8703125 0.9859375 0.8828125 0.9859375