0 0.7015625 0.434375 0.653125 0.434375 0.653125 0.590625 0.7015625 0.590625
0 0.65625 0.590625 0.5609375 0.590625 0.5609375 0.6828125 0.65625 0.6828125
0 0.5515625 0.4609375 0.5046875 0.4609375 0.5046875 0.559375 0.5515625 0.559375
0 0.5140625 0.5890625 0.2093750000000001 0.5890625 0.2093750000000001 0.678125 0.5140625 0.678125
0 0.5078125 0.5578125 0.37187500000000007 0.5578125 0.37187500000000007 0.6265625 0.5078125 0.6265625
0 0.2500000000000001 0.5703125 0.2078125000000001 0.5703125 0.2078125000000001 0.678125 0.2500000000000001 0.678125
0 0.509375 0.590625 0.2812500000000001 0.590625 0.2812500000000001 0.684375 0.509375 0.684375
0 0.3437500000000001 0.4671875 0.3359375000000001 0.4671875 0.3359375000000001 0.5546875 0.3437500000000001 0.5546875
0 0.2453125000000001 0.459375 0.21250000000000008 0.459375 0.21250000000000008 0.5578125 0.2453125000000001 0.5578125
0 0.36406250000000007 0.38593750000000004 0.2875000000000001 0.3859375 0.2875000000000001 0.4625 0.36406250000000007 0.4625
0 0.30156250000000007 0.359375 0.2046875 0.359375 0.20468750000000005 0.43125 0.30156250000000007 0.43125
1 0.521875 0.434375 0.515625 0.434375 0.515625 0.4484375 0.521875 0.4484375
1 0.528125 0.4359375 0.521875 0.4359375 0.521875 0.4484375 0.528125 0.4484375
1 0.5125 0.434375 0.5046875 0.434375 0.5046875 0.446875 0.5125 0.446875
1 0.3234375000000001 0.434375 0.3187500000000001 0.434375 0.3187500000000001 0.4484375 0.3234375000000001 0.4484375
1 0.3296875000000001 0.4359375 0.32500000000000007 0.4359375 0.32500000000000007 0.4484375 0.3296875000000001 0.4484375
1 0.3359375000000001 0.4953125 0.3281250000000001 0.4953125 0.3281250000000001 0.5 0.3359375000000001 0.5
1 0.2234375000000001 0.496875 0.2140625000000001 0.496875 0.2140625000000001 0.503125 0.2234375000000001 0.503125
1 0.3078125000000001 0.6265625 0.2984375000000001 0.6265625 0.2984375000000001 0.6359375 0.3078125000000001 0.6359375
1 0.30937500000000007 0.6140625 0.2984375000000001 0.6140625 0.2984375000000001 0.625 0.30937500000000007 0.625
2 0.2453125000000001 0.6875 0.2390625000000001 0.6875 0.2390625000000001 0.7109375 0.2453125000000001 0.7109375
1 0.25468750000000007 0.6859375 0.2453125000000001 0.6859375 0.2453125000000001 0.7046875 0.25468750000000007 0.7046875
1 0.2687500000000001 0.6875 0.2578125000000001 0.6875 0.2578125000000001 0.70625 0.2687500000000001 0.70625
1 0.3000000000000001 0.6875 0.2906250000000001 0.6875 0.2906250000000001 0.70625 0.3000000000000001 0.70625
1 0.3125000000000001 0.6859375 0.3046875000000001 0.6859375 0.3046875000000001 0.7078125 0.3125000000000001 0.7078125
1 0.3218750000000001 0.6859375 0.3125000000000001 0.6859375 0.3125000000000001 0.7078125 0.3218750000000001 0.7078125
2 0.3296875000000001 0.6859375 0.3218750000000001 0.6859375 0.3218750000000001 0.709375 0.3296875000000001 0.709375
2 0.44375 0.584375 0.4390625 0.584375 0.4390625 0.596875 0.44375 0.596875
1 0.6703125000000002 0.753125 0.6609375000000002 0.753125 0.6609375000000002 0.771875 0.6703125000000002 0.771875
1 0.6796875000000002 0.753125 0.6687500000000002 0.753125 0.6687500000000002 0.771875 0.6796875000000002 0.771875
1 0.3234375 0.2703125 0.3171875 0.2703125 0.3171875 0.2875 0.3234375 0.2875
1 0.5265625 0.2453125000000001 0.521875 0.2453125000000001 0.521875 0.26250000000000007 0.5265625 0.26250000000000007
1 0.5375 0.24375000000000008 0.5296875 0.24375000000000008 0.5296875 0.26250000000000007 0.5375 0.26250000000000007
1 0.54375 0.24375000000000008 0.5390625 0.24375000000000008 0.5390625 0.2640625000000001 0.54375 0.2640625000000001
1 0.5546875 0.24375000000000008 0.5453125 0.24375000000000008 0.5453125 0.2640625000000001 0.5546875 0.2640625000000001
1 0.5640625 0.2453125000000001 0.5546875 0.2453125000000001 0.5546875 0.2640625000000001 0.5640625 0.2640625000000001
1 0.5765625 0.2453125000000001 0.56875 0.2453125000000001 0.56875 0.2640625000000001 0.5765625 0.2640625000000001
1 0.5875 0.24375000000000008 0.5765625 0.24375000000000008 0.5765625 0.26250000000000007 0.5875 0.26250000000000007
1 0.43125 0.24375000000000008 0.421875 0.24375000000000008 0.421875 0.2640625000000001 0.43125 0.2640625000000001
1 0.440625 0.24375000000000008 0.43125 0.24375000000000008 0.43125 0.26250000000000007 0.440625 0.26250000000000007
1 0.22812500000000008 0.3640625 0.2218750000000001 0.3640625 0.2218750000000001 0.378125 0.22812500000000008 0.378125
1 0.2218750000000001 0.36875 0.2156250000000001 0.36875 0.2156250000000001 0.38125 0.2218750000000001 0.38125
1 0.2140625000000001 0.375 0.2062500000000001 0.375 0.2062500000000001 0.3875 0.2140625000000001 0.3875
1 0.2078125000000001 0.38125 0.2015625000000001 0.38125 0.2015625000000001 0.390625 0.2078125000000001 0.390625
2 0.22968750000000004 0.359375 0.225 0.359375 0.22500000000000003 0.36875 0.2296875000000001 0.36875
1 0.796875 0.2156250000000001 0.7890625 0.2156250000000001 0.7890625 0.2328125000000001 0.796875 0.2328125000000001
1 0.7875 0.2156250000000001 0.7796875 0.2156250000000001 0.7796875 0.2328125000000001 0.7875 0.2328125000000001