0 0.6640625 0.3812500000000001 0.3671875000000001 0.3812500000000001 0.3671875000000001 0.559375 0.6640625 0.559375
0 0.6625 0.34843750000000007 0.5453125 0.34843750000000007 0.5453125 0.4875 0.6625 0.4875
0 0.734375 0.2250000000000001 0.6625 0.2250000000000001 0.6625 0.34843750000000007 0.734375 0.34843750000000007
0 0.4609375 0.384375 0.3234375000000001 0.384375 0.3234375000000001 0.4921875 0.4609375 0.4921875
0 0.4484375 0.3812500000000001 0.37968750000000007 0.3812500000000001 0.37968750000000007 0.415625 0.4484375 0.415625
0 0.36875 0.014062500000000033 0.1921875 0.014062500000000023 0.19218750000000004 0.553125 0.3687500000000001 0.553125
0 0.37343750000000003 0.17500000000000004 0.2484375 0.17500000000000004 0.24843750000000003 0.39375000000000004 0.3734375000000001 0.3937500000000001
0 0.37343750000000003 0.18750000000000006 0.3 0.18750000000000006 0.30000000000000004 0.38281250000000006 0.3734375000000001 0.3828125000000001
0 0.5125 0.14531250000000004 0.4140625 0.14531250000000004 0.4140625 0.22812500000000008 0.5125 0.22812500000000008
0 0.48125 0.23593750000000008 0.4734375 0.23593750000000008 0.4734375 0.3375000000000001 0.48125 0.3375000000000001
2 0.7265625 0.1750000000000001 0.675 0.1750000000000001 0.675 0.22812500000000008 0.7265625 0.22812500000000008
0 0.5546875 0.003125000000000057 0.3734375 0.0031250000000000457 0.3734375 0.18750000000000006 0.5546875 0.18750000000000008
2 0.45 0.11250000000000004 0.421875 0.11250000000000004 0.421875 0.18437500000000004 0.45 0.18437500000000004
2 0.54375 0.17968750000000006 0.5 0.17968750000000006 0.5 0.2296875000000001 0.54375 0.2296875000000001
2 0.63125 0.17187500000000008 0.5765625 0.17187500000000008 0.5765625 0.21093750000000008 0.63125 0.21093750000000008
1 0.4 0.4421875 0.3890625000000001 0.4421875 0.3890625000000001 0.4640625 0.4 0.4640625
1 0.51875 0.5171875 0.5078125 0.5171875 0.5078125 0.5359375 0.51875 0.5359375
1 0.603125 0.434375 0.5921875 0.434375 0.5921875 0.4578125 0.603125 0.4578125
1 0.6109375 0.4515625 0.6046875 0.4515625 0.6046875 0.465625 0.6109375 0.465625
1 0.7171875 0.2812500000000001 0.703125 0.2812500000000001 0.703125 0.2968750000000001 0.7171875 0.2968750000000001
1 0.7109375 0.1687500000000001 0.7015625 0.1687500000000001 0.7015625 0.1906250000000001 0.7109375 0.1906250000000001
1 0.678125 0.18750000000000008 0.671875 0.18750000000000008 0.671875 0.2015625000000001 0.678125 0.2015625000000001
1 0.6890625 0.1687500000000001 0.678125 0.1687500000000001 0.678125 0.1906250000000001 0.6890625 0.1906250000000001
1 0.6703125 0.17187500000000008 0.659375 0.17187500000000008 0.659375 0.1906250000000001 0.6703125 0.1906250000000001
1 0.615625 0.1437500000000001 0.6046875 0.1437500000000001 0.6046875 0.1671875000000001 0.615625 0.1671875000000001
1 0.49375 0.12343750000000005 0.484375 0.12343750000000005 0.484375 0.14218750000000005 0.49375 0.14218750000000005
1 0.5 0.17812500000000003 0.49375 0.17812500000000003 0.49375 0.19531250000000006 0.5 0.19531250000000006
1 0.5171875 0.17968750000000006 0.509375 0.17968750000000006 0.509375 0.19531250000000006 0.5171875 0.19531250000000006
1 0.525 0.17812500000000003 0.51875 0.17812500000000003 0.51875 0.19531250000000006 0.525 0.19531250000000006
1 0.428125 0.13593750000000004 0.415625 0.13593750000000004 0.415625 0.15156250000000004 0.428125 0.15156250000000004
1 0.4328125 0.12656250000000005 0.421875 0.12656250000000005 0.421875 0.14062500000000006 0.4328125 0.14062500000000006
1 0.415625 0.15312500000000004 0.4046875 0.15312500000000004 0.4046875 0.16562500000000005 0.415625 0.16562500000000005
1 0.4734375 0.2671875000000001 0.4625 0.2671875000000001 0.4625 0.2765625000000001 0.4734375 0.2765625000000001
1 0.4671875 0.27812500000000007 0.4484375 0.27812500000000007 0.4484375 0.29375000000000007 0.4671875 0.29375000000000007
1 0.4359375 0.25468750000000007 0.41875 0.25468750000000007 0.41875 0.2750000000000001 0.4359375 0.2750000000000001
1 0.440625 0.2468750000000001 0.4296875 0.2468750000000001 0.4296875 0.2562500000000001 0.440625 0.2562500000000001
1 0.246875 0.278125 0.2328125 0.278125 0.2328125 0.296875 0.246875 0.296875
1 0.253125 0.2703125 0.24375 0.2703125 0.24375 0.278125 0.253125 0.278125
1 0.309375 0.275 0.2921875 0.275 0.2921875 0.2921875 0.309375 0.2921875
1 0.18906250000000005 0.25 0.17343750000000005 0.25 0.17343750000000005 0.2625 0.18906250000000005 0.2625
2 0.17968750000000006 0.234375 0.17031250000000003 0.234375 0.17031250000000003 0.2453125 0.17968750000000006 0.2453125
1 0.18906250000000005 0.3125 0.17343750000000005 0.3125 0.17343750000000005 0.328125 0.18906250000000005 0.328125
1 0.18750000000000006 0.2953125 0.17187500000000006 0.2953125 0.17187500000000006 0.309375 0.18750000000000006 0.309375
2 0.17968750000000006 0.28125 0.17031250000000003 0.28125 0.17031250000000003 0.290625 0.17968750000000006 0.290625
1 0.18593750000000003 0.2640625 0.17500000000000004 0.2640625 0.17500000000000004 0.278125 0.18593750000000003 0.278125