0 0.4812500000000002 0.75625 0.3593750000000001 0.75625 0.3593750000000001 0.8046875 0.4812500000000002 0.8046875
0 0.5734375 0.3453125000000001 0.446875 0.3453125000000001 0.446875 0.4609375 0.5734375 0.4609375
0 0.5359375 0.3437500000000001 0.3890625 0.3437500000000001 0.38906250000000003 0.5125 0.5359375 0.5125
0 0.5359375 0.4015625 0.26250000000000007 0.4015625 0.26250000000000007 0.56875 0.5359375 0.56875
0 0.3968750000000001 0.4015625 0.2640625000000001 0.4015625 0.2640625000000001 0.5140625 0.3968750000000001 0.5140625
0 0.3578125000000001 0.4015625 0.24375000000000008 0.4015625 0.24375000000000008 0.4578125 0.3578125000000001 0.4578125
0 0.6453125 0.2468750000000001 0.553125 0.2468750000000001 0.553125 0.3421875000000001 0.6453125 0.3421875000000001
0 0.26562500000000006 0.07968750000000002 0.1046875 0.07968750000000002 0.10468750000000002 0.540625 0.2656250000000001 0.540625
0 0.26250000000000007 0.19062500000000004 0.18906250000000005 0.19062500000000004 0.18906250000000005 0.403125 0.26250000000000007 0.403125
0 0.26562500000000006 0.203125 0.2203125 0.203125 0.22031250000000005 0.3875 0.2656250000000001 0.3875
0 0.371875 0.09531250000000004 0.2390625 0.09531250000000002 0.2390625 0.18750000000000006 0.371875 0.18750000000000006
0 0.315625 0.09062500000000004 0.240625 0.09062500000000002 0.240625 0.19687500000000005 0.315625 0.19687500000000005
0 0.3875 0.16562500000000005 0.3078125 0.16562500000000005 0.3078125 0.24531250000000004 0.3875 0.2453125000000001
0 0.3609375 0.2546875 0.3515625 0.2546875 0.3515625 0.340625 0.3609375 0.340625
0 0.9546875 0.18593750000000012 0.8625 0.1859375000000001 0.8625 0.3656250000000001 0.9546875 0.3656250000000001
1 0.46406250000000016 0.7484375 0.4546875000000002 0.7484375 0.4546875000000002 0.7625 0.46406250000000016 0.7625
1 0.4546875000000002 0.7265625 0.4390625000000002 0.7265625 0.4390625000000002 0.759375 0.4546875000000002 0.759375
1 0.6359375 0.6953125 0.6265625 0.6953125 0.6265625 0.7203125 0.6359375 0.7203125
1 0.690625 0.6609375 0.6765625 0.6609375 0.6765625 0.684375 0.690625 0.684375
1 0.6765625 0.6609375 0.6609375 0.6609375 0.6609375 0.6859375 0.6765625 0.6859375
1 0.65 0.6609375 0.6375 0.6609375 0.6375 0.6859375 0.65 0.6859375
1 0.6359375 0.6625 0.6234375 0.6625 0.6234375 0.6828125 0.6359375 0.6828125
1 0.6203125 0.6609375 0.6078125 0.6609375 0.6078125 0.6859375 0.6203125 0.6859375
1 0.6046875 0.659375 0.59375 0.659375 0.59375 0.68125 0.6046875 0.68125
1 0.5921875 0.6578125 0.5796875 0.6578125 0.5796875 0.6828125 0.5921875 0.6828125
1 0.5671875 0.65625 0.5546875 0.65625 0.5546875 0.68125 0.5671875 0.68125
1 0.58125 0.575 0.575 0.575 0.575 0.5984375 0.58125 0.5984375
1 0.4015625 0.5171875 0.3859375000000001 0.5171875 0.3859375000000001 0.5453125 0.4015625 0.5453125
1 0.3390625000000001 0.4546875 0.3265625000000001 0.4546875 0.3265625000000001 0.4859375 0.3390625000000001 0.4859375
2 0.490625 0.4453125 0.475 0.4453125 0.475 0.4671875 0.490625 0.4671875
1 0.4734375 0.478125 0.4640625 0.478125 0.4640625 0.490625 0.4734375 0.490625
1 0.4703125 0.45625 0.4546875 0.45625 0.4546875 0.484375 0.4703125 0.484375
1 0.35 0.278125 0.3296875 0.278125 0.3296875 0.30625 0.35 0.30625
1 0.353125 0.2703125 0.3421875 0.2703125 0.3421875 0.284375 0.353125 0.284375
1 0.3609375 0.2 0.3484375 0.2 0.3484375 0.215625 0.3609375 0.215625
1 0.3546875 0.18593750000000003 0.3375 0.18593750000000003 0.3375 0.209375 0.3546875 0.209375
1 0.378125 0.18750000000000006 0.3625 0.18750000000000006 0.3625 0.21406250000000004 0.378125 0.2140625000000001
1 0.390625 0.18750000000000006 0.375 0.18750000000000006 0.375 0.2140625000000001 0.390625 0.2140625000000001
2 0.390625 0.21718750000000003 0.3578125 0.2171875 0.3578125 0.24531250000000004 0.390625 0.2453125000000001
1 0.3734375 0.14218750000000005 0.353125 0.14218750000000005 0.353125 0.16562500000000005 0.3734375 0.16562500000000005
1 0.359375 0.06718750000000004 0.3390625 0.06718750000000004 0.3390625 0.09843750000000004 0.359375 0.09843750000000004
1 0.2671875 0.13281250000000006 0.2484375 0.13281250000000006 0.2484375 0.14687500000000003 0.2671875 0.14687500000000003
1 0.2671875 0.11718750000000004 0.2515625 0.11718750000000004 0.2515625 0.13125000000000003 0.2671875 0.13125000000000003
1 0.2640625 0.15781250000000005 0.2484375 0.15781250000000005 0.2484375 0.17500000000000004 0.2640625 0.17500000000000004
1 0.2703125 0.15000000000000005 0.259375 0.15000000000000005 0.259375 0.16250000000000003 0.2703125 0.16250000000000003
1 0.13281250000000006 0.2203125 0.11718750000000004 0.2203125 0.11718750000000004 0.2421875 0.13281250000000006 0.2421875
2 0.12343750000000005 0.2 0.11406250000000004 0.2 0.11406250000000004 0.215625 0.12343750000000005 0.215625
1 0.12656250000000005 0.2890625 0.10937500000000004 0.2890625 0.10937500000000004 0.309375 0.12656250000000005 0.309375
1 0.12656250000000005 0.2703125 0.11093750000000005 0.2703125 0.11093750000000005 0.2890625 0.12656250000000005 0.2890625
2 0.11562500000000005 0.253125 0.10625000000000004 0.253125 0.10625000000000004 0.2671875 0.11562500000000005 0.2671875
2 0.12812500000000004 0.2421875 0.11093750000000005 0.2421875 0.11093750000000005 0.259375 0.12812500000000004 0.259375
1 0.2390625000000001 0.4890625 0.2250000000000001 0.4890625 0.2250000000000001 0.5140625 0.2390625000000001 0.5140625
1 0.2468750000000001 0.475 0.2328125000000001 0.475 0.2328125000000001 0.5046875 0.2468750000000001 0.5046875
2 0.2296875000000001 0.4796875 0.2000000000000001 0.4796875 0.2000000000000001 0.553125 0.2296875000000001 0.553125
1 0.2234375000000001 0.5140625 0.2093750000000001 0.5140625 0.2093750000000001 0.540625 0.2234375000000001 0.540625
1 0.23437500000000008 0.5171875 0.2218750000000001 0.5171875 0.2218750000000001 0.534375 0.23437500000000008 0.534375
1 0.5265625 0.4125 0.5171875 0.4125 0.5171875 0.4296875 0.5265625 0.4296875
1 0.6296875 0.27031250000000007 0.6078125 0.27031250000000007 0.6078125 0.2984375000000001 0.6296875 0.2984375000000001
1 0.6578125 0.36406250000000007 0.6421875 0.36406250000000007 0.6421875 0.3921875000000001 0.6578125 0.3921875000000001
1 0.6703125 0.3671875000000001 0.6546875 0.3671875000000001 0.6546875 0.3921875000000001 0.6703125 0.3921875000000001
1 0.7109375 0.3671875000000001 0.69375 0.3671875000000001 0.69375 0.3937500000000001 0.7109375 0.3937500000000001
2 0.7265625 0.3625000000000001 0.715625 0.3625000000000001 0.715625 0.3734375000000001 0.7265625 0.3734375000000001
2 0.68125 0.3593750000000001 0.671875 0.3593750000000001 0.671875 0.3703125000000001 0.68125 0.3703125000000001
2 0.6953125 0.36406250000000007 0.68125 0.36406250000000007 0.68125 0.3890625000000001 0.6953125 0.3890625000000001
2 0.575 0.1859375000000001 0.5625 0.1859375000000001 0.5625 0.21093750000000008 0.575 0.21093750000000008
2 0.5890625 0.1843750000000001 0.5734375 0.1843750000000001 0.5734375 0.21093750000000008 0.5890625 0.21093750000000008
2 0.5875 0.2171875000000001 0.553125 0.2171875000000001 0.553125 0.2453125000000001 0.5875 0.2453125000000001
1 0.884375 0.3265625000000001 0.875 0.3265625000000001 0.875 0.3453125000000001 0.884375 0.3453125000000001
1 0.8796875 0.3125000000000001 0.8625 0.3125000000000001 0.8625 0.3375000000000001 0.8796875 0.3375000000000001
1 0.9015625 0.31718750000000007 0.8859375 0.31718750000000007 0.8859375 0.3390625000000001 0.9015625 0.3390625000000001
1 0.9109375 0.3187500000000001 0.896875 0.3187500000000001 0.896875 0.3421875000000001 0.9109375 0.3421875000000001
1 0.9453125 0.19687500000000013 0.91875 0.19687500000000013 0.91875 0.2250000000000001 0.9453125 0.2250000000000001
1 0.8984375 0.2453125000000001 0.8796875 0.2453125000000001 0.8796875 0.2734375000000001 0.8984375 0.2734375000000001
1 0.903125 0.2609375000000001 0.8953125 0.2609375000000001 0.8953125 0.2750000000000001 0.903125 0.2750000000000001
1 0.9140625 0.2531250000000001 0.903125 0.2531250000000001 0.903125 0.27812500000000007 0.9140625 0.27812500000000007
1 0.9296875 0.2515625000000001 0.9125 0.2515625000000001 0.9125 0.2765625000000001 0.9296875 0.2765625000000001
1 0.2953125000000001 0.3984375 0.2750000000000001 0.3984375 0.2750000000000001 0.4265625 0.2953125000000001 0.4265625
1 0.5671875 0.01718750000000007 0.55625 0.017187500000000067 0.55625 0.040625000000000064 0.5671875 0.040625000000000064
1 0.5921875 0.018750000000000072 0.58125 0.018750000000000072 0.58125 0.03906250000000007 0.5921875 0.039062500000000076
1 0.6046875 0.01718750000000007 0.5953125 0.01718750000000007 0.5953125 0.039062500000000076 0.6046875 0.039062500000000076
1 0.61875 0.020312500000000074 0.609375 0.020312500000000074 0.609375 0.04062500000000008 0.61875 0.04062500000000008
1 0.6359375 0.01875000000000008 0.6234375 0.01875000000000008 0.6234375 0.04062500000000008 0.6359375 0.04062500000000008
1 0.6484375 0.020312500000000077 0.6375 0.020312500000000077 0.6375 0.04218750000000008 0.6484375 0.04218750000000008
1 0.675 0.018750000000000083 0.6625 0.018750000000000083 0.6625 0.04218750000000008 0.675 0.04218750000000008
1 0.6890625 0.017187500000000085 0.6765625 0.017187500000000085 0.6765625 0.03906250000000008 0.6890625 0.03906250000000009
2 0.6640625 0.02656250000000008 0.65 0.02656250000000008 0.65 0.03593750000000008 0.6640625 0.03593750000000008