0 0.1390625 0.05937500000000001 0.0828125 0.059375 0.08281250000000001 0.109375 0.1390625 0.109375
0 0.065625 0.053125 0.010937500000000006 0.053125 0.010937500000000008 0.0859375 0.065625 0.0859375
0 0.01875000000000002 0.090625 0.009375000000000012 0.090625 0.00937500000000002 0.2390625 0.018750000000000027 0.2390625
0 0.07812500000000004 0.30625 0.03437500000000003 0.30625 0.03437500000000004 0.31875 0.07812500000000004 0.31875
0 0.3859375 0.28906250000000006 0.07968750000000005 0.2890625 0.07968750000000005 0.30312500000000003 0.3859375 0.3031250000000001
0 0.384375 0.24687500000000004 0.2328125 0.246875 0.2328125 0.259375 0.384375 0.2593750000000001
0 0.378125 0.07031250000000004 0.29375 0.07031250000000004 0.29375 0.08125000000000004 0.378125 0.08125000000000004
0 0.4109375 0.06875000000000005 0.3890625 0.06875000000000005 0.3890625 0.07968750000000005 0.4109375 0.07968750000000005
0 0.421875 0.11562500000000005 0.4140625 0.11562500000000005 0.4140625 0.2140625000000001 0.421875 0.2140625000000001
0 0.55 0.3203125000000001 0.446875 0.3203125000000001 0.446875 0.33281250000000007 0.55 0.33281250000000007
0 0.59375 0.07812500000000007 0.584375 0.07812500000000007 0.584375 0.2531250000000001 0.59375 0.2531250000000001
0 0.7296875 0.09531250000000009 0.721875 0.09531250000000009 0.721875 0.23437500000000008 0.7296875 0.23437500000000008
0 0.7828125 0.1781250000000001 0.721875 0.1781250000000001 0.721875 0.1906250000000001 0.7828125 0.1906250000000001
0 0.8421875 0.2968750000000001 0.784375 0.2968750000000001 0.784375 0.30937500000000007 0.8421875 0.30937500000000007
0 0.875 0.1062500000000001 0.8640625 0.1062500000000001 0.8640625 0.21250000000000008 0.875 0.21250000000000008
0 0.81875 0.04218750000000009 0.7609375 0.042187500000000086 0.7609375 0.0765625000000001 0.81875 0.07656250000000012
0 0.8984375 0.2171875000000001 0.84375 0.2171875000000001 0.84375 0.2843750000000001 0.8984375 0.2843750000000001
0 1 0.2953125000000001 0.9234375 0.2953125000000001 0.9234375 0.3140625000000001 1 0.3140625000000001
0 0.3078125000000001 0.60625 0.15781250000000008 0.60625 0.15781250000000008 0.6140625 0.3078125000000001 0.6140625
0 0.3390625000000001 0.6046875 0.3203125000000001 0.6046875 0.3203125000000001 0.6171875 0.3390625000000001 0.6171875
0 0.5062500000000001 0.66875 0.4546875 0.66875 0.4546875000000001 0.740625 0.5062500000000002 0.740625
0 0.31718750000000007 0.7953125 0.1828125000000001 0.7953125 0.1828125000000001 0.8046875 0.31718750000000007 0.8046875
0 0.1312500000000001 0.8046875 0.0468750000000001 0.8046875 0.0468750000000001 0.815625 0.1312500000000001 0.815625
0 0.31718750000000007 0.8515625 0.13281250000000008 0.8515625 0.13281250000000008 0.865625 0.31718750000000007 0.865625
0 0.8625 0.6203125000000002 0.8546875 0.6203125000000002 0.8546875 0.7937500000000002 0.8625 0.7937500000000002
0 0.8125 0.8265625 0.7750000000000001 0.8265625 0.7750000000000001 0.8375 0.8125 0.8375
0 0.8453125 0.8234375 0.8234375 0.8234375 0.8234375 0.834375 0.8453125 0.834375
0 0.803125 0.6546875000000002 0.79375 0.6546875000000002 0.7937500000000001 0.7562500000000002 0.803125 0.7562500000000002