0 0.06406250000000006 0.3328125 0.043750000000000046 0.3328125 0.04375000000000006 0.6453125 0.06406250000000009 0.6453125
0 0.3421875 0.2171875 0.240625 0.2171875 0.240625 0.26875 0.3421875 0.26875
0 0.615625 0.425 0.5953125 0.425 0.5953125 0.5671875 0.615625 0.5671875
0 0.5218750000000001 0.6953125 0.2843750000000001 0.6953125 0.2843750000000001 0.728125 0.5218750000000002 0.728125
0 0.2640625000000001 0.69375 0.09375000000000008 0.69375 0.09375000000000008 0.721875 0.2640625000000001 0.721875
0 0.09375000000000011 0.9109375 0.034375000000000114 0.9109375 0.034375000000000114 0.940625 0.09375000000000011 0.940625
0 0.5218750000000002 0.9109375 0.14687500000000014 0.9109375 0.14687500000000014 0.9421875 0.5218750000000002 0.9421875
0 0.34062500000000007 0.7875 0.23437500000000008 0.7875 0.23437500000000008 0.821875 0.34062500000000007 0.821875
0 0.203125 0.16875 0.128125 0.16875 0.12812500000000002 0.24375 0.203125 0.24375
1 0.1671875 0.1140625 0.1203125 0.1140625 0.1203125 0.1734375 0.1671875 0.1734375
0 0.2734375000000001 0.425 0.2593750000000001 0.425 0.2593750000000001 0.5640625 0.2734375000000001 0.5640625