0 0.3468750000000001 0.3859375 0.2718750000000001 0.3859375 0.2718750000000001 0.4296875 0.3468750000000001 0.4296875
2 0.3140625000000001 0.375 0.30156250000000007 0.375 0.30156250000000007 0.3859375 0.3140625000000001 0.3859375
0 0.3421875000000001 0.58125 0.3031250000000001 0.58125 0.3031250000000001 0.6109375 0.3421875000000001 0.6109375
0 0.4859375 0.5921875 0.3468750000000001 0.5921875 0.3468750000000001 0.609375 0.4859375 0.609375
0 0.5203125 0.4640625 0.5109375 0.4640625 0.5109375 0.5390625 0.5203125 0.5390625
0 0.4875 0.5640625 0.40625 0.5640625 0.40625 0.578125 0.4875 0.578125
0 0.2890625000000001 0.446875 0.27812500000000007 0.446875 0.27812500000000007 0.5546875 0.2890625000000001 0.5546875
0 0.5546875 0.4328125 0.54375 0.4328125 0.54375 0.56875 0.5546875 0.56875
0 0.6484375 0.5984375 0.5703125 0.5984375 0.5703125 0.6109375 0.6484375 0.6109375
1 0.703125 0.3750000000000001 0.6796875 0.3750000000000001 0.6796875 0.3984375000000001 0.703125 0.3984375000000001
1 0.7 0.409375 0.6765625 0.409375 0.6765625 0.434375 0.7 0.434375
1 0.709375 0.44375 0.6859375 0.44375 0.6859375 0.46875 0.709375 0.46875
1 0.7 0.4828125 0.6765625 0.4828125 0.6765625 0.5078125 0.7 0.5078125
1 0.7015625 0.51875 0.6765625 0.51875 0.6765625 0.540625 0.7015625 0.540625
1 0.70625 0.5515625 0.6765625 0.5515625 0.6765625 0.578125 0.70625 0.578125
2 0.6796875 0.3812500000000001 0.6671875 0.3812500000000001 0.6671875 0.3937500000000001 0.6796875 0.3937500000000001
2 0.675 0.415625 0.6609375 0.415625 0.6609375 0.4265625 0.675 0.4265625
2 0.6828125 0.453125 0.6703125 0.453125 0.6703125 0.4671875 0.6828125 0.4671875
2 0.675 0.4890625 0.6625 0.4890625 0.6625 0.5046875 0.675 0.5046875
2 0.675 0.525 0.6640625 0.525 0.6640625 0.5421875 0.675 0.5421875
2 0.6734375 0.559375 0.6609375 0.559375 0.6609375 0.5734375 0.6734375 0.5734375
2 0.6734375 0.596875 0.6609375 0.596875 0.6609375 0.6046875 0.6734375 0.6046875
0 0.5234375 0.4296875 0.4453125 0.4296875 0.4453125 0.4453125 0.5234375 0.4453125