0 0.6609375 0.4453125 0.540625 0.4453125 0.540625 0.509375 0.6609375 0.509375
1 0.59375 0.478125 0.5828125 0.478125 0.5828125 0.4984375 0.59375 0.4984375
2 0.5984375 0.475 0.5921875 0.475 0.5921875 0.4890625 0.5984375 0.4890625
1 0.5515625 0.48125 0.54375 0.48125 0.54375 0.4984375 0.5515625 0.4984375
2 0.56875 0.4828125 0.55625 0.4828125 0.55625 0.5 0.56875 0.5
1 0.5828125 0.478125 0.571875 0.478125 0.571875 0.4984375 0.5828125 0.4984375
0 0.7468750000000001 0.64375 0.690625 0.64375 0.690625 0.7796875000000001 0.7468750000000002 0.7796875000000002
0 0.6890625000000001 0.6515625 0.628125 0.6515625 0.628125 0.771875 0.6890625000000001 0.771875
0 0.28437500000000004 0.240625 0.2421875 0.240625 0.24218750000000006 0.5078125 0.2843750000000001 0.5078125
0 0.3515625 0.16250000000000003 0.2828125 0.16250000000000003 0.2828125 0.240625 0.3515625 0.240625
0 0.6296875 0.2328125000000001 0.490625 0.2328125000000001 0.490625 0.3062500000000001 0.6296875 0.3062500000000001
0 0.63125 0.15781250000000008 0.346875 0.15781250000000005 0.346875 0.23750000000000004 0.63125 0.2375000000000001
0 0.84375 0.1593750000000001 0.68125 0.1593750000000001 0.68125 0.2375000000000001 0.84375 0.2375000000000001
1 0.5484375 0.21093750000000008 0.540625 0.21093750000000008 0.540625 0.23437500000000008 0.5484375 0.23437500000000008
1 0.5546875 0.2218750000000001 0.546875 0.2218750000000001 0.546875 0.23593750000000008 0.5546875 0.23593750000000008
1 0.484375 0.14375000000000004 0.48125 0.14375000000000004 0.48125 0.16406250000000006 0.484375 0.16406250000000006
1 0.3234375 0.14375000000000004 0.3109375 0.14375000000000004 0.3109375 0.16406250000000006 0.3234375 0.16406250000000006
1 0.7359375000000001 0.7125000000000001 0.7203125 0.7125 0.7203125000000001 0.7296875 0.7359375000000001 0.7296875000000002
1 0.6796875 0.7015625 0.6640625 0.7015625 0.6640625 0.715625 0.6796875 0.715625
1 0.68125 0.6921875 0.671875 0.6921875 0.671875 0.703125 0.68125 0.703125