0 0.6984375 0.3265625000000001 0.60625 0.3265625000000001 0.60625 0.5265625 0.6984375 0.5265625
0 0.6078125000000001 0.5703125 0.17968750000000008 0.5703125 0.17968750000000008 0.809375 0.6078125000000002 0.809375
0 0.6140625 0.528125 0.3812500000000001 0.528125 0.3812500000000001 0.703125 0.6140625 0.703125
0 0.4203125 0.2015625000000001 0.3984375 0.2015625000000001 0.3984375 0.3281250000000001 0.4203125 0.3281250000000001
0 0.1921875000000001 0.571875 0.056250000000000064 0.571875 0.05625000000000008 0.809375 0.1921875000000001 0.809375
2 0.340625 0.2296875 0.271875 0.2296875 0.271875 0.33125 0.340625 0.33125
1 0.1375000000000001 0.721875 0.10937500000000008 0.721875 0.10937500000000008 0.771875 0.1375000000000001 0.771875
1 0.3890625000000001 0.7296875 0.3671875000000001 0.7296875 0.3671875000000001 0.7765625 0.3890625000000001 0.7765625
1 0.50625 0.6140625 0.4765625 0.6140625 0.4765625 0.665625 0.50625 0.665625
1 0.6703125 0.4078125 0.6328125 0.4078125 0.6328125 0.4515625 0.6703125 0.4515625
1 0.2875 0.2265625 0.2625 0.2265625 0.2625 0.2765625 0.2875 0.2765625
1 0.3171875 0.2234375 0.2921875 0.2234375 0.2921875 0.2734375 0.3171875 0.2734375
1 0.3875 0.24843750000000003 0.3546875 0.2484375 0.3546875 0.28437500000000004 0.3875 0.2843750000000001
0 1 0.5625000000000002 0.959375 0.5625000000000002 0.959375 0.7421875000000002 1 0.7421875000000002
0 0.421875 0.525 0.4 0.525 0.4 0.6140625 0.421875 0.6140625
1 0.403125 0.2218750000000001 0.3796875 0.2218750000000001 0.3796875 0.24218750000000008 0.403125 0.24218750000000008
1 0.403125 0.20468750000000008 0.38125 0.20468750000000008 0.38125 0.22656250000000008 0.403125 0.22656250000000008