0 0.6171875 0.32031250000000006 0.2796875 0.3203125 0.27968750000000003 0.44375 0.6171875 0.44375
0 0.6234375 0.29218750000000004 0.353125 0.2921875 0.353125 0.4453125 0.6234375 0.4453125
0 0.621875 0.2921875000000001 0.3984375 0.2921875000000001 0.39843750000000006 0.37968750000000007 0.621875 0.37968750000000007
0 0.6546875 0.18906250000000008 0.615625 0.18906250000000008 0.615625 0.2921875000000001 0.6546875 0.2921875000000001
0 0.353125 0.3203125 0.28125 0.3203125 0.28125000000000006 0.45 0.3531250000000001 0.45
0 0.790625 0.3203125000000001 0.678125 0.3203125000000001 0.678125 0.4359375000000001 0.790625 0.4359375000000002
0 0.7625 0.3203125000000001 0.70625 0.3203125000000001 0.70625 0.3890625000000001 0.7625 0.3890625000000001
0 0.3203125 0.12968750000000004 0.28125 0.12968750000000004 0.28125 0.15937500000000004 0.3203125 0.15937500000000004
1 0.26250000000000007 0.6203125 0.2531250000000001 0.6203125 0.2531250000000001 0.640625 0.26250000000000007 0.640625
1 0.2734375000000001 0.6203125 0.2656250000000001 0.6203125 0.2656250000000001 0.6375 0.2734375000000001 0.6375
1 0.2578125000000001 0.6515625 0.2500000000000001 0.6515625 0.2500000000000001 0.6703125 0.2578125000000001 0.6703125
1 0.26250000000000007 0.6828125 0.25468750000000007 0.6828125 0.25468750000000007 0.703125 0.26250000000000007 0.703125
1 0.2609375000000001 0.71875 0.2484375000000001 0.71875 0.2484375000000001 0.7359375 0.2609375000000001 0.7359375
1 0.2687500000000001 0.653125 0.26250000000000007 0.653125 0.26250000000000007 0.6703125 0.2687500000000001 0.6703125
1 0.27812500000000007 0.653125 0.27031250000000007 0.653125 0.27031250000000007 0.6703125 0.27812500000000007 0.6703125
1 0.2750000000000001 0.684375 0.2671875000000001 0.684375 0.2671875000000001 0.703125 0.2750000000000001 0.703125
1 0.27031250000000007 0.715625 0.26250000000000007 0.715625 0.26250000000000007 0.734375 0.27031250000000007 0.734375
1 0.2796875000000001 0.71875 0.27031250000000007 0.71875 0.27031250000000007 0.7359375 0.2796875000000001 0.7359375
1 0.26250000000000007 0.7484375 0.2531250000000001 0.7484375 0.2531250000000001 0.7671875 0.26250000000000007 0.7671875
1 0.2750000000000001 0.75 0.2671875000000001 0.75 0.2671875000000001 0.765625 0.2750000000000001 0.765625
1 0.2609375000000001 0.78125 0.2531250000000001 0.78125 0.2531250000000001 0.8 0.2609375000000001 0.8
1 0.2750000000000001 0.78125 0.2656250000000001 0.78125 0.2656250000000001 0.7984375 0.2750000000000001 0.7984375
1 0.26250000000000007 0.8125 0.2531250000000001 0.8125 0.2531250000000001 0.8328125 0.26250000000000007 0.8328125
1 0.2687500000000001 0.84375 0.26250000000000007 0.84375 0.26250000000000007 0.8640625 0.2687500000000001 0.8640625
1 0.2750000000000001 0.8140625 0.2671875000000001 0.8140625 0.2671875000000001 0.8328125 0.2750000000000001 0.8328125
1 0.2562500000000001 0.8796875 0.2484375000000001 0.8796875 0.2484375000000001 0.8984375 0.2562500000000001 0.8984375
1 0.2593750000000001 0.9109375 0.2531250000000001 0.9109375 0.2531250000000001 0.9296875 0.2593750000000001 0.9296875
1 0.2750000000000001 0.9109375 0.2640625000000001 0.9109375 0.2640625000000001 0.9296875 0.2750000000000001 0.9296875
1 0.2671875000000001 0.88125 0.2593750000000001 0.88125 0.2593750000000001 0.8984375 0.2671875000000001 0.8984375
1 0.27812500000000007 0.8796875 0.2687500000000001 0.8796875 0.2687500000000001 0.8984375 0.27812500000000007 0.8984375
1 0.34843750000000007 0.6203125 0.3437500000000001 0.6203125 0.3437500000000001 0.6390625 0.34843750000000007 0.6390625
1 0.3500000000000001 0.6515625 0.3437500000000001 0.6515625 0.3437500000000001 0.671875 0.3500000000000001 0.671875
1 0.3500000000000001 0.684375 0.3421875000000001 0.684375 0.3421875000000001 0.703125 0.3500000000000001 0.703125
1 0.3500000000000001 0.715625 0.3437500000000001 0.715625 0.3437500000000001 0.7375 0.3500000000000001 0.7375
1 0.3578125000000001 0.7171875 0.3500000000000001 0.7171875 0.3500000000000001 0.7359375 0.3578125000000001 0.7359375
1 0.3593750000000001 0.684375 0.3515625000000001 0.684375 0.3515625000000001 0.703125 0.3593750000000001 0.703125
1 0.3609375000000001 0.653125 0.3515625000000001 0.653125 0.3515625000000001 0.6703125 0.3609375000000001 0.6703125
1 0.3593750000000001 0.6203125 0.3500000000000001 0.6203125 0.3500000000000001 0.640625 0.3593750000000001 0.640625
1 0.3500000000000001 0.75 0.3421875000000001 0.75 0.3421875000000001 0.7671875 0.3500000000000001 0.7671875
1 0.3593750000000001 0.7484375 0.3515625000000001 0.7484375 0.3515625000000001 0.76875 0.3593750000000001 0.76875
1 0.3500000000000001 0.78125 0.3421875000000001 0.78125 0.3421875000000001 0.8 0.3500000000000001 0.8
1 0.3593750000000001 0.7828125 0.3515625000000001 0.7828125 0.3515625000000001 0.8 0.3593750000000001 0.8
1 0.3515625000000001 0.815625 0.3421875000000001 0.815625 0.3421875000000001 0.8328125 0.3515625000000001 0.8328125
1 0.3609375000000001 0.8140625 0.3500000000000001 0.8140625 0.3500000000000001 0.83125 0.3609375000000001 0.83125
1 0.3515625000000001 0.846875 0.3421875000000001 0.846875 0.3421875000000001 0.8640625 0.3515625000000001 0.8640625
1 0.3609375000000001 0.8453125 0.3515625000000001 0.8453125 0.3515625000000001 0.865625 0.3609375000000001 0.865625
1 0.3500000000000001 0.8796875 0.34062500000000007 0.8796875 0.34062500000000007 0.896875 0.3500000000000001 0.896875
1 0.3515625000000001 0.9109375 0.3421875000000001 0.9109375 0.3421875000000001 0.928125 0.3515625000000001 0.928125
1 0.3593750000000001 0.909375 0.3500000000000001 0.909375 0.3500000000000001 0.93125 0.3593750000000001 0.93125
1 0.3593750000000001 0.878125 0.3515625000000001 0.878125 0.3515625000000001 0.896875 0.3593750000000001 0.896875
1 0.4265625 0.6203125 0.4171875 0.6203125 0.4171875 0.6390625 0.4265625 0.6390625
1 0.4265625 0.653125 0.4171875 0.653125 0.4171875 0.66875 0.4265625 0.66875
1 0.4265625 0.684375 0.41875 0.684375 0.41875 0.703125 0.4265625 0.703125
1 0.4250000000000001 0.7171875 0.4171875 0.7171875 0.4171875000000001 0.7359375 0.42500000000000016 0.7359375
1 0.4265625000000002 0.7484375 0.4187500000000002 0.7484375 0.4187500000000002 0.7671875 0.4265625000000002 0.7671875
1 0.4375 0.6203125 0.43125 0.6203125 0.43125 0.6375 0.4375 0.6375
1 0.4375 0.653125 0.43125 0.653125 0.43125 0.6703125 0.4375 0.6703125
1 0.4484375 0.653125 0.4390625 0.653125 0.4390625 0.66875 0.4484375 0.66875
1 0.446875 0.6203125 0.4390625 0.6203125 0.4390625 0.6390625 0.446875 0.6390625
1 0.4390625 0.6859375 0.4296875 0.6859375 0.4296875 0.703125 0.4390625 0.703125
1 0.446875 0.684375 0.4390625 0.684375 0.4390625 0.703125 0.446875 0.703125
1 0.4390625000000001 0.7171875 0.4296875 0.7171875 0.4296875000000001 0.734375 0.4390625000000002 0.734375
1 0.4468750000000001 0.7171875 0.4390625 0.7171875 0.4390625000000001 0.7359375 0.4468750000000002 0.7359375
1 0.43750000000000017 0.746875 0.4312500000000002 0.746875 0.4312500000000002 0.7671875 0.43750000000000017 0.7671875
1 0.44843750000000016 0.7484375 0.4390625000000002 0.7484375 0.4390625000000002 0.7671875 0.44843750000000016 0.7671875
1 0.42500000000000016 0.78125 0.41718750000000016 0.78125 0.41718750000000016 0.7984375 0.42500000000000016 0.7984375
1 0.42500000000000016 0.815625 0.4187500000000002 0.815625 0.4187500000000002 0.834375 0.42500000000000016 0.834375
1 0.42187500000000017 0.8453125 0.41406250000000017 0.8453125 0.41406250000000017 0.8640625 0.42187500000000017 0.8640625
1 0.42968750000000017 0.8453125 0.4234375000000002 0.8453125 0.4234375000000002 0.8640625 0.42968750000000017 0.8640625
1 0.4203125000000002 0.8765625 0.4156250000000002 0.8765625 0.4156250000000002 0.8984375 0.4203125000000002 0.8984375
1 0.4203125000000002 0.909375 0.4156250000000002 0.909375 0.4156250000000002 0.9296875 0.4203125000000002 0.9296875
1 0.4312500000000002 0.909375 0.42187500000000017 0.909375 0.42187500000000017 0.928125 0.4312500000000002 0.928125
1 0.4421875000000002 0.9109375 0.4359375000000002 0.9109375 0.4359375000000002 0.928125 0.4421875000000002 0.928125
1 0.4515625000000002 0.9109375 0.4421875000000002 0.9109375 0.4421875000000002 0.9296875 0.4515625000000002 0.9296875
1 0.4312500000000002 0.878125 0.4234375000000002 0.878125 0.4234375000000002 0.896875 0.4312500000000002 0.896875
1 0.4437500000000002 0.8796875 0.4343750000000002 0.8796875 0.4343750000000002 0.8984375 0.4437500000000002 0.8984375
1 0.4515625000000002 0.878125 0.4437500000000002 0.878125 0.4437500000000002 0.896875 0.4515625000000002 0.896875
1 0.4421875000000002 0.8453125 0.4359375000000002 0.8453125 0.4359375000000002 0.8640625 0.4421875000000002 0.8640625
1 0.4515625000000002 0.846875 0.4437500000000002 0.846875 0.4437500000000002 0.865625 0.4515625000000002 0.865625
1 0.43750000000000017 0.8125 0.42968750000000017 0.8125 0.42968750000000017 0.83125 0.43750000000000017 0.83125
1 0.44843750000000016 0.8140625 0.4390625000000002 0.8140625 0.4390625000000002 0.8328125 0.44843750000000016 0.8328125
1 0.4390625000000002 0.78125 0.4312500000000002 0.78125 0.4312500000000002 0.7984375 0.4390625000000002 0.7984375
1 0.44843750000000016 0.78125 0.4390625000000002 0.78125 0.4390625000000002 0.8 0.44843750000000016 0.8
1 0.5078125 0.6203125 0.4984375 0.6203125 0.4984375 0.640625 0.5078125 0.640625
1 0.5078125 0.653125 0.4984375 0.653125 0.4984375 0.6703125 0.5078125 0.6703125
1 0.5078125 0.684375 0.4984375 0.684375 0.4984375 0.703125 0.5078125 0.703125
1 0.5078125000000001 0.71875 0.4984375 0.71875 0.4984375000000001 0.7359375 0.5078125000000002 0.7359375
1 0.51875 0.6203125 0.5125 0.6203125 0.5125 0.6390625 0.51875 0.6390625
1 0.5296875 0.6203125 0.521875 0.6203125 0.521875 0.6375 0.5296875 0.6375
1 0.51875 0.6859375 0.5125 0.6859375 0.5125 0.703125 0.51875 0.703125
1 0.528125 0.6859375 0.5203125 0.6859375 0.5203125 0.703125 0.528125 0.703125
1 0.5203125000000001 0.7171875 0.5109375 0.7171875 0.5109375 0.734375 0.5203125000000002 0.734375
1 0.5281250000000001 0.7171875 0.5203125 0.7171875 0.5203125000000001 0.734375 0.5281250000000002 0.734375
1 0.5078125000000002 0.75 0.4984375000000002 0.75 0.4984375000000002 0.76875 0.5078125000000002 0.76875
1 0.5218750000000002 0.7484375 0.5125000000000002 0.7484375 0.5125000000000002 0.7671875 0.5218750000000002 0.7671875
1 0.5296875000000002 0.75 0.5203125000000002 0.75 0.5203125000000002 0.7671875 0.5296875000000002 0.7671875
1 0.5078125000000002 0.78125 0.4984375000000002 0.78125 0.4984375000000002 0.8015625 0.5078125000000002 0.8015625
1 0.5062500000000002 0.8125 0.4984375000000002 0.8125 0.4984375000000002 0.83125 0.5062500000000002 0.83125
1 0.5203125000000002 0.7828125 0.5109375000000002 0.7828125 0.5109375000000002 0.803125 0.5203125000000002 0.803125
1 0.5312500000000002 0.7828125 0.5218750000000002 0.7828125 0.5218750000000002 0.8015625 0.5312500000000002 0.8015625
1 0.5203125000000002 0.8125 0.5109375000000002 0.8125 0.5109375000000002 0.83125 0.5203125000000002 0.83125
1 0.5281250000000002 0.8125 0.5203125000000002 0.8125 0.5203125000000002 0.83125 0.5281250000000002 0.83125
1 0.5203125000000002 0.8453125 0.5109375000000002 0.8453125 0.5109375000000002 0.8640625 0.5203125000000002 0.8640625
1 0.5296875000000002 0.8453125 0.5203125000000002 0.8453125 0.5203125000000002 0.8640625 0.5296875000000002 0.8640625
1 0.5078125000000002 0.8453125 0.4984375000000002 0.8453125 0.4984375000000002 0.8640625 0.5078125000000002 0.8640625
1 0.5015625000000001 0.8796875 0.49531250000000016 0.8796875 0.49531250000000016 0.8984375 0.5015625000000001 0.8984375
1 0.5109375000000002 0.8796875 0.5031250000000002 0.8796875 0.5031250000000002 0.896875 0.5109375000000002 0.896875
1 0.5234375000000002 0.8796875 0.5156250000000002 0.8796875 0.5156250000000002 0.896875 0.5234375000000002 0.896875
1 0.5343750000000002 0.8796875 0.5250000000000001 0.8796875 0.5250000000000001 0.8984375 0.5343750000000002 0.8984375
1 0.5234375000000002 0.9109375 0.5156250000000002 0.9109375 0.5156250000000002 0.928125 0.5234375000000002 0.928125
1 0.5328125000000001 0.9125 0.5250000000000001 0.9125 0.5250000000000001 0.93125 0.5328125000000001 0.93125
1 0.5015625000000001 0.9109375 0.49531250000000016 0.9109375 0.49531250000000016 0.928125 0.5015625000000001 0.928125
1 0.5125000000000002 0.9109375 0.5031250000000002 0.9109375 0.5031250000000002 0.928125 0.5125000000000002 0.928125
1 0.5203125 0.6515625 0.5125 0.6515625 0.5125 0.6703125 0.5203125 0.6703125
1 0.5296875 0.6515625 0.5203125 0.6515625 0.5203125 0.6703125 0.5296875 0.6703125
1 0.59375 0.6203125 0.5859375 0.6203125 0.5859375 0.6390625 0.59375 0.6390625
1 0.60625 0.6203125 0.5984375 0.6203125 0.5984375 0.6390625 0.60625 0.6390625
1 0.5921875 0.653125 0.5859375 0.653125 0.5859375 0.671875 0.5921875 0.671875
1 0.6078125 0.653125 0.5984375 0.653125 0.5984375 0.6703125 0.6078125 0.6703125
1 0.6 0.6828125 0.590625 0.6828125 0.590625 0.7046875 0.6 0.7046875
1 0.5937500000000001 0.7171875 0.584375 0.7171875 0.5843750000000001 0.7375 0.5937500000000002 0.7375
1 0.6062500000000001 0.7171875 0.5984375 0.7171875 0.5984375000000001 0.734375 0.6062500000000002 0.734375
1 0.6015625000000002 0.746875 0.5906250000000002 0.746875 0.5906250000000002 0.76875 0.6015625000000002 0.76875
1 0.6031250000000001 0.78125 0.5921875000000002 0.78125 0.5921875000000002 0.8015625 0.6031250000000001 0.8015625
1 0.6015625000000002 0.8140625 0.5906250000000002 0.8140625 0.5906250000000002 0.8328125 0.6015625000000002 0.8328125
1 0.6015625000000002 0.84375 0.5890625000000002 0.84375 0.5890625000000002 0.8640625 0.6015625000000002 0.8640625
1 0.6000000000000002 0.878125 0.5906250000000002 0.878125 0.5906250000000002 0.896875 0.6000000000000002 0.896875
1 0.5953125000000001 0.909375 0.5890625000000002 0.909375 0.5890625000000002 0.9296875 0.5953125000000001 0.9296875
1 0.6046875000000002 0.909375 0.5968750000000002 0.909375 0.5968750000000002 0.928125 0.6046875000000002 0.928125
1 0.66875 0.61875 0.6640625 0.61875 0.6640625 0.6375 0.66875 0.6375
1 0.684375 0.6203125 0.6765625 0.6203125 0.6765625 0.6375 0.684375 0.6375
1 0.69375 0.6203125 0.6828125 0.6203125 0.6828125 0.6390625 0.69375 0.6390625
1 0.6703125 0.653125 0.6625 0.653125 0.6625 0.6703125 0.6703125 0.6703125
1 0.684375 0.6515625 0.675 0.6515625 0.675 0.671875 0.684375 0.671875
1 0.6921875 0.6515625 0.6828125 0.6515625 0.6828125 0.6703125 0.6921875 0.6703125
1 0.6703125 0.6859375 0.6625 0.6859375 0.6625 0.703125 0.6703125 0.703125
1 0.684375 0.684375 0.675 0.684375 0.675 0.703125 0.684375 0.703125
1 0.6921875 0.684375 0.684375 0.684375 0.684375 0.7015625 0.6921875 0.7015625
1 0.6703125000000001 0.7171875 0.6625 0.7171875 0.6625000000000001 0.7359375 0.6703125000000002 0.7359375
1 0.6828125 0.7171875 0.675 0.7171875 0.675 0.734375 0.6828125000000002 0.734375
1 0.6921875000000001 0.7171875 0.6828125 0.7171875 0.6828125 0.734375 0.6921875000000002 0.734375
1 0.6703125000000002 0.7484375 0.6625000000000002 0.7484375 0.6625000000000002 0.7671875 0.6703125000000002 0.7671875
1 0.6828125000000002 0.7484375 0.6750000000000002 0.7484375 0.6750000000000002 0.76875 0.6828125000000002 0.76875
1 0.6937500000000002 0.746875 0.6843750000000002 0.746875 0.6843750000000002 0.7671875 0.6937500000000002 0.7671875
1 0.6703125000000002 0.78125 0.6625000000000002 0.78125 0.6625000000000002 0.8 0.6703125000000002 0.8
1 0.6843750000000002 0.7828125 0.6765625000000002 0.7828125 0.6765625000000002 0.8 0.6843750000000002 0.8
1 0.6921875000000002 0.78125 0.6828125000000002 0.78125 0.6828125000000002 0.8 0.6921875000000002 0.8
1 0.6828125000000002 0.8125 0.6750000000000002 0.8125 0.6750000000000002 0.83125 0.6828125000000002 0.83125
1 0.6921875000000002 0.815625 0.6828125000000002 0.815625 0.6828125000000002 0.8328125 0.6921875000000002 0.8328125
1 0.6718750000000002 0.8140625 0.6625000000000002 0.8140625 0.6625000000000002 0.8328125 0.6718750000000002 0.8328125
1 0.6750000000000002 0.846875 0.6656250000000001 0.846875 0.6656250000000001 0.865625 0.6750000000000002 0.865625
1 0.6890625000000001 0.8484375 0.6781250000000002 0.8484375 0.6781250000000002 0.8671875 0.6890625000000001 0.8671875
1 0.6718750000000002 0.878125 0.6609375000000002 0.878125 0.6609375000000002 0.8984375 0.6718750000000002 0.8984375
1 0.6703125000000002 0.9109375 0.6609375000000002 0.9109375 0.6609375000000002 0.9296875 0.6703125000000002 0.9296875
1 0.6828125000000002 0.9109375 0.6750000000000002 0.9109375 0.6750000000000002 0.93125 0.6828125000000002 0.93125
1 0.6906250000000002 0.9125 0.6843750000000002 0.9125 0.6843750000000002 0.9296875 0.6906250000000002 0.9296875
1 0.6843750000000002 0.878125 0.6750000000000002 0.878125 0.6750000000000002 0.896875 0.6843750000000002 0.896875
1 0.6921875000000002 0.8796875 0.6843750000000002 0.8796875 0.6843750000000002 0.896875 0.6921875000000002 0.896875
1 0.7515625 0.6218750000000002 0.7453125 0.6218750000000002 0.7453125 0.6406250000000002 0.7515625 0.6406250000000002
1 0.7640625 0.6203125000000002 0.75625 0.6203125000000002 0.75625 0.6375000000000002 0.7640625 0.6375000000000002
1 0.775 0.6203125000000002 0.765625 0.6203125000000002 0.765625 0.6390625000000002 0.775 0.6390625000000002
1 0.753125 0.6515625000000002 0.7453125 0.6515625000000002 0.7453125 0.6703125000000002 0.753125 0.6703125000000002
1 0.765625 0.6531250000000002 0.7578125 0.6531250000000002 0.7578125 0.6687500000000002 0.765625 0.6687500000000002
1 0.775 0.6515625000000002 0.765625 0.6515625000000002 0.765625 0.6703125000000002 0.775 0.6703125000000002
1 0.753125 0.6843750000000002 0.7453125 0.6843750000000002 0.7453125 0.7031250000000002 0.753125 0.7031250000000002
1 0.765625 0.6828125000000002 0.7578125 0.6828125000000002 0.7578125 0.7031250000000002 0.765625 0.7031250000000002
1 0.775 0.6828125000000002 0.765625 0.6828125000000002 0.765625 0.7031250000000002 0.775 0.7031250000000002
1 0.753125 0.7171875000000002 0.74375 0.7171875000000002 0.7437500000000001 0.7359375000000001 0.7531250000000002 0.7359375000000001
1 0.7656250000000001 0.7171875000000002 0.75625 0.7171875000000002 0.7562500000000001 0.7359375000000001 0.7656250000000002 0.7359375000000001
1 0.7750000000000001 0.7156250000000002 0.765625 0.7156250000000002 0.7656250000000001 0.7343750000000002 0.7750000000000001 0.7343750000000002
1 0.7531250000000002 0.7500000000000002 0.7437500000000001 0.7500000000000002 0.7437500000000001 0.7671875000000001 0.7531250000000002 0.7671875000000001
1 0.7656250000000002 0.7500000000000002 0.7578125000000002 0.7500000000000002 0.7578125000000002 0.7671875000000001 0.7656250000000002 0.7671875000000001
1 0.7734375000000002 0.7500000000000002 0.7656250000000002 0.7500000000000002 0.7656250000000002 0.7671875000000001 0.7734375000000002 0.7671875000000001
1 0.7531250000000002 0.7812500000000002 0.7453125000000002 0.7812500000000002 0.7453125000000002 0.8015625 0.7531250000000002 0.8015625
1 0.7656250000000002 0.7828125000000001 0.7578125000000002 0.7828125000000001 0.7578125000000002 0.8 0.7656250000000002 0.8
1 0.7750000000000001 0.7828125000000001 0.7656250000000002 0.7828125000000001 0.7656250000000002 0.8 0.7750000000000001 0.8
1 0.7484375000000002 0.815625 0.7390625000000002 0.815625 0.7390625000000002 0.8328125 0.7484375000000002 0.8328125
1 0.7609375000000002 0.8140625 0.7531250000000002 0.8140625 0.7531250000000002 0.8328125 0.7609375000000002 0.8328125
1 0.7703125000000002 0.8140625 0.7625000000000002 0.8140625 0.7625000000000002 0.8328125 0.7703125000000002 0.8328125
1 0.7796875000000002 0.8140625 0.7703125000000002 0.8140625 0.7703125000000002 0.83125 0.7796875000000002 0.83125
1 0.7531250000000002 0.8453125 0.7437500000000001 0.8453125 0.7437500000000001 0.8640625 0.7531250000000002 0.8640625
1 0.7531250000000002 0.8765625 0.7421875000000002 0.8765625 0.7421875000000002 0.896875 0.7531250000000002 0.896875
1 0.7484375000000002 0.909375 0.7390625000000002 0.909375 0.7390625000000002 0.9296875 0.7484375000000002 0.9296875
1 0.7656250000000002 0.8484375 0.7593750000000001 0.8484375 0.7593750000000001 0.8640625 0.7656250000000002 0.8640625
1 0.7750000000000001 0.846875 0.7656250000000002 0.846875 0.7656250000000002 0.8640625 0.7750000000000001 0.8640625
1 0.7640625000000002 0.878125 0.7578125000000002 0.878125 0.7578125000000002 0.896875 0.7640625000000002 0.896875
1 0.7750000000000001 0.878125 0.7656250000000002 0.878125 0.7656250000000002 0.896875 0.7750000000000001 0.896875
1 0.7609375000000002 0.9125 0.7546875000000002 0.9125 0.7546875000000002 0.93125 0.7609375000000002 0.93125
1 0.7718750000000002 0.9109375 0.7609375000000002 0.9109375 0.7609375000000002 0.9296875 0.7718750000000002 0.9296875
1 0.7781250000000002 0.9125 0.7703125000000002 0.9125 0.7703125000000002 0.9296875 0.7781250000000002 0.9296875
1 0.8328125 0.6203125000000002 0.825 0.6203125000000002 0.825 0.6390625000000002 0.8328125 0.6390625000000002
1 0.8328125 0.6531250000000002 0.8265625 0.6531250000000002 0.8265625 0.6718750000000002 0.8328125 0.6718750000000002
1 0.834375 0.6843750000000002 0.8265625 0.6843750000000002 0.8265625 0.7031250000000002 0.834375 0.7031250000000002
1 0.8328125 0.7171875000000002 0.825 0.7171875000000002 0.825 0.7343750000000002 0.8328125 0.7343750000000002
1 0.834375 0.7484375000000002 0.825 0.7484375000000002 0.825 0.7671875000000001 0.834375 0.7671875000000001
1 0.846875 0.6203125000000002 0.8390625 0.6203125000000002 0.8390625 0.6390625000000002 0.846875 0.6390625000000002
1 0.846875 0.6515625000000002 0.8390625 0.6515625000000002 0.8390625 0.6718750000000002 0.846875 0.6718750000000002
1 0.846875 0.6859375000000002 0.8390625 0.6859375000000002 0.8390625 0.7031250000000002 0.846875 0.7031250000000002
1 0.85625 0.6203125000000002 0.846875 0.6203125000000002 0.846875 0.6390625000000002 0.85625 0.6390625000000002
1 0.8546875 0.6515625000000002 0.846875 0.6515625000000002 0.846875 0.6718750000000002 0.8546875 0.6718750000000002
1 0.8546875 0.6843750000000002 0.8484375 0.6843750000000002 0.8484375 0.7015625000000002 0.8546875 0.7015625000000002
1 0.846875 0.7171875000000002 0.8375 0.7171875000000002 0.8375 0.7343750000000002 0.846875 0.7343750000000002
1 0.85625 0.7171875000000002 0.846875 0.7171875000000002 0.846875 0.7359375000000001 0.85625 0.7359375000000001
1 0.846875 0.7484375000000002 0.8390625 0.7484375000000002 0.8390625 0.7687500000000002 0.846875 0.7687500000000002
1 0.8546875 0.7500000000000002 0.846875 0.7500000000000002 0.846875 0.7687500000000002 0.8546875 0.7687500000000002
1 0.834375 0.7812500000000002 0.825 0.7812500000000002 0.825 0.8 0.834375 0.8
1 0.8453125 0.7812500000000002 0.8390625 0.7812500000000002 0.8390625 0.8 0.8453125 0.8
1 0.85625 0.7812500000000002 0.846875 0.7812500000000002 0.846875 0.8 0.85625 0.8
1 0.8328125 0.8140625 0.8234375 0.8140625 0.8234375 0.83125 0.8328125 0.83125
1 0.846875 0.8140625 0.8390625 0.8140625 0.8390625 0.83125 0.846875 0.83125
1 0.8546875 0.8140625 0.846875 0.8140625 0.846875 0.83125 0.8546875 0.83125
1 0.834375 0.846875 0.825 0.846875 0.825 0.8640625 0.834375 0.8640625
1 0.846875 0.8453125 0.8375 0.8453125 0.8375 0.8640625 0.846875 0.8640625
1 0.8546875 0.846875 0.846875 0.846875 0.846875 0.8640625 0.8546875 0.8640625
1 0.834375 0.878125 0.825 0.878125 0.825 0.8984375 0.834375 0.8984375
1 0.846875 0.8796875 0.8390625 0.8796875 0.8390625 0.8953125 0.846875 0.8953125
1 0.8546875 0.878125 0.846875 0.878125 0.846875 0.8953125 0.8546875 0.8953125
1 0.83125 0.9109375 0.821875 0.9109375 0.821875 0.9296875 0.83125 0.9296875
1 0.8421875 0.9125 0.8328125 0.9125 0.8328125 0.928125 0.8421875 0.928125
1 0.85 0.9125 0.8421875 0.9125 0.8421875 0.9296875 0.85 0.9296875
1 0.859375 0.9109375 0.8515625 0.9109375 0.8515625 0.928125 0.859375 0.928125
1 0.921875 0.9109375 0.9125 0.9109375 0.9125 0.928125 0.921875 0.928125
1 0.921875 0.8796875 0.9109375 0.8796875 0.9109375 0.9 0.921875 0.9
1 0.921875 0.8453125 0.9109375 0.8453125 0.9109375 0.865625 0.921875 0.865625
1 0.9140625 0.815625 0.90625 0.815625 0.90625 0.834375 0.9140625 0.834375
1 0.928125 0.8140625 0.9203125 0.8140625 0.9203125 0.8328125 0.928125 0.8328125
1 0.921875 0.7812500000000002 0.9125 0.7812500000000002 0.9125 0.7984375000000001 0.921875 0.7984375000000001
1 0.9140625 0.7484375000000002 0.90625 0.7484375000000002 0.90625 0.7687500000000002 0.9140625 0.7687500000000002
1 0.928125 0.7484375000000002 0.9171875 0.7484375000000002 0.9171875 0.7671875000000001 0.928125 0.7671875000000001
1 0.915625 0.7171875000000002 0.90625 0.7171875000000002 0.90625 0.7375000000000002 0.915625 0.7375000000000002
1 0.9265625 0.7171875000000002 0.91875 0.7171875000000002 0.91875 0.7359375000000001 0.9265625 0.7359375000000001
1 0.9203125 0.6843750000000002 0.9140625 0.6843750000000002 0.9140625 0.7031250000000002 0.9203125 0.7031250000000002
1 0.9140625 0.6484375000000002 0.9078125 0.6484375000000002 0.9078125 0.6703125000000002 0.9140625 0.6703125000000002
1 0.9265625 0.6515625000000002 0.91875 0.6515625000000002 0.91875 0.6703125000000002 0.9265625 0.6703125000000002
1 0.9140625 0.6203125000000002 0.90625 0.6203125000000002 0.90625 0.6390625000000002 0.9140625 0.6390625000000002
1 0.9265625 0.6187500000000001 0.91875 0.6187500000000001 0.91875 0.6390625000000002 0.9265625 0.6390625000000002