0 0.403125 0.05312500000000005 0.3671875 0.05312500000000005 0.3671875 0.22656250000000008 0.403125 0.22656250000000008
0 0.36875 0.22656250000000006 0.2609375 0.2265625 0.2609375 0.2828125 0.36875 0.2828125000000001
0 0.2 0.225 0.13750000000000004 0.225 0.13750000000000004 0.28125 0.2 0.28125
0 0.13906250000000003 0.07031250000000003 0.1078125 0.07031250000000003 0.10781250000000002 0.2078125 0.13906250000000003 0.2078125
0 0.1890625 0.01562500000000002 0.1140625 0.015625000000000017 0.1140625 0.051562500000000025 0.1890625 0.051562500000000025
0 0.25625 0.09531250000000002 0.196875 0.09531250000000002 0.19687500000000002 0.253125 0.25625 0.253125
0 0.23125 0.11562500000000005 0.1984375 0.11562500000000005 0.19843750000000002 0.19218750000000004 0.23125 0.19218750000000004
1 0.1125 0.13125 0.09375000000000003 0.13125 0.09375000000000003 0.1578125 0.1125 0.1578125
1 0.1140625 0.125 0.1 0.125 0.1 0.134375 0.1140625 0.134375
1 0.2203125 0.11406250000000004 0.2015625 0.11406250000000004 0.2015625 0.13593750000000004 0.2203125 0.13593750000000004
1 0.2515625 0.10468750000000004 0.23125 0.10468750000000004 0.23125 0.12656250000000005 0.2515625 0.12656250000000005
1 0.2484375 0.14218750000000005 0.228125 0.14218750000000005 0.228125 0.16250000000000003 0.2484375 0.16250000000000003
1 0.25 0.12656250000000005 0.23125 0.12656250000000005 0.23125 0.14687500000000003 0.25 0.14687500000000003
2 0.2421875 0.09062500000000002 0.2328125 0.09062500000000002 0.2328125 0.10625000000000004 0.2421875 0.10625000000000004
1 0.18125000000000005 0.2375 0.16093750000000004 0.2375 0.16093750000000004 0.2671875 0.18125000000000005 0.2671875
1 0.3265625 0.240625 0.3078125 0.240625 0.3078125 0.271875 0.3265625 0.271875
1 0.3890625 0.14218750000000005 0.36875 0.14218750000000005 0.36875 0.16875000000000004 0.3890625 0.16875000000000004
0 0.703125 0.06875000000000009 0.6734375 0.06875000000000009 0.6734375 0.2062500000000001 0.703125 0.2062500000000001
0 0.9640625 0.05625000000000011 0.9296875 0.05625000000000011 0.9296875 0.22656250000000008 0.9640625 0.22656250000000008
0 0.93125 0.22656250000000008 0.8234375 0.22656250000000008 0.8234375 0.2843750000000001 0.93125 0.2843750000000001
0 0.765625 0.22656250000000008 0.7015625 0.22656250000000008 0.7015625 0.2843750000000001 0.765625 0.2843750000000001
0 0.8171875 0.0968750000000001 0.7625 0.09687500000000009 0.7625 0.2515625000000001 0.8171875 0.2515625000000001
1 0.678125 0.1375000000000001 0.6578125 0.1375000000000001 0.6578125 0.1625000000000001 0.678125 0.1625000000000001
1 0.678125 0.12500000000000008 0.6625 0.12500000000000008 0.6625 0.1390625000000001 0.678125 0.1390625000000001
1 0.7453125 0.23593750000000008 0.721875 0.23593750000000008 0.721875 0.2656250000000001 0.7453125 0.2656250000000001
1 0.8171875 0.1468750000000001 0.7921875 0.1468750000000001 0.7921875 0.16406250000000008 0.8171875 0.16406250000000008
1 0.8171875 0.12500000000000008 0.7921875 0.12500000000000008 0.7921875 0.14843750000000008 0.8171875 0.14843750000000008
1 0.815625 0.10781250000000009 0.7953125 0.10781250000000009 0.7953125 0.1296875000000001 0.815625 0.1296875000000001
0 0.7953125 0.11562500000000009 0.7625 0.11562500000000009 0.7625 0.1921875000000001 0.7953125 0.1921875000000001
1 0.7828125 0.1140625000000001 0.7640625 0.1140625000000001 0.7640625 0.1375000000000001 0.7828125 0.1375000000000001
0 0.5671875 0.3125000000000001 0.4078125 0.3125000000000001 0.4078125 0.3750000000000001 0.5671875 0.3750000000000001
1 0.4328125 0.2875000000000001 0.41875 0.2875000000000001 0.41875 0.3125000000000001 0.4328125 0.3125000000000001
1 0.4578125 0.2906250000000001 0.44375 0.2906250000000001 0.44375 0.3156250000000001 0.4578125 0.3156250000000001
1 0.471875 0.2875000000000001 0.4578125 0.2875000000000001 0.4578125 0.3140625000000001 0.471875 0.3140625000000001
1 0.4328125 0.3234375000000001 0.41875 0.3234375000000001 0.41875 0.3500000000000001 0.4328125 0.3500000000000001
2 0.4453125 0.29375000000000007 0.4328125 0.29375000000000007 0.4328125 0.3078125000000001 0.4453125 0.3078125000000001
2 0.48125 0.2828125000000001 0.471875 0.2828125000000001 0.471875 0.2984375000000001 0.48125 0.2984375000000001
0 0.578125 0.3734375000000001 0.525 0.3734375000000001 0.525 0.5265625 0.578125 0.5265625
0 0.528125 0.5234375 0.023437500000000066 0.5234375 0.023437500000000073 0.6125 0.528125 0.6125
0 0.5265625 0.5234375 0.2906250000000001 0.5234375 0.2906250000000001 0.5796875 0.5265625 0.5796875
0 0.12968750000000007 0.5234375 0.023437500000000066 0.5234375 0.02343750000000007 0.5765625 0.1296875000000001 0.5765625
0 0.7546875 0.01093750000000009 0.7046875 0.010937500000000086 0.7046875 0.05156250000000009 0.7546875 0.05156250000000009
1 0.8875 0.2406250000000001 0.8703125 0.2406250000000001 0.8703125 0.2718750000000001 0.8875 0.2718750000000001
1 0.9515625 0.14375000000000013 0.9328125 0.14375000000000013 0.9328125 0.16875000000000012 0.9515625 0.16875000000000012
2 0.5609375 0.4625 0.54375 0.4625 0.54375 0.4859375 0.5609375 0.4859375
1 0.07343750000000007 0.5359375 0.06406250000000006 0.5359375 0.06406250000000006 0.5609375 0.07343750000000007 0.5609375
1 0.08281250000000007 0.5359375 0.07500000000000007 0.5359375 0.07500000000000007 0.5609375 0.08281250000000007 0.5609375
1 0.2640625000000001 0.56875 0.2531250000000001 0.56875 0.2531250000000001 0.5953125 0.2640625000000001 0.5953125
1 0.2734375000000001 0.56875 0.26250000000000007 0.56875 0.26250000000000007 0.5953125 0.2734375000000001 0.5953125
1 0.4109375 0.5328125 0.3968750000000001 0.5328125 0.3968750000000001 0.559375 0.4109375 0.559375
1 0.421875 0.534375 0.4078125 0.534375 0.4078125 0.5609375 0.421875 0.5609375
1 0.5625 0.4484375 0.5453125 0.4484375 0.5453125 0.4625 0.5625 0.4625
1 0.5609375 0.434375 0.54375 0.434375 0.54375 0.4515625 0.5609375 0.4515625
0 0.3812500000000001 0.7109375 0.2921875000000001 0.7109375 0.2921875000000001 0.76875 0.3812500000000001 0.76875
2 0.3765625000000001 0.6875 0.3671875000000001 0.6875 0.3671875000000001 0.703125 0.3765625000000001 0.703125
1 0.5437500000000002 0.759375 0.5250000000000001 0.759375 0.5250000000000001 0.784375 0.5437500000000002 0.784375
1 0.5500000000000002 0.740625 0.5312500000000002 0.740625 0.5312500000000002 0.771875 0.5500000000000002 0.771875
2 0.55 0.7234375 0.5390625 0.7234375 0.5390625000000001 0.7375 0.5500000000000002 0.7375
0 0.884375 0.7656250000000002 0.8421875 0.7656250000000002 0.8421875 0.9515625 0.884375 0.9515625
0 0.7031250000000002 0.8015625 0.6171875000000002 0.8015625 0.6171875000000002 0.9203125 0.7031250000000002 0.9203125
0 0.6640625000000002 0.8234375 0.6187500000000001 0.8234375 0.6187500000000001 0.8921875 0.6640625000000002 0.8921875
0 0.6218750000000002 0.915625 0.46875000000000017 0.915625 0.46875000000000017 0.978125 0.6218750000000002 0.978125
0 0.6015625000000002 0.740625 0.5468750000000002 0.740625 0.5468750000000002 0.803125 0.6015625000000002 0.803125
0 0.44531250000000017 0.734375 0.3812500000000001 0.734375 0.3812500000000001 0.8046875 0.44531250000000017 0.8046875
0 0.3281250000000001 0.7890625 0.2765625000000001 0.7890625 0.2765625000000001 0.934375 0.3281250000000001 0.934375
0 0.4515625000000002 0.815625 0.4421875000000002 0.815625 0.4421875000000002 0.9078125 0.4515625000000002 0.9078125
1 0.2812500000000001 0.8671875 0.2593750000000001 0.8671875 0.2593750000000001 0.8890625 0.2812500000000001 0.8890625
1 0.2796875000000001 0.8484375 0.2640625000000001 0.8484375 0.2640625000000001 0.859375 0.2796875000000001 0.859375
1 0.44062500000000016 0.853125 0.4203125000000002 0.853125 0.4203125000000002 0.875 0.44062500000000016 0.875
1 0.34843750000000007 0.6734375 0.3312500000000001 0.6734375 0.3312500000000001 0.70625 0.34843750000000007 0.70625
1 0.3609375000000001 0.6796875 0.3453125000000001 0.6796875 0.3453125000000001 0.70625 0.3609375000000001 0.70625
1 0.4406250000000001 0.7046875 0.425 0.7046875 0.4250000000000001 0.734375 0.44062500000000016 0.734375
1 0.6890625000000001 0.846875 0.6656250000000001 0.846875 0.6656250000000001 0.871875 0.6890625000000001 0.871875
1 0.5218750000000002 0.925 0.5125000000000002 0.925 0.5125000000000002 0.9578125 0.5218750000000002 0.9578125
1 0.5343750000000002 0.934375 0.5250000000000001 0.934375 0.5250000000000001 0.9578125 0.5343750000000002 0.9578125
1 0.6484375000000002 0.853125 0.6281250000000002 0.853125 0.6281250000000002 0.871875 0.6484375000000002 0.871875
1 0.6515625000000002 0.840625 0.6375000000000002 0.840625 0.6375000000000002 0.8578125 0.6515625000000002 0.8578125
1 0.8703125 0.8484375 0.85 0.8484375 0.85 0.86875 0.8703125 0.86875
1 0.7921875000000002 0.9578125 0.7812500000000002 0.9578125 0.7812500000000002 0.98125 0.7921875000000002 0.98125