0 0.2296875 0.2046875 0.2203125 0.2046875 0.2203125 0.2640625 0.2296875 0.2640625
0 0.2359375 0.3078125 0.221875 0.3078125 0.221875 0.3171875 0.2359375 0.3171875
0 0.3890625 0.30625 0.2546875 0.30625 0.2546875 0.31718750000000007 0.3890625 0.31718750000000007
0 0.4171875 0.21093750000000008 0.40625 0.21093750000000008 0.40625 0.2562500000000001 0.4171875 0.2562500000000001
0 0.3859375 0.18906250000000005 0.3421875 0.18906250000000005 0.3421875 0.19687500000000005 0.3859375 0.19687500000000005
0 0.4046875 0.18906250000000005 0.390625 0.18906250000000005 0.390625 0.19843750000000004 0.4046875 0.19843750000000004
0 0.253125 0.16718750000000004 0.221875 0.16718750000000004 0.221875 0.19062500000000004 0.253125 0.19062500000000004
0 0.284375 0.17031250000000003 0.25625 0.17031250000000003 0.25625 0.2078125 0.284375 0.2078125
0 0.5171875 0.3046875000000001 0.471875 0.3046875000000001 0.471875 0.30937500000000007 0.5171875 0.30937500000000007
0 0.54375 0.19375000000000003 0.5390625 0.19375000000000003 0.5390625 0.27031250000000007 0.54375 0.27031250000000007
0 0.2578125000000001 0.4984375 0.2296875000000001 0.4984375 0.2296875000000001 0.5078125 0.2578125000000001 0.5078125
0 0.36406250000000007 0.5 0.3187500000000001 0.5 0.3187500000000001 0.509375 0.36406250000000007 0.509375
0 0.490625 0.5 0.4703125 0.5 0.4703125 0.509375 0.490625 0.509375
0 0.5125 0.4984375 0.4984375 0.4984375 0.4984375 0.509375 0.5125 0.509375
0 0.5265625 0.3937500000000001 0.5171875 0.3937500000000001 0.5171875 0.4765625 0.5265625 0.4765625
0 0.4859375 0.4125 0.478125 0.4125 0.478125 0.45625 0.4859375 0.45625
1 0.221875 0.209375 0.2046875 0.209375 0.2046875 0.2484375 0.221875 0.2484375
1 0.2515625 0.14218750000000005 0.234375 0.14218750000000005 0.234375 0.16562500000000005 0.2515625 0.16562500000000005
1 0.2734375 0.15625000000000006 0.25625 0.15625000000000006 0.25625 0.18125000000000005 0.2734375 0.18125000000000005
1 0.378125 0.16875000000000004 0.3453125 0.16875000000000004 0.3453125 0.18906250000000005 0.378125 0.18906250000000005
1 0.39375 0.13906250000000003 0.3640625 0.13906250000000003 0.3640625 0.15781250000000005 0.39375 0.15781250000000005
1 0.409375 0.13906250000000003 0.396875 0.13906250000000003 0.396875 0.15781250000000005 0.409375 0.15781250000000005
1 0.4078125 0.2218750000000001 0.39375 0.2218750000000001 0.39375 0.24218750000000008 0.4078125 0.24218750000000008
0 0.390625 0.27968750000000003 0.315625 0.2796875 0.315625 0.28750000000000003 0.390625 0.2875000000000001
1 0.3609375 0.259375 0.3453125 0.259375 0.3453125 0.2765625 0.3609375 0.2765625
1 0.3296875 0.2890625 0.3140625 0.2890625 0.3140625 0.303125 0.3296875 0.303125
1 0.4984375 0.2828125000000001 0.4828125 0.2828125000000001 0.4828125 0.3000000000000001 0.4984375 0.3000000000000001
1 0.5359375 0.21250000000000008 0.5203125 0.21250000000000008 0.5203125 0.24218750000000008 0.5359375 0.24218750000000008
1 0.3812500000000001 0.4171875 0.3671875000000001 0.4171875 0.3671875000000001 0.45625 0.3812500000000001 0.45625
0 0.2531250000000001 0.371875 0.2140625000000001 0.371875 0.2140625000000001 0.3921875 0.2531250000000001 0.3921875
1 0.24218750000000006 0.3515625 0.228125 0.3515625 0.22812500000000005 0.3703125 0.24218750000000008 0.3703125
0 0.2000000000000001 0.40625 0.19687500000000005 0.40625 0.19687500000000005 0.4671875 0.2000000000000001 0.4671875
1 0.21875000000000008 0.4109375 0.20312500000000008 0.4109375 0.20312500000000008 0.4375 0.21875000000000008 0.4375
1 0.19375000000000003 0.425 0.17812500000000003 0.425 0.17812500000000003 0.446875 0.19375000000000003 0.446875
1 0.2531250000000001 0.4796875 0.2312500000000001 0.4796875 0.2312500000000001 0.496875 0.2531250000000001 0.496875
1 0.34843750000000007 0.478125 0.3312500000000001 0.478125 0.3312500000000001 0.496875 0.34843750000000007 0.496875
0 0.38750000000000007 0.3984375000000001 0.3812500000000001 0.3984375000000001 0.3812500000000001 0.475 0.38750000000000007 0.475
1 0.51875 0.4234375 0.503125 0.4234375 0.503125 0.4484375 0.51875 0.4484375
1 0.478125 0.421875 0.4609375 0.421875 0.4609375 0.44375 0.478125 0.44375
1 0.25 0.2890625 0.234375 0.2890625 0.234375 0.3046875 0.25 0.3046875
0 0.775 0.1906250000000001 0.740625 0.1906250000000001 0.740625 0.2062500000000001 0.775 0.2062500000000001
1 0.76875 0.17343750000000008 0.7453125 0.17343750000000008 0.7453125 0.1921875000000001 0.76875 0.1921875000000001
1 0.846875 0.3000000000000001 0.83125 0.3000000000000001 0.83125 0.3265625000000001 0.846875 0.3265625000000001
0 0.8578125 0.2156250000000001 0.8484375 0.2156250000000001 0.8484375 0.40625000000000017 0.8578125 0.40625000000000017
0 0.2328125000000001 0.6984375 0.20312500000000008 0.6984375 0.20312500000000008 0.709375 0.2328125000000001 0.709375
1 0.2234375000000001 0.68125 0.2093750000000001 0.68125 0.2093750000000001 0.6953125 0.2234375000000001 0.6953125
1 0.18750000000000008 0.7375 0.1703125000000001 0.7375 0.1703125000000001 0.790625 0.18750000000000008 0.790625
1 0.2562500000000001 0.765625 0.2453125000000001 0.765625 0.2453125000000001 0.796875 0.2562500000000001 0.796875
0 0.2453125000000001 0.85625 0.19687500000000008 0.85625 0.19687500000000008 0.89375 0.2453125000000001 0.89375
1 0.22656250000000008 0.8640625 0.2062500000000001 0.8640625 0.2062500000000001 0.884375 0.22656250000000008 0.884375
0 0.31718750000000007 0.703125 0.28593750000000007 0.703125 0.28593750000000007 0.7140625 0.31718750000000007 0.7140625
1 0.3046875000000001 0.684375 0.2906250000000001 0.684375 0.2906250000000001 0.7 0.3046875000000001 0.7
1 0.3390625000000001 0.759375 0.32500000000000007 0.759375 0.32500000000000007 0.778125 0.3390625000000001 0.778125
0 0.4187500000000002 0.84375 0.3859375000000001 0.84375 0.3859375000000001 0.85625 0.4187500000000002 0.85625
1 0.4078125000000002 0.8234375 0.39531250000000007 0.8234375 0.39531250000000007 0.8421875 0.4078125000000002 0.8421875
1 0.44843750000000016 0.771875 0.43281250000000016 0.771875 0.43281250000000016 0.7921875 0.44843750000000016 0.7921875
1 0.4296875 0.6515625 0.41875 0.6515625 0.41875 0.6734375 0.4296875 0.6734375
0 0.4375 0.6171875 0.4328125 0.6171875 0.4328125 0.7109375 0.4375 0.7109375
1 0.4484375 0.665625 0.4359375 0.665625 0.4359375 0.6859375 0.4484375 0.6859375
1 0.37968750000000007 0.63125 0.3625000000000001 0.63125 0.3625000000000001 0.6703125 0.37968750000000007 0.6703125
0 0.3828125000000001 0.5890625 0.3781250000000001 0.5890625 0.3781250000000001 0.634375 0.3828125000000001 0.634375
0 0.4171875 0.590625 0.3859375000000001 0.590625 0.3859375000000001 0.6015625 0.4171875 0.6015625
1 0.409375 0.56875 0.39531250000000007 0.56875 0.39531250000000007 0.5921875 0.409375 0.5921875
0 0.5265625 0.590625 0.4984375 0.590625 0.4984375 0.6 0.5265625 0.6
1 0.51875 0.5703125 0.50625 0.5703125 0.50625 0.5875 0.51875 0.5875
1 0.56875 0.6640625 0.5546875 0.6640625 0.5546875 0.6875 0.56875 0.6875
0 0.1937500000000001 0.6984375 0.1859375000000001 0.6984375 0.1859375000000001 0.7953125 0.1937500000000001 0.7953125
0 0.2640625000000001 0.71875 0.25468750000000007 0.71875 0.25468750000000007 0.8375 0.2640625000000001 0.8375
0 0.34843750000000007 0.7203125 0.34062500000000007 0.7203125 0.34062500000000007 0.8203125 0.34843750000000007 0.8203125
0 0.4546875000000001 0.6078125 0.446875 0.6078125 0.4468750000000001 0.74375 0.4546875000000002 0.74375
0 0.4546875000000002 0.75 0.44843750000000016 0.75 0.44843750000000016 0.815625 0.4546875000000002 0.815625
0 0.5750000000000001 0.6078125 0.56875 0.6078125 0.5687500000000001 0.746875 0.5750000000000002 0.746875