0 0.6578125 0.2296875000000001 0.6203125 0.2296875000000001 0.6203125 0.3359375000000001 0.6578125 0.3359375000000001
0 0.4078125 0.23437500000000008 0.396875 0.23437500000000008 0.396875 0.3296875000000001 0.4078125 0.3296875000000001
0 0.6203125 0.3359375000000001 0.434375 0.3359375000000001 0.434375 0.3937500000000001 0.6203125 0.3937500000000001
0 0.3765625000000001 0.37812500000000004 0.3296875000000001 0.378125 0.3296875000000001 0.440625 0.3765625000000001 0.440625
0 0.621875 0.3781250000000001 0.3703125000000001 0.3781250000000001 0.3703125000000001 0.4390625 0.621875 0.4390625
0 0.7859375 0.3750000000000001 0.66875 0.3750000000000001 0.66875 0.4593750000000001 0.7859375 0.4593750000000002
1 0.19531250000000008 0.796875 0.18750000000000008 0.796875 0.18750000000000008 0.815625 0.19531250000000008 0.815625
1 0.2140625000000001 0.796875 0.20312500000000008 0.796875 0.20312500000000008 0.81875 0.2140625000000001 0.81875
1 0.25468750000000007 0.796875 0.2468750000000001 0.796875 0.2468750000000001 0.8171875 0.25468750000000007 0.8171875
1 0.2640625000000001 0.796875 0.2562500000000001 0.796875 0.2562500000000001 0.815625 0.2640625000000001 0.815625
1 0.2640625000000001 0.7609375 0.2562500000000001 0.7609375 0.2562500000000001 0.7796875 0.2640625000000001 0.7796875
1 0.2718750000000001 0.7625 0.2640625000000001 0.7625 0.2640625000000001 0.7796875 0.2718750000000001 0.7796875
1 0.2796875000000001 0.7625 0.27031250000000007 0.7625 0.27031250000000007 0.7796875 0.2796875000000001 0.7796875
1 0.2921875000000001 0.7640625 0.2875000000000001 0.7640625 0.2875000000000001 0.7796875 0.2921875000000001 0.7796875
1 0.3000000000000001 0.7625 0.2921875000000001 0.7625 0.2921875000000001 0.7796875 0.3000000000000001 0.7796875
1 0.3078125000000001 0.7640625 0.3000000000000001 0.7640625 0.3000000000000001 0.7796875 0.3078125000000001 0.7796875
1 0.3234375000000001 0.796875 0.3156250000000001 0.796875 0.3156250000000001 0.815625 0.3234375000000001 0.815625
1 0.3359375000000001 0.7984375 0.32500000000000007 0.7984375 0.32500000000000007 0.8171875 0.3359375000000001 0.8171875
1 0.3921875000000001 0.796875 0.3843750000000001 0.796875 0.3843750000000001 0.815625 0.3921875000000001 0.815625
1 0.4031250000000002 0.7984375 0.3906250000000001 0.7984375 0.3906250000000001 0.815625 0.4031250000000002 0.815625
1 0.3500000000000001 0.7625 0.34062500000000007 0.7625 0.34062500000000007 0.78125 0.3500000000000001 0.78125
1 0.35625000000000007 0.7625 0.3500000000000001 0.7625 0.3500000000000001 0.7796875 0.35625000000000007 0.7796875
1 0.36406250000000007 0.7625 0.35625000000000007 0.7625 0.35625000000000007 0.7796875 0.36406250000000007 0.7796875
1 0.3781250000000001 0.7609375 0.37187500000000007 0.7609375 0.37187500000000007 0.778125 0.3781250000000001 0.778125
1 0.3859375000000001 0.7640625 0.37968750000000007 0.7640625 0.37968750000000007 0.7796875 0.3859375000000001 0.7796875
1 0.3937500000000001 0.7640625 0.3859375000000001 0.7640625 0.3859375000000001 0.7796875 0.3937500000000001 0.7796875
1 0.44843750000000016 0.7953125 0.4390625000000002 0.7953125 0.4390625000000002 0.81875 0.44843750000000016 0.81875
1 0.4578125000000002 0.796875 0.44843750000000016 0.796875 0.44843750000000016 0.8171875 0.4578125000000002 0.8171875
1 0.4906250000000002 0.7984375 0.4828125000000002 0.7984375 0.4828125000000002 0.8171875 0.4906250000000002 0.8171875
1 0.5015625000000001 0.7984375 0.4906250000000002 0.7984375 0.4906250000000002 0.8171875 0.5015625000000001 0.8171875
1 0.5171875000000001 0.7953125 0.5078125000000002 0.7953125 0.5078125000000002 0.8171875 0.5171875000000001 0.8171875
1 0.5250000000000001 0.796875 0.5171875000000001 0.796875 0.5171875000000001 0.815625 0.5250000000000001 0.815625
1 0.5468750000000002 0.7984375 0.5390625000000002 0.7984375 0.5390625000000002 0.8171875 0.5468750000000002 0.8171875
1 0.5562500000000001 0.7984375 0.5468750000000002 0.7984375 0.5468750000000002 0.8171875 0.5562500000000001 0.8171875
1 0.5718750000000001 0.7984375 0.5640625000000001 0.7984375 0.5640625000000001 0.815625 0.5718750000000001 0.815625
1 0.5828125000000002 0.7984375 0.5734375000000002 0.7984375 0.5734375000000002 0.815625 0.5828125000000002 0.815625
1 0.5968750000000002 0.8 0.5906250000000002 0.8 0.5906250000000002 0.8171875 0.5968750000000002 0.8171875
1 0.6078125000000002 0.796875 0.5984375000000002 0.796875 0.5984375000000002 0.8171875 0.6078125000000002 0.8171875
1 0.6234375000000002 0.796875 0.6156250000000002 0.796875 0.6156250000000002 0.8171875 0.6234375000000002 0.8171875
1 0.6312500000000002 0.7984375 0.6250000000000002 0.7984375 0.6250000000000002 0.81875 0.6312500000000002 0.81875
1 0.6406250000000002 0.796875 0.6328125000000002 0.796875 0.6328125000000002 0.815625 0.6406250000000002 0.815625
1 0.6531250000000002 0.796875 0.6453125000000002 0.796875 0.6453125000000002 0.8171875 0.6531250000000002 0.8171875
1 0.6625000000000002 0.7984375 0.6546875000000002 0.7984375 0.6546875000000002 0.8171875 0.6625000000000002 0.8171875
1 0.6796875000000002 0.796875 0.6718750000000002 0.796875 0.6718750000000002 0.815625 0.6796875000000002 0.815625
1 0.6968750000000001 0.7984375 0.6890625000000001 0.7984375 0.6890625000000001 0.8171875 0.6968750000000001 0.8171875
1 0.6875000000000002 0.796875 0.6796875000000002 0.796875 0.6796875000000002 0.8171875 0.6875000000000002 0.8171875
1 0.7125000000000001 0.796875 0.7062500000000002 0.796875 0.7062500000000002 0.8171875 0.7125000000000001 0.8171875
1 0.7234375000000002 0.796875 0.7140625000000002 0.796875 0.7140625000000002 0.815625 0.7234375000000002 0.815625
1 0.7390625000000002 0.7968750000000002 0.7312500000000002 0.7968750000000002 0.7312500000000002 0.815625 0.7390625000000002 0.815625
1 0.7484375000000002 0.7968750000000002 0.7406250000000002 0.7968750000000002 0.7406250000000002 0.8171875 0.7484375000000002 0.8171875
1 0.7687500000000002 0.7968750000000002 0.7625000000000002 0.7968750000000002 0.7625000000000002 0.815625 0.7687500000000002 0.815625
1 0.7796875000000002 0.7968750000000002 0.7703125000000002 0.7968750000000002 0.7703125000000002 0.8171875 0.7796875000000002 0.8171875
1 0.7937500000000002 0.7968750000000002 0.7875000000000002 0.7968750000000002 0.7875000000000002 0.8171875 0.7937500000000002 0.8171875
1 0.8046875 0.7968750000000002 0.7953125000000002 0.7968750000000002 0.7953125000000002 0.8171875 0.8046875 0.8171875
1 0.8390625 0.7968750000000002 0.83125 0.7968750000000002 0.83125 0.8171875 0.8390625 0.8171875
1 0.846875 0.7968750000000002 0.8390625 0.7968750000000002 0.8390625 0.8171875 0.846875 0.8171875
1 0.88125 0.7984375000000001 0.8734375 0.7984375000000001 0.8734375 0.815625 0.88125 0.815625
1 0.890625 0.7984375000000001 0.8828125 0.7984375000000001 0.8828125 0.8171875 0.890625 0.8171875
1 0.9078125 0.7968750000000002 0.9 0.7968750000000002 0.9 0.8171875 0.9078125 0.8171875
1 0.915625 0.7968750000000002 0.90625 0.7968750000000002 0.90625 0.8171875 0.915625 0.8171875
1 0.9375 0.7984375000000001 0.9296875 0.7984375000000001 0.9296875 0.8171875 0.9375 0.8171875
1 0.9453125 0.7968750000000002 0.9390625 0.7968750000000002 0.9390625 0.81875 0.9453125 0.81875
1 0.9609375 0.8 0.95625 0.8 0.95625 0.8171875 0.9609375 0.8171875
1 0.971875 0.7953125000000002 0.9640625 0.7953125000000002 0.9640625 0.8171875 0.971875 0.8171875
1 0.14062500000000008 0.7953125 0.13281250000000008 0.7953125 0.13281250000000008 0.8171875 0.14062500000000008 0.8171875
1 0.15000000000000008 0.7984375 0.1390625000000001 0.7984375 0.1390625000000001 0.8171875 0.15000000000000008 0.8171875