0 0.365625 0.16250000000000003 0.2234375 0.16250000000000003 0.2234375 0.19687500000000005 0.365625 0.19687500000000005
0 0.359375 0.19843750000000004 0.2296875 0.19843750000000004 0.2296875 0.234375 0.359375 0.234375
0 0.3296875 0.234375 0.2625 0.234375 0.2625 0.275 0.3296875 0.275
0 0.4125 0.2453125000000001 0.365625 0.2453125000000001 0.365625 0.2796875000000001 0.4125 0.2796875000000001
0 0.415625 0.2953125000000001 0.365625 0.2953125000000001 0.36562500000000003 0.3765625000000001 0.415625 0.3765625000000001
0 0.415625 0.3765625000000001 0.3812500000000001 0.3765625000000001 0.3812500000000001 0.415625 0.415625 0.415625
0 0.3203125000000001 0.5015625 0.2718750000000001 0.5015625 0.2718750000000001 0.515625 0.3203125000000001 0.515625
0 0.20312500000000006 0.2765625 0.17187500000000006 0.2765625 0.17187500000000006 0.5546875 0.20312500000000008 0.5546875
0 0.415625 0.546875 0.3843750000000001 0.546875 0.3843750000000001 0.6140625 0.415625 0.6140625
1 0.4703125 0.2718750000000001 0.4625 0.2718750000000001 0.4625 0.29375000000000007 0.4703125 0.29375000000000007
1 0.4796875 0.2718750000000001 0.4734375 0.2718750000000001 0.4734375 0.2906250000000001 0.4796875 0.2906250000000001
1 0.4890625 0.2718750000000001 0.48125 0.2718750000000001 0.48125 0.2921875000000001 0.4890625 0.2921875000000001
1 0.5140625 0.27031250000000007 0.50625 0.27031250000000007 0.50625 0.2906250000000001 0.5140625 0.2906250000000001
1 0.525 0.27031250000000007 0.5171875 0.27031250000000007 0.5171875 0.2906250000000001 0.525 0.2906250000000001
2 0.4546875 0.3312500000000001 0.446875 0.3312500000000001 0.446875 0.34062500000000007 0.4546875 0.34062500000000007
1 0.4671875 0.32500000000000007 0.459375 0.32500000000000007 0.459375 0.3437500000000001 0.4671875 0.3437500000000001
1 0.478125 0.32500000000000007 0.46875 0.32500000000000007 0.46875 0.3453125000000001 0.478125 0.3453125000000001
2 0.45625 0.37187500000000007 0.4453125 0.37187500000000007 0.4453125 0.3828125000000001 0.45625 0.3828125000000001
1 0.465625 0.3671875000000001 0.4578125 0.3671875000000001 0.4578125 0.3859375000000001 0.465625 0.3859375000000001
1 0.475 0.3671875000000001 0.4703125 0.3671875000000001 0.4703125 0.38750000000000007 0.475 0.38750000000000007
1 0.4828125 0.3656250000000001 0.4765625 0.3656250000000001 0.4765625 0.3859375000000001 0.4828125 0.3859375000000001
1 0.465625 0.5671875 0.4578125 0.5671875 0.4578125 0.584375 0.465625 0.584375
1 0.475 0.5671875 0.46875 0.5671875 0.46875 0.5875 0.475 0.5875
1 0.29375 0.14062500000000006 0.2859375 0.14062500000000006 0.2859375 0.15937500000000004 0.29375 0.15937500000000004
1 0.3046875 0.14062500000000006 0.2953125 0.14062500000000006 0.2953125 0.15781250000000005 0.3046875 0.15781250000000005
1 0.3203125 0.18281250000000004 0.3125 0.18281250000000004 0.3125 0.2015625 0.3203125 0.2015625
1 0.30156250000000007 0.4828125 0.28593750000000007 0.4828125 0.28593750000000007 0.5046875 0.30156250000000007 0.5046875
1 0.17187500000000006 0.40625 0.15781250000000005 0.40625 0.15781250000000005 0.4171875 0.17187500000000006 0.4171875
1 0.4453125 0.4859375 0.434375 0.4859375 0.434375 0.503125 0.4453125 0.503125
1 0.44375 0.453125 0.434375 0.453125 0.434375 0.475 0.44375 0.475
1 0.46875 0.453125 0.459375 0.453125 0.459375 0.471875 0.46875 0.471875
1 0.4875 0.4515625 0.4765625 0.4515625 0.4765625 0.475 0.4875 0.475
1 0.4921875 0.3671875000000001 0.484375 0.3671875000000001 0.484375 0.3859375000000001 0.4921875 0.3859375000000001
1 0.4875 0.3234375000000001 0.4765625 0.3234375000000001 0.4765625 0.3437500000000001 0.4875 0.3437500000000001
1 0.5390625 0.2718750000000001 0.5296875 0.2718750000000001 0.5296875 0.2890625000000001 0.5390625 0.2890625000000001
2 0.45625 0.27812500000000007 0.446875 0.27812500000000007 0.446875 0.2890625000000001 0.45625 0.2890625000000001
0 0.8140625 0.21250000000000008 0.7421875 0.21250000000000008 0.7421875 0.2562500000000001 0.8140625 0.2562500000000001
0 0.8890625 0.27812500000000007 0.85 0.27812500000000007 0.85 0.3734375000000001 0.8890625 0.3734375000000001
0 0.9234375 0.25468750000000007 0.8921875 0.25468750000000007 0.8921875 0.47187500000000016 0.9234375 0.47187500000000016
0 0.921875 0.46875000000000017 0.8671875 0.46875000000000017 0.8671875 0.5500000000000002 0.921875 0.5500000000000002