0 0.7625 0.27812500000000007 0.659375 0.27812500000000007 0.659375 0.3265625000000001 0.7625 0.3265625000000001
0 0.8125 0.13281250000000008 0.7640625 0.13281250000000008 0.7640625 0.2812500000000001 0.8125 0.2812500000000001
2 0.8 0.057812500000000086 0.7734375 0.057812500000000086 0.7734375 0.09218750000000009 0.8 0.09218750000000009
2 0.76875 0.04687500000000009 0.73125 0.04687500000000009 0.73125 0.0906250000000001 0.76875 0.0906250000000001
2 0.8125 0.0671875000000001 0.7984375 0.0671875000000001 0.7984375 0.09218750000000009 0.8125 0.09218750000000009
2 0.771875 0.06562500000000009 0.7609375 0.06562500000000009 0.7609375 0.08906250000000009 0.771875 0.08906250000000009
1 0.765625 0.02968750000000009 0.7484375 0.02968750000000009 0.7484375 0.057812500000000086 0.765625 0.057812500000000086
1 0.7171875 0.028125000000000087 0.7046875 0.028125000000000087 0.7046875 0.06250000000000008 0.7171875 0.06250000000000008
1 0.7375 0.03281250000000009 0.715625 0.03281250000000009 0.715625 0.05937500000000009 0.7375 0.05937500000000009
1 0.571875 0.12656250000000008 0.5609375 0.12656250000000008 0.5609375 0.1453125000000001 0.571875 0.1453125000000001
1 0.553125 0.12500000000000006 0.5375 0.12500000000000006 0.5375 0.15000000000000008 0.553125 0.15000000000000008
0 0.5546875 0.28125000000000006 0.3359375 0.28125 0.3359375 0.36250000000000004 0.5546875 0.3625000000000001
0 0.5578125 0.2500000000000001 0.3890625 0.2500000000000001 0.3890625 0.32500000000000007 0.5578125 0.32500000000000007
0 0.5734375 0.2531250000000001 0.4796875 0.2531250000000001 0.4796875 0.29375000000000007 0.5734375 0.29375000000000007
1 0.515625 0.2671875000000001 0.5078125 0.2671875000000001 0.5078125 0.2843750000000001 0.515625 0.2843750000000001
1 0.528125 0.2640625000000001 0.515625 0.2640625000000001 0.515625 0.28593750000000007 0.528125 0.28593750000000007
2 0.3984375 0.13750000000000004 0.371875 0.13750000000000004 0.371875 0.16250000000000003 0.3984375 0.16250000000000003
1 0.3953125 0.12187500000000004 0.3828125 0.12187500000000004 0.3828125 0.14218750000000005 0.3953125 0.14218750000000005
0 0.3890625 0.10781250000000005 0.3421875 0.10781250000000005 0.3421875 0.15937500000000004 0.3890625 0.15937500000000004
1 0.3734375 0.12343750000000005 0.3625 0.12343750000000005 0.3625 0.14531250000000004 0.3734375 0.14531250000000004
0 0.3390625 0.09218750000000005 0.303125 0.09218750000000005 0.303125 0.11406250000000004 0.3390625 0.11406250000000004
1 0.3296875 0.07812500000000004 0.31875 0.07812500000000004 0.31875 0.09687500000000004 0.3296875 0.09687500000000004
1 0.3375 0.07656250000000005 0.3296875 0.07656250000000005 0.3296875 0.09687500000000004 0.3375 0.09687500000000004
1 0.3734375 0.28437500000000004 0.3546875 0.284375 0.3546875 0.30312500000000003 0.3734375 0.3031250000000001
1 0.371875 0.30937500000000007 0.3546875 0.309375 0.3546875 0.32812500000000006 0.371875 0.3281250000000001
1 0.365625 0.25312500000000004 0.3515625 0.253125 0.3515625 0.26562500000000006 0.365625 0.2656250000000001
2 0.534375 0.2578125000000001 0.5265625 0.2578125000000001 0.5265625 0.2750000000000001 0.534375 0.2750000000000001
0 0.325 0.11093750000000005 0.2828125 0.11093750000000005 0.2828125 0.13437500000000005 0.325 0.13437500000000005
0 0.29375 0.14843750000000006 0.25625 0.14843750000000006 0.25625 0.2625 0.29375 0.2625
0 0.34375 0.278125 0.2890625 0.278125 0.2890625 0.3546875 0.34375 0.3546875
0 0.3234375 0.2859375 0.3140625 0.2859375 0.3140625 0.35 0.3234375 0.35
0 0.3734375 0.16718750000000004 0.3640625 0.16718750000000004 0.3640625 0.24375000000000008 0.3734375 0.24375000000000008
0 0.6046875 0.15781250000000008 0.5546875 0.15781250000000008 0.5546875 0.2531250000000001 0.6046875 0.2531250000000001