0 0.4734375 0.6046875 0.24218750000000008 0.6046875 0.24218750000000008 0.61875 0.4734375 0.61875
0 0.1937500000000001 0.6015625 0.1625000000000001 0.6015625 0.1625000000000001 0.61875 0.1937500000000001 0.61875
0 0.46875 0.5546875 0.32500000000000007 0.5546875 0.32500000000000007 0.5703125 0.46875 0.5703125
0 0.23593750000000008 0.5609375 0.2062500000000001 0.5609375 0.2062500000000001 0.5765625 0.23593750000000008 0.5765625
0 0.3031250000000001 0.5640625 0.2687500000000001 0.5640625 0.2687500000000001 0.5765625 0.3031250000000001 0.5765625
0 0.18437500000000004 0.428125 0.16875000000000004 0.428125 0.16875000000000004 0.5203125 0.18437500000000004 0.5203125
0 0.2640625000000001 0.43125 0.2515625000000001 0.43125 0.2515625000000001 0.51875 0.2640625000000001 0.51875
0 0.3187500000000001 0.44375 0.30156250000000007 0.44375 0.30156250000000007 0.503125 0.3187500000000001 0.503125
0 0.509375 0.4296875 0.4984375 0.4296875 0.4984375 0.5125 0.509375 0.5125
0 0.675 0.4140625 0.659375 0.4140625 0.659375 0.54375 0.675 0.54375
0 0.6234375 0.5859375 0.5390625 0.5859375 0.5390625 0.6078125 0.6234375 0.6078125
0 0.75 0.6234375000000001 0.70625 0.6234375 0.70625 0.6453125000000001 0.75 0.6453125000000002
0 0.7734375 0.5671875000000001 0.7125 0.5671875 0.7125 0.5906250000000001 0.7734375 0.5906250000000002
0 0.875 0.4203125000000002 0.865625 0.4203125000000002 0.865625 0.5312500000000002 0.875 0.5312500000000002
1 0.18906250000000005 0.3203125 0.16093750000000004 0.3203125 0.16093750000000004 0.3625 0.18906250000000005 0.3625
1 0.15468750000000003 0.34375 0.13437500000000005 0.34375 0.13437500000000005 0.3859375 0.15468750000000003 0.3859375
1 0.2968750000000001 0.64375 0.2390625000000001 0.64375 0.2390625000000001 0.66875 0.2968750000000001 0.66875