0 0.3125000000000001 0.659375 0.2750000000000001 0.659375 0.2750000000000001 0.840625 0.3125000000000001 0.840625
0 0.3125000000000001 0.659375 0.27812500000000007 0.659375 0.27812500000000007 0.746875 0.3125000000000001 0.746875
0 0.30937500000000007 0.771875 0.27812500000000007 0.771875 0.27812500000000007 0.8328125 0.30937500000000007 0.8328125
0 0.4703125000000002 0.8375 0.2812500000000001 0.8375 0.2812500000000001 0.9671875 0.4703125000000002 0.9671875
0 0.3437500000000001 0.834375 0.2843750000000001 0.834375 0.2843750000000001 0.9609375 0.3437500000000001 0.9609375
0 0.3515625000000001 0.834375 0.3078125000000001 0.834375 0.3078125000000001 0.903125 0.3515625000000001 0.903125
0 0.4703125000000002 0.8375 0.3656250000000001 0.8375 0.3656250000000001 0.965625 0.4703125000000002 0.965625
0 0.43750000000000017 0.8375 0.3609375000000001 0.8375 0.3609375000000001 0.9046875 0.43750000000000017 0.9046875
0 0.7546875000000001 0.6765625000000001 0.7046875 0.6765625 0.7046875000000001 0.7562500000000001 0.7546875000000002 0.7562500000000002
0 0.7546875000000002 0.7718750000000001 0.7062500000000002 0.771875 0.7062500000000002 0.8265625 0.7546875000000002 0.8265625
0 0.809375 0.8421875 0.5906250000000002 0.8421875 0.5906250000000002 0.921875 0.809375 0.921875
0 0.978125 0.19375000000000014 0.9265625 0.19375000000000014 0.9265625 0.34843750000000007 0.978125 0.34843750000000007
0 0.94375 0.3500000000000001 0.8 0.3500000000000001 0.8 0.4968750000000002 0.94375 0.4968750000000002
0 0.940625 0.3921875000000001 0.8765625 0.3921875000000001 0.8765625 0.49218750000000017 0.940625 0.49218750000000017
0 0.8640625 0.4359375000000002 0.80625 0.4359375000000002 0.80625 0.47656250000000017 0.8640625 0.47656250000000017
0 0.9 0.34843750000000007 0.8640625 0.34843750000000007 0.8640625 0.3984375000000001 0.9 0.3984375000000001
0 0.878125 0.3671875000000001 0.8375 0.3671875000000001 0.8375 0.42500000000000016 0.878125 0.42500000000000016
0 0.7796875 0.2218750000000001 0.728125 0.2218750000000001 0.728125 0.3203125000000001 0.7796875 0.3203125000000001
2 0.7734375 0.17187500000000008 0.734375 0.17187500000000008 0.734375 0.21875000000000008 0.7734375 0.21875000000000008
2 0.6046875 0.17343750000000008 0.56875 0.17343750000000008 0.56875 0.21875000000000008 0.6046875 0.21875000000000008
2 0.5046875 0.3515625000000001 0.4734375 0.3515625000000001 0.4734375 0.4078125 0.5046875 0.4078125
2 0.4265625 0.34062500000000007 0.3953125 0.34062500000000007 0.39531250000000007 0.3968750000000001 0.4265625 0.3968750000000001
0 0.5234375 0.09843750000000005 0.4109375 0.09843750000000004 0.4109375 0.18906250000000005 0.5234375 0.18906250000000005
0 0.5578125 0.14218750000000008 0.478125 0.14218750000000005 0.478125 0.2156250000000001 0.5578125 0.2156250000000001
0 0.45 0.13281250000000006 0.353125 0.13281250000000006 0.353125 0.25468750000000007 0.45 0.25468750000000007
0 0.559375 0.2234375000000001 0.546875 0.2234375000000001 0.546875 0.30937500000000007 0.559375 0.30937500000000007
0 0.725 0.415625 0.3734375000000001 0.415625 0.3734375000000001 0.4375 0.725 0.4375
0 0.7203125 0.4171875 0.59375 0.4171875 0.59375 0.434375 0.7203125 0.434375
0 0.5890625 0.4203125 0.475 0.4203125 0.475 0.4359375 0.5890625 0.4359375
0 0.728125 0.4640625000000001 0.4046875 0.4640625 0.4046875 0.5000000000000001 0.728125 0.5000000000000002
0 0.7203125 0.475 0.4734375 0.475 0.4734375 0.49375 0.7203125 0.49375
0 0.4703125 0.4765625 0.4140625 0.4765625 0.4140625 0.490625 0.4703125 0.490625
0 0.425 0.4109375 0.3765625000000001 0.4109375 0.3765625000000001 0.4390625 0.425 0.4390625
0 0.403125 0.32656250000000003 0.2875 0.3265625 0.28750000000000003 0.37812500000000004 0.403125 0.3781250000000001
0 0.13125000000000003 0.3375 0.07343750000000004 0.3375 0.07343750000000004 0.415625 0.13125000000000003 0.415625
0 0.26250000000000007 0.3453125 0.12968750000000004 0.3453125 0.12968750000000004 0.4203125 0.26250000000000007 0.4203125
0 0.396875 0.20312500000000006 0.35625 0.203125 0.35625 0.32812500000000006 0.396875 0.3281250000000001
1 0.5921875 0.5828125 0.5765625 0.5828125 0.5765625 0.609375 0.5921875 0.609375
1 0.7484375 0.1625000000000001 0.7390625 0.1625000000000001 0.7390625 0.18906250000000008 0.7484375 0.18906250000000008
1 0.765625 0.16406250000000008 0.7484375 0.16406250000000008 0.7484375 0.18750000000000008 0.765625 0.18750000000000008
1 0.5859375 0.1671875000000001 0.575 0.1671875000000001 0.575 0.1921875000000001 0.5859375 0.1921875000000001
1 0.5984375 0.1609375000000001 0.5859375 0.1609375000000001 0.5859375 0.1906250000000001 0.5984375 0.1906250000000001
1 0.45 0.15937500000000004 0.434375 0.15937500000000004 0.434375 0.17343750000000005 0.45 0.17343750000000005
1 0.44375 0.14687500000000003 0.4296875 0.14687500000000003 0.4296875 0.16406250000000006 0.44375 0.16406250000000006
1 0.3640625 0.29375000000000007 0.3515625 0.29375 0.3515625 0.30937500000000007 0.3640625 0.30937500000000007
1 0.3703125 0.27968750000000003 0.3515625 0.2796875 0.3515625 0.29687500000000006 0.3703125 0.2968750000000001
1 0.55 0.24375000000000008 0.5390625 0.24375000000000008 0.5390625 0.2562500000000001 0.55 0.2562500000000001
1 0.7546875000000002 0.8703125 0.7390625000000002 0.8703125 0.7390625000000002 0.896875 0.7546875000000002 0.896875
1 0.7687500000000002 0.8703125 0.7562500000000002 0.8703125 0.7562500000000002 0.896875 0.7687500000000002 0.896875
2 0.7343750000000002 0.8734375 0.7156250000000002 0.8734375 0.7156250000000002 0.896875 0.7343750000000002 0.896875
0 0.7968750000000002 0.8859375 0.7859375000000002 0.8859375 0.7859375000000002 0.9 0.7968750000000002 0.9
1 0.746875 0.690625 0.7234375 0.690625 0.7234375 0.7093750000000001 0.746875 0.7093750000000002
2 0.4625000000000002 0.9 0.4500000000000002 0.9 0.4500000000000002 0.91875 0.4625000000000002 0.91875
2 0.43750000000000017 0.9 0.4281250000000002 0.9 0.4281250000000002 0.915625 0.43750000000000017 0.915625
2 0.44843750000000016 0.9 0.4390625000000002 0.9 0.4390625000000002 0.9171875 0.44843750000000016 0.9171875
1 0.28593750000000007 0.6640625 0.2734375000000001 0.6640625 0.2734375000000001 0.6796875 0.28593750000000007 0.6796875
2 0.26406250000000003 0.3578125 0.253125 0.3578125 0.25312500000000004 0.3734375 0.2640625000000001 0.3734375
2 0.275 0.3578125 0.2640625 0.3578125 0.26406250000000003 0.375 0.2750000000000001 0.375
2 0.3390625 0.3296875 0.3265625 0.3296875 0.3265625 0.35 0.3390625 0.35
2 0.353125 0.3328125 0.34375 0.3328125 0.34375 0.35 0.353125 0.35
1 0.390625 0.11562500000000005 0.38125 0.11562500000000005 0.38125 0.13281250000000006 0.390625 0.13281250000000006
0 0.45 0.2062500000000001 0.425 0.2062500000000001 0.425 0.25468750000000007 0.45 0.25468750000000007
1 0.50625 0.3390625000000001 0.4875 0.3390625000000001 0.4875 0.3593750000000001 0.50625 0.3593750000000001
1 0.50625 0.3218750000000001 0.4890625 0.3218750000000001 0.4890625 0.3421875000000001 0.50625 0.3421875000000001
2 0.678125 0.3812500000000001 0.6640625 0.3812500000000001 0.6640625 0.403125 0.678125 0.403125
1 0.2234375 0.07343750000000002 0.2125 0.07343750000000002 0.2125 0.09531250000000002 0.2234375 0.09531250000000002