0 0.2562500000000001 0.4390625 0.2062500000000001 0.4390625 0.2062500000000001 0.45 0.2562500000000001 0.45
0 0.640625 0.4375 0.26250000000000007 0.4375 0.26250000000000007 0.45 0.640625 0.45
0 0.640625 0.3671875000000001 0.434375 0.3671875000000001 0.434375 0.3812500000000001 0.640625 0.3812500000000001
0 0.6953125 0.2015625000000001 0.6859375 0.2015625000000001 0.6859375 0.3062500000000001 0.6953125 0.3062500000000001
0 0.86875 0.40156250000000016 0.7484375 0.40156250000000016 0.7484375 0.4125000000000002 0.86875 0.4125000000000002
0 0.2593750000000001 0.85 0.2093750000000001 0.85 0.2093750000000001 0.8625 0.2593750000000001 0.8625
0 0.6390625000000002 0.8515625 0.26250000000000007 0.8515625 0.26250000000000007 0.8625 0.6390625000000002 0.8625
0 0.6937500000000001 0.6453125 0.684375 0.6453125 0.6843750000000001 0.753125 0.6937500000000002 0.753125
0 0.86875 0.846875 0.7484375000000002 0.846875 0.7484375000000002 0.8578125 0.86875 0.8578125
1 0.55 0.07812500000000007 0.521875 0.07812500000000007 0.521875 0.13281250000000006 0.55 0.13281250000000008
1 0.59375 0.07968750000000006 0.578125 0.07968750000000006 0.578125 0.1359375000000001 0.59375 0.1359375000000001
1 0.5734375 0.07968750000000006 0.5515625 0.07968750000000006 0.5515625 0.1359375000000001 0.5734375 0.1359375000000001
1 0.5484375 0.5125 0.525 0.5125 0.525 0.56875 0.5484375 0.56875
1 0.571875 0.5109375 0.5484375 0.5109375 0.5484375 0.56875 0.571875 0.56875
1 0.59375 0.5125 0.571875 0.5125 0.571875 0.5734375 0.59375 0.5734375