0 0.5625 0.459375 0.2906250000000001 0.459375 0.2906250000000001 0.4828125 0.5625 0.4828125
0 0.2828125000000001 0.459375 0.2093750000000001 0.459375 0.2093750000000001 0.4859375 0.2828125000000001 0.4859375
0 0.5609375 0.39843750000000006 0.3359375000000001 0.3984375 0.3359375000000001 0.4171875 0.5609375 0.4171875
0 0.9125 0.44531250000000017 0.75 0.44531250000000017 0.75 0.4828125000000002 0.9125 0.4828125000000002
0 0.7109375 0.11875000000000009 0.6859375 0.11875000000000009 0.6859375 0.3859375000000001 0.7109375 0.3859375000000001
0 0.628125 0.1937500000000001 0.6046875 0.1937500000000001 0.6046875 0.3296875000000001 0.628125 0.3296875000000001
0 0.18281250000000002 0.15156250000000002 0.1625 0.1515625 0.16250000000000003 0.3625 0.18281250000000004 0.3625
0 0.4156250000000002 0.7484375 0.39531250000000007 0.7484375 0.39531250000000007 0.9828125 0.4156250000000002 0.9828125
1 0.5953125000000001 0.8375 0.5343750000000002 0.8375 0.5343750000000002 0.8890625 0.5953125000000001 0.8890625
1 0.6812500000000001 0.8359375 0.6171875000000002 0.8359375 0.6171875000000002 0.8859375 0.6812500000000001 0.8859375
2 0.2796875 0.021875000000000026 0.1515625 0.021875000000000016 0.1515625 0.12343750000000002 0.2796875 0.12343750000000005
2 0.359375 0.10156250000000004 0.2875 0.10156250000000004 0.2875 0.18125000000000005 0.359375 0.18125000000000005