0 0.10937500000000003 0.1796875 2.2005372172179003e-17 0.1796875 3.099887210341738e-17 0.3265625 0.10937500000000004 0.3265625
0 0.5421875 0.3734375000000001 0.4578125 0.3734375000000001 0.4578125 0.5328125 0.5421875 0.5328125
0 0.9265625 0.34062500000000007 0.875 0.34062500000000007 0.875 0.5578125000000002 0.9265625 0.5578125000000002
0 1 0.5750000000000002 0.8796875 0.5750000000000002 0.8796875 0.80625 1 0.80625
0 1 0.5781250000000002 0.9390625 0.5781250000000002 0.9390625 0.6812500000000001 1 0.6812500000000001
0 0.8125 0.32500000000000007 0.7296875 0.32500000000000007 0.7296875 0.5765625000000002 0.8125 0.5765625000000002
0 0.73125 0.5687500000000001 0.58125 0.56875 0.58125 0.6921875000000001 0.73125 0.6921875000000002
0 0.18750000000000008 0.5765625 0.020312500000000074 0.5765625 0.020312500000000074 0.6421875 0.18750000000000008 0.6421875
0 0.4593750000000001 0.575 0.07031250000000007 0.575 0.07031250000000008 0.821875 0.4593750000000002 0.821875
0 0.2718750000000001 0.6484375 0.07343750000000009 0.6484375 0.07343750000000009 0.7421875 0.2718750000000001 0.7421875
0 0.4625 0.534375 0.2078125000000001 0.534375 0.2078125000000001 0.646875 0.4625 0.646875
0 0.07500000000000008 0.5734375 7.022583988860603e-17 0.5734375 8.505554722203101e-17 0.815625 0.0750000000000001 0.815625
2 0.2671875 0.2890625 0.12812500000000004 0.2890625 0.12812500000000004 0.3734375 0.2671875000000001 0.3734375
2 0.5859375 0.2921875000000001 0.45 0.2921875000000001 0.45 0.3750000000000001 0.5859375 0.3750000000000001
1 0.23281250000000003 0.3265625 0.2109375 0.3265625 0.21093750000000006 0.3640625 0.2328125000000001 0.3640625
1 0.24687500000000004 0.3234375 0.2265625 0.3234375 0.22656250000000006 0.36875 0.2468750000000001 0.36875
1 0.553125 0.3203125000000001 0.5359375 0.3203125000000001 0.5359375 0.3656250000000001 0.553125 0.3656250000000001
1 0.571875 0.3218750000000001 0.5515625 0.3218750000000001 0.5515625 0.36406250000000007 0.571875 0.36406250000000007
1 0.61875 0.1375000000000001 0.6 0.1375000000000001 0.6 0.18750000000000008 0.61875 0.18750000000000008
0 0.13125000000000003 0.38125 0.11406250000000004 0.38125 0.11406250000000004 0.5265625 0.13125000000000003 0.5265625
0 0.20312500000000008 0.3875 0.18437500000000004 0.3875 0.18437500000000004 0.5140625 0.20312500000000008 0.5140625
2 0.2593750000000001 0.64375 0.1218750000000001 0.64375 0.1218750000000001 0.728125 0.2593750000000001 0.728125
1 0.2250000000000001 0.6734375 0.2062500000000001 0.6734375 0.2062500000000001 0.715625 0.2250000000000001 0.715625
1 0.2390625000000001 0.6703125 0.2218750000000001 0.6703125 0.2218750000000001 0.7171875 0.2390625000000001 0.7171875
1 0.10937500000000004 0.415625 0.09218750000000005 0.415625 0.09218750000000005 0.4328125 0.10937500000000004 0.4328125
1 0.17968750000000006 0.41875 0.15937500000000004 0.41875 0.15937500000000004 0.4359375 0.17968750000000006 0.4359375
1 0.5500000000000002 0.8171875 0.5265625000000002 0.8171875 0.5265625000000002 0.8671875 0.5500000000000002 0.8671875
1 0.5781250000000002 0.8140625 0.5546875000000002 0.8140625 0.5546875000000002 0.865625 0.5781250000000002 0.865625
1 0.5953125000000001 0.815625 0.5703125000000002 0.815625 0.5703125000000002 0.8640625 0.5953125000000001 0.8640625
1 0.5140625000000002 0.9140625 0.4984375000000002 0.9140625 0.4984375000000002 0.953125 0.5140625000000002 0.953125
2 0.5250000000000001 0.8390625 0.5078125000000002 0.8390625 0.5078125000000002 0.85625 0.5250000000000001 0.85625
2 0.5406250000000001 0.90625 0.5218750000000002 0.90625 0.5218750000000002 0.925 0.5406250000000001 0.925