0 0.64375 0.60625 0.24218750000000008 0.60625 0.24218750000000008 0.6671875 0.64375 0.6671875
0 0.2468750000000001 0.5765625 0.2015625000000001 0.5765625 0.2015625000000001 0.6640625 0.2468750000000001 0.6640625
0 0.4484375 0.571875 0.2484375000000001 0.571875 0.2484375000000001 0.6171875 0.4484375 0.6171875
0 0.64375 0.553125 0.44375 0.553125 0.44375 0.61875 0.64375 0.61875
0 0.703125 0.4328125 0.6515625 0.4328125 0.6515625 0.553125 0.703125 0.553125
0 0.24218750000000006 0.325 0.18593750000000003 0.325 0.18593750000000003 0.403125 0.24218750000000008 0.403125
0 0.2984375000000001 0.3875 0.2515625000000001 0.3875 0.2515625000000001 0.43125 0.2984375000000001 0.43125
1 0.25 0.31875 0.2421875 0.31875 0.2421875 0.34375 0.25 0.34375
1 0.2625 0.3171875 0.253125 0.3171875 0.253125 0.34375 0.2625 0.34375
2 0.2734375 0.3359375 0.2703125 0.3359375 0.2703125 0.34375 0.2734375 0.34375
2 0.2796875 0.3375 0.275 0.3375 0.275 0.34375 0.2796875 0.34375
1 0.2890625 0.315625 0.2796875 0.315625 0.2796875 0.34375 0.2890625 0.34375
1 0.303125 0.3171875 0.290625 0.3171875 0.290625 0.34375 0.303125 0.34375
2 0.26875 0.3359375 0.2640625 0.3359375 0.2640625 0.34375 0.26875 0.34375
2 0.3109375 0.315625 0.303125 0.315625 0.303125 0.33125 0.3109375 0.33125
1 0.2984375 0.3625 0.2828125 0.3625 0.2828125 0.3890625 0.2984375000000001 0.3890625
1 0.5609375 0.571875 0.5515625 0.571875 0.5515625 0.596875 0.5609375 0.596875
1 0.684375 0.48125 0.6671875 0.48125 0.6671875 0.503125 0.684375 0.503125
1 0.4328125 0.6171875 0.421875 0.6171875 0.421875 0.640625 0.4328125 0.640625
1 0.22812500000000008 0.6140625 0.2171875000000001 0.6140625 0.2171875000000001 0.6421875 0.22812500000000008 0.6421875
1 0.2734375000000001 0.571875 0.2593750000000001 0.571875 0.2593750000000001 0.5984375 0.2734375000000001 0.5984375
0 0.8484375 0.5781250000000002 0.7453125 0.5781250000000002 0.7453125 0.6515625000000002 0.8484375 0.6515625000000002
1 0.8046875 0.6015625000000002 0.7921875 0.6015625000000002 0.7921875 0.6265625000000001 0.8046875 0.6265625000000001
0 0.903125 0.4031250000000002 0.8484375 0.4031250000000002 0.8484375 0.5796875000000001 0.903125 0.5796875000000001
1 0.8890625 0.4828125000000002 0.8734375 0.4828125000000002 0.8734375 0.4984375000000002 0.8890625 0.4984375000000002