0 0.321875 0.06093750000000003 0.259375 0.06093750000000002 0.259375 0.08281250000000004 0.321875 0.08281250000000004
0 0.3953125 0.035937500000000046 0.3796875 0.035937500000000046 0.3796875 0.10156250000000004 0.3953125 0.10156250000000004
0 0.39375 0.12343750000000005 0.3796875 0.12343750000000005 0.3796875 0.19062500000000004 0.39375 0.19062500000000004
0 0.4609375 0.10468750000000004 0.4515625 0.10468750000000004 0.4515625 0.4734375 0.4609375 0.4734375
0 0.14218750000000002 0.1265625 0.128125 0.1265625 0.12812500000000002 0.190625 0.14218750000000005 0.190625
0 0.14062500000000006 0.215625 0.12812500000000004 0.215625 0.12812500000000004 0.3734375 0.14062500000000006 0.3734375
0 0.14062500000000006 0.3828125 0.12656250000000005 0.3828125 0.12656250000000005 0.4703125 0.14062500000000006 0.4703125
0 0.3265625 0.346875 0.2578125 0.346875 0.2578125 0.3609375 0.3265625 0.3609375
2 0.13281250000000006 0.19375 0.09687500000000002 0.19375 0.09687500000000002 0.2359375 0.13281250000000006 0.2359375
1 0.3187500000000001 0.7140625 0.3062500000000001 0.7140625 0.3062500000000001 0.734375 0.3187500000000001 0.734375
1 0.2515625000000001 0.928125 0.2296875000000001 0.928125 0.2296875000000001 0.953125 0.2515625000000001 0.953125
1 0.2500000000000001 0.8921875 0.2296875000000001 0.8921875 0.2296875000000001 0.915625 0.2500000000000001 0.915625
1 0.2531250000000001 0.853125 0.22812500000000008 0.853125 0.22812500000000008 0.8828125 0.2531250000000001 0.8828125
1 0.2515625000000001 0.8171875 0.2296875000000001 0.8171875 0.2296875000000001 0.846875 0.2515625000000001 0.846875
1 0.2484375000000001 0.784375 0.2312500000000001 0.784375 0.2312500000000001 0.8078125 0.2484375000000001 0.8078125
1 0.25468750000000007 0.7453125 0.24375000000000008 0.7453125 0.24375000000000008 0.775 0.25468750000000007 0.775
1 0.3656250000000001 0.7125 0.34843750000000007 0.7125 0.34843750000000007 0.7390625 0.3656250000000001 0.7390625
1 0.43437500000000007 0.7171875 0.4078125 0.7171875 0.4078125000000001 0.7375 0.4343750000000002 0.7375
1 0.48906250000000007 0.715625 0.471875 0.715625 0.4718750000000001 0.7359375 0.4890625000000002 0.7359375
1 0.5546875000000001 0.715625 0.5328125 0.715625 0.5328125000000001 0.7375 0.5546875000000002 0.7375
1 0.6171875000000001 0.7140625 0.59375 0.7140625 0.5937500000000001 0.7375 0.6171875000000002 0.7375
1 0.6765625000000001 0.715625 0.653125 0.715625 0.6531250000000001 0.7390625 0.6765625000000002 0.7390625
1 0.7390625000000001 0.7156250000000001 0.71875 0.715625 0.7187500000000001 0.7359375000000001 0.7390625000000002 0.7359375000000001
1 0.7984375000000001 0.7140625000000002 0.7796875 0.7140625000000002 0.7796875000000001 0.7406250000000002 0.7984375000000001 0.7406250000000002
1 0.8625 0.7156250000000002 0.8390625 0.7156250000000002 0.8390625 0.7375000000000002 0.8625 0.7375000000000002
1 0.9234375 0.7140625000000002 0.903125 0.7140625000000002 0.903125 0.7390625000000002 0.9234375 0.7390625000000002
1 0.9859375 0.7140625000000002 0.95625 0.7140625000000002 0.95625 0.7406250000000002 0.9859375 0.7406250000000002