2 0.1890625 0.16718750000000002 0.175 0.1671875 0.175 0.18125000000000002 0.1890625 0.18125000000000005
2 0.54375 0.17968750000000006 0.528125 0.17968750000000006 0.528125 0.19687500000000005 0.54375 0.19687500000000005
1 0.1890625 0.11875000000000002 0.1734375 0.11875 0.1734375 0.16406250000000003 0.1890625 0.16406250000000006
0 0.2328125 0.07656250000000002 0.19375 0.07656250000000002 0.19375 0.11250000000000004 0.2328125 0.11250000000000004
1 0.2265625 0.051562500000000025 0.2046875 0.051562500000000025 0.2046875 0.07656250000000002 0.2265625 0.07656250000000002
1 0.2625 0.07656250000000002 0.2453125 0.07656250000000002 0.2453125 0.10156250000000004 0.2625 0.10156250000000004
0 0.4109375 0.23906250000000004 0.2375 0.2390625 0.2375 0.24843750000000003 0.4109375 0.2484375000000001
1 0.3171875 0.21875 0.296875 0.21875 0.296875 0.240625 0.3171875 0.240625
0 0.4125 0.21250000000000005 0.3453125 0.2125 0.3453125 0.22500000000000003 0.4125 0.2250000000000001
1 0.384375 0.19843750000000004 0.365625 0.19843750000000004 0.365625 0.2156250000000001 0.384375 0.2156250000000001
1 0.38125 0.08750000000000005 0.35625 0.08750000000000005 0.35625 0.11250000000000004 0.38125 0.11250000000000004
0 0.40625 0.11250000000000004 0.3796875 0.11250000000000004 0.3796875 0.11875000000000005 0.40625 0.11875000000000005
1 0.40625 0.08750000000000005 0.3859375 0.08750000000000005 0.3859375 0.11093750000000005 0.40625 0.11093750000000005
1 0.5453125 0.13437500000000008 0.528125 0.13437500000000005 0.528125 0.17812500000000006 0.5453125 0.1781250000000001
1 0.4296875 0.13281250000000006 0.4171875 0.13281250000000006 0.4171875 0.17656250000000004 0.4296875 0.17656250000000004
0 0.5234375 0.2406250000000001 0.4515625 0.2406250000000001 0.4515625 0.2500000000000001 0.5234375 0.2500000000000001
1 0.48125 0.21875000000000008 0.4625 0.21875000000000008 0.4625 0.2406250000000001 0.48125 0.2406250000000001
1 0.17812500000000003 0.3203125 0.16093750000000004 0.3203125 0.16093750000000004 0.3640625 0.17812500000000003 0.3640625
0 0.18437500000000004 0.3078125 0.17812500000000003 0.3078125 0.17812500000000003 0.3984375 0.18437500000000004 0.3984375
1 0.19375000000000003 0.3203125 0.18281250000000004 0.3203125 0.18281250000000004 0.3484375 0.19375000000000003 0.3484375
1 0.26093750000000004 0.3203125 0.246875 0.3203125 0.24687500000000004 0.375 0.2609375000000001 0.375
0 0.24375000000000008 0.434375 0.2078125000000001 0.434375 0.2078125000000001 0.4421875 0.24375000000000008 0.4421875
1 0.23593750000000008 0.4140625 0.2156250000000001 0.4140625 0.2156250000000001 0.434375 0.23593750000000008 0.434375
0 0.3812500000000001 0.4359375 0.30937500000000007 0.4359375 0.30937500000000007 0.446875 0.3812500000000001 0.446875
1 0.34062500000000007 0.4171875 0.3218750000000001 0.4171875 0.3218750000000001 0.440625 0.34062500000000007 0.440625
1 0.403125 0.3359375000000001 0.3890625 0.3359375000000001 0.38906250000000003 0.3828125000000001 0.403125 0.3828125000000001
1 0.45625 0.3296875000000001 0.4375 0.3296875000000001 0.4375 0.3578125000000001 0.45625 0.3578125000000001
1 0.496875 0.3343750000000001 0.48125 0.3343750000000001 0.48125 0.3578125000000001 0.496875 0.3578125000000001
2 0.17812500000000003 0.3640625 0.16093750000000004 0.3640625 0.16093750000000004 0.3796875 0.17812500000000003 0.3796875
2 0.4546875 0.3609375000000001 0.4375 0.3609375000000001 0.4375 0.3765625000000001 0.4546875 0.3765625000000001
2 0.4015625 0.3843750000000001 0.38750000000000007 0.3843750000000001 0.38750000000000007 0.3968750000000001 0.4015625 0.3968750000000001
0 0.19531250000000003 0.10625000000000004 0.1875 0.10625000000000004 0.18750000000000003 0.209375 0.19531250000000006 0.209375
0 0.2625 0.10312500000000005 0.240625 0.10312500000000005 0.240625 0.12656250000000005 0.2625 0.12656250000000005
0 0.234375 0.234375 0.203125 0.234375 0.203125 0.24375 0.234375 0.24375
0 0.43125 0.11093750000000005 0.4125 0.11093750000000005 0.4125 0.12187500000000004 0.43125 0.12187500000000004
0 0.4390625 0.12968750000000004 0.4296875 0.12968750000000004 0.4296875 0.19218750000000004 0.4390625 0.19218750000000004
0 0.55 0.10312500000000006 0.54375 0.10312500000000005 0.54375 0.2234375000000001 0.55 0.2234375000000001
0 0.19843750000000004 0.3078125 0.19375000000000003 0.3078125 0.19375000000000003 0.384375 0.19843750000000004 0.384375
0 0.2578125000000001 0.378125 0.2468750000000001 0.378125 0.2468750000000001 0.4078125 0.2578125000000001 0.4078125
0 0.409375 0.2968750000000001 0.4015625 0.2968750000000001 0.4015625 0.4140625 0.409375 0.4140625
0 0.5 0.43125 0.45 0.43125 0.45 0.4453125 0.5 0.4453125
0 0.5015625 0.30156250000000007 0.49375 0.30156250000000007 0.49375 0.4140625 0.5015625 0.4140625
2 0.49375 0.3593750000000001 0.48125 0.3593750000000001 0.48125 0.3734375000000001 0.49375 0.3734375000000001
1 0.6203125 0.26250000000000007 0.596875 0.26250000000000007 0.596875 0.2843750000000001 0.6203125 0.2843750000000001
1 0.5921875 0.26250000000000007 0.559375 0.26250000000000007 0.559375 0.2843750000000001 0.5921875 0.2843750000000001
1 0.40625 0.2593750000000001 0.3890625 0.2593750000000001 0.3890625 0.2796875000000001 0.40625 0.2796875000000001
1 0.384375 0.259375 0.353125 0.259375 0.353125 0.2828125 0.384375 0.2828125000000001
0 0.7625 0.1828125000000001 0.715625 0.1828125000000001 0.715625 0.1937500000000001 0.7625 0.1937500000000001
1 0.778125 0.1546875000000001 0.7328125 0.1546875000000001 0.7328125 0.1843750000000001 0.778125 0.1843750000000001
0 0.821875 0.20312500000000008 0.815625 0.20312500000000008 0.815625 0.45625000000000016 0.821875 0.45625000000000016
1 0.815625 0.3265625000000001 0.8015625 0.3265625000000001 0.8015625 0.3546875000000001 0.815625 0.3546875000000001
0 0.446875 0.5109375 0.39531250000000007 0.5109375 0.39531250000000007 0.525 0.446875 0.525
0 0.3781250000000001 0.496875 0.3625000000000001 0.496875 0.3625000000000001 0.525 0.3781250000000001 0.525
0 0.3703125000000001 0.534375 0.36406250000000007 0.534375 0.36406250000000007 0.6296875 0.3703125000000001 0.6296875
0 0.4671875 0.528125 0.4578125 0.528125 0.4578125 0.6953125 0.4671875 0.6953125
0 0.4781250000000001 0.528125 0.4734375 0.528125 0.47343750000000007 0.7734375 0.4781250000000002 0.7734375
0 0.5765625 0.5125 0.528125 0.5125 0.528125 0.5234375 0.5765625 0.5234375
0 0.6250000000000001 0.53125 0.6140625 0.53125 0.6140625000000001 0.778125 0.6250000000000002 0.778125
1 0.3656250000000001 0.5984375 0.3468750000000001 0.5984375 0.3468750000000001 0.6359375 0.3656250000000001 0.6359375
1 0.36406250000000007 0.559375 0.34843750000000007 0.559375 0.34843750000000007 0.5875 0.36406250000000007 0.5875
1 0.425 0.4921875 0.4109375 0.4921875 0.4109375 0.5109375 0.425 0.5109375
1 0.4578125 0.471875 0.4421875 0.471875 0.4421875 0.490625 0.4578125 0.490625
1 0.459375 0.6 0.446875 0.6 0.446875 0.628125 0.459375 0.628125
1 0.47343750000000007 0.7203125 0.4578125 0.7203125 0.45781250000000007 0.7453125 0.4734375000000002 0.7453125
1 0.4734375000000002 0.809375 0.4578125000000002 0.809375 0.4578125000000002 0.840625 0.4734375000000002 0.840625
1 0.3609375000000001 0.809375 0.3468750000000001 0.809375 0.3468750000000001 0.8375 0.3609375000000001 0.8375
1 0.23437500000000008 0.81875 0.21875000000000008 0.81875 0.21875000000000008 0.8515625 0.23437500000000008 0.8515625
1 0.1437500000000001 0.7953125 0.1281250000000001 0.7953125 0.1281250000000001 0.8484375 0.1437500000000001 0.8484375
0 0.21093750000000008 0.9359375 0.16406250000000014 0.9359375 0.16406250000000014 0.9515625 0.21093750000000008 0.9515625
1 0.19218750000000012 0.925 0.17812500000000014 0.925 0.17812500000000014 0.946875 0.19218750000000012 0.946875
0 0.2093750000000001 0.7421875 0.1703125000000001 0.7421875 0.1703125000000001 0.75625 0.2093750000000001 0.75625
2 0.1843750000000001 0.7234375 0.1703125000000001 0.7234375 0.1703125000000001 0.7421875 0.1843750000000001 0.7421875
1 0.2062500000000001 0.725 0.1828125000000001 0.725 0.1828125000000001 0.746875 0.2062500000000001 0.746875
0 0.3281250000000001 0.7453125 0.2796875000000001 0.7453125 0.2796875000000001 0.759375 0.3281250000000001 0.759375
0 0.24218750000000008 0.7671875 0.2328125000000001 0.7671875 0.2328125000000001 0.8984375 0.24218750000000008 0.8984375
0 0.3671875000000001 0.771875 0.3578125000000001 0.771875 0.3578125000000001 0.8703125 0.3671875000000001 0.8703125
1 0.3062500000000001 0.728125 0.2906250000000001 0.728125 0.2906250000000001 0.7484375 0.3062500000000001 0.7484375
0 0.4421875000000002 0.8953125 0.3890625000000001 0.8953125 0.3890625000000001 0.9109375 0.4421875000000002 0.9109375
0 0.4781250000000002 0.7734375 0.4703125000000002 0.7734375 0.4703125000000002 0.8703125 0.4781250000000002 0.8703125
1 0.4203125000000002 0.875 0.4031250000000002 0.875 0.4031250000000002 0.8953125 0.4203125000000002 0.8953125