2 0.7640625 0.2593750000000001 0.7375 0.2593750000000001 0.7375 0.29375000000000007 0.7640625 0.29375000000000007
2 0.771875 0.2578125000000001 0.7625 0.2578125000000001 0.7625 0.2968750000000001 0.771875 0.2968750000000001
2 0.740625 0.2562500000000001 0.7328125 0.2562500000000001 0.7328125 0.2953125000000001 0.740625 0.2953125000000001
2 0.73125 0.2578125000000001 0.70625 0.2578125000000001 0.70625 0.2921875000000001 0.73125 0.2921875000000001
2 0.8125 0.2812500000000001 0.790625 0.2812500000000001 0.790625 0.31718750000000007 0.8125 0.31718750000000007
2 0.534375 0.40625 0.5203125 0.40625 0.5203125 0.425 0.534375 0.425
0 0.415625 0.37031250000000004 0.3593750000000001 0.3703125 0.3593750000000001 0.425 0.415625 0.425
2 0.39531250000000007 0.40625 0.37968750000000007 0.40625 0.37968750000000007 0.4265625 0.39531250000000007 0.4265625
0 0.5140625 0.5125 0.3046875000000001 0.5125 0.3046875000000001 0.5765625 0.5140625 0.5765625
0 0.5140625 0.515625 0.3578125000000001 0.515625 0.3578125000000001 0.5765625 0.5140625 0.5765625
2 0.3750000000000001 0.53125 0.3609375000000001 0.53125 0.3609375000000001 0.5578125 0.3750000000000001 0.5578125
0 0.37031250000000004 0.353125 0.3 0.353125 0.30000000000000004 0.4046875 0.3703125000000001 0.4046875
0 0.5140625 0.4015625 0.41875 0.4015625 0.41875 0.425 0.5140625 0.425
0 0.5453125 0.425 0.5125 0.425 0.5125 0.4921875 0.5453125 0.4921875
0 0.3312500000000001 0.421875 0.3078125000000001 0.421875 0.3078125000000001 0.49375 0.3312500000000001 0.49375
0 0.3359375000000001 0.5015625 0.3046875000000001 0.5015625 0.3046875000000001 0.5765625 0.3359375000000001 0.5765625
0 0.5109375 0.4921875 0.475 0.4921875 0.475 0.5109375 0.5109375 0.5109375
0 0.496875 0.5125 0.35625000000000007 0.5125 0.35625000000000007 0.5328125 0.496875 0.5328125
0 0.4 0.4296875 0.3937500000000001 0.4296875 0.3937500000000001 0.4890625 0.4 0.4890625
0 0.6484375 0.4046875 0.6171875 0.4046875 0.6171875 0.5140625 0.6484375 0.5140625
0 0.61875 0.5140625 0.5515625 0.5140625 0.5515625 0.578125 0.61875 0.578125
0 0.778125 0.4109375000000002 0.7421875 0.4109375000000002 0.7421875 0.5062500000000002 0.778125 0.5062500000000002
0 0.7234375 0.5125 0.646875 0.5125 0.646875 0.5765625 0.7234375 0.5765625
0 0.7203125 0.5125 0.678125 0.5125 0.678125 0.5484375 0.7203125 0.5484375
1 0.709375 0.2515625000000001 0.7046875 0.2515625000000001 0.7046875 0.2656250000000001 0.709375 0.2656250000000001
1 0.715625 0.2515625000000001 0.709375 0.2515625000000001 0.709375 0.2656250000000001 0.715625 0.2656250000000001
1 0.6984375 0.2515625000000001 0.6890625 0.2515625000000001 0.6890625 0.2656250000000001 0.6984375 0.2656250000000001
1 0.5703125 0.27031250000000007 0.5625 0.27031250000000007 0.5625 0.2875000000000001 0.5703125 0.2875000000000001
1 0.5640625 0.2718750000000001 0.5578125 0.2718750000000001 0.5578125 0.28593750000000007 0.5640625 0.28593750000000007
1 0.553125 0.2718750000000001 0.546875 0.2718750000000001 0.546875 0.28593750000000007 0.553125 0.28593750000000007
1 0.540625 0.2718750000000001 0.5359375 0.2718750000000001 0.5359375 0.28593750000000007 0.540625 0.28593750000000007
1 0.5484375 0.2718750000000001 0.540625 0.2718750000000001 0.540625 0.2843750000000001 0.5484375 0.2843750000000001
1 0.5359375 0.2718750000000001 0.5265625 0.2718750000000001 0.5265625 0.28593750000000007 0.5359375 0.28593750000000007
1 0.528125 0.2718750000000001 0.5234375 0.2718750000000001 0.5234375 0.28593750000000007 0.528125 0.28593750000000007
1 0.4671875 0.2718750000000001 0.4609375 0.2718750000000001 0.4609375 0.28593750000000007 0.4671875 0.28593750000000007
1 0.4609375 0.2718750000000001 0.4546875 0.2718750000000001 0.4546875 0.28593750000000007 0.4609375 0.28593750000000007
1 0.3859375 0.2906250000000001 0.3796875 0.2906250000000001 0.3796875 0.3046875000000001 0.3859375 0.3046875000000001
1 0.3046875000000001 0.36875 0.2984375000000001 0.36875 0.2984375000000001 0.3765625 0.3046875000000001 0.3765625
1 0.30781250000000004 0.3625 0.303125 0.3625 0.30312500000000003 0.375 0.3078125000000001 0.375
1 0.31875000000000003 0.3546875 0.3140625 0.3546875 0.3140625 0.36875 0.3187500000000001 0.36875
1 0.3140625 0.3578125 0.3078125 0.3578125 0.30781250000000004 0.36875 0.3140625000000001 0.36875
1 0.3859375000000001 0.40625 0.3812500000000001 0.40625 0.3812500000000001 0.4140625 0.3859375000000001 0.4140625
1 0.3906250000000001 0.40625 0.3859375000000001 0.40625 0.3859375000000001 0.415625 0.3906250000000001 0.415625
1 0.4765625 0.40625 0.4734375 0.40625 0.4734375 0.4140625 0.4765625 0.4140625
1 0.3468750000000001 0.58125 0.3390625000000001 0.58125 0.3390625000000001 0.5953125 0.3468750000000001 0.5953125
1 0.3375000000000001 0.58125 0.3296875000000001 0.58125 0.3296875000000001 0.5953125 0.3375000000000001 0.5953125
1 0.3687500000000001 0.58125 0.3625000000000001 0.58125 0.3625000000000001 0.5953125 0.3687500000000001 0.5953125
1 0.3781250000000001 0.58125 0.37187500000000007 0.58125 0.37187500000000007 0.5953125 0.3781250000000001 0.5953125
1 0.3828125000000001 0.58125 0.3781250000000001 0.58125 0.3781250000000001 0.59375 0.3828125000000001 0.59375
2 0.3890625000000001 0.58125 0.3828125000000001 0.58125 0.3828125000000001 0.5984375 0.3890625000000001 0.5984375
2 0.3296875000000001 0.58125 0.3265625000000001 0.58125 0.3265625000000001 0.6 0.3296875000000001 0.6