0 0.38281250000000006 0.19843750000000004 0.3609375 0.19843750000000004 0.3609375 0.40625 0.3828125000000001 0.40625
0 0.284375 0.09843750000000004 0.265625 0.09843750000000002 0.265625 0.2046875 0.284375 0.2046875
0 0.3828125 0.07031250000000004 0.284375 0.07031250000000004 0.284375 0.09687500000000004 0.3828125 0.09687500000000004
0 0.4765625 0.12187500000000004 0.44375 0.12187500000000004 0.44375 0.14843750000000006 0.4765625 0.14843750000000006
0 0.7640625 0.1703125000000001 0.73125 0.1703125000000001 0.73125 0.2609375000000001 0.7640625 0.2609375000000001
0 0.7328125 0.2875000000000001 0.4984375 0.2875000000000001 0.4984375 0.3937500000000001 0.7328125 0.3937500000000001
0 0.73125 0.26250000000000007 0.5453125 0.26250000000000007 0.5453125 0.34062500000000007 0.73125 0.34062500000000007
0 0.5046875 0.28593750000000007 0.4421875 0.28593750000000007 0.4421875 0.3906250000000001 0.5046875 0.3906250000000001
0 0.8796875 0.2843750000000001 0.7828125 0.2843750000000001 0.7828125 0.38750000000000007 0.8796875 0.38750000000000007
0 0.8578125 0.2875000000000001 0.8046875 0.2875000000000001 0.8046875 0.3437500000000001 0.8578125 0.3437500000000001
1 0.19531250000000006 0.5421875 0.18906250000000005 0.5421875 0.18906250000000008 0.5625 0.19531250000000008 0.5625
1 0.21250000000000008 0.5421875 0.2015625000000001 0.5421875 0.2015625000000001 0.5609375 0.21250000000000008 0.5609375
1 0.21250000000000008 0.5703125 0.2015625000000001 0.5703125 0.2015625000000001 0.59375 0.21250000000000008 0.59375
1 0.19531250000000008 0.5703125 0.18906250000000008 0.5703125 0.18906250000000008 0.5921875 0.19531250000000008 0.5921875
1 0.2062500000000001 0.6015625 0.19531250000000008 0.6015625 0.19531250000000008 0.6234375 0.2062500000000001 0.6234375
1 0.21250000000000008 0.6328125 0.20312500000000008 0.6328125 0.20312500000000008 0.653125 0.21250000000000008 0.653125
1 0.1984375000000001 0.63125 0.18906250000000008 0.63125 0.18906250000000008 0.653125 0.1984375000000001 0.653125
1 0.20468750000000008 0.6625 0.19531250000000008 0.6625 0.19531250000000008 0.684375 0.20468750000000008 0.684375
1 0.20468750000000008 0.69375 0.19531250000000008 0.69375 0.19531250000000008 0.7140625 0.20468750000000008 0.7140625
1 0.20468750000000008 0.725 0.19531250000000008 0.725 0.19531250000000008 0.746875 0.20468750000000008 0.746875
1 0.20468750000000008 0.7546875 0.1937500000000001 0.7546875 0.1937500000000001 0.775 0.20468750000000008 0.775
1 0.20468750000000008 0.7859375 0.1937500000000001 0.7859375 0.1937500000000001 0.8078125 0.20468750000000008 0.8078125
1 0.1984375000000001 0.815625 0.1921875000000001 0.815625 0.1921875000000001 0.8375 0.1984375000000001 0.8375
1 0.21093750000000008 0.815625 0.2000000000000001 0.815625 0.2000000000000001 0.8375 0.21093750000000008 0.8375
1 0.1984375000000001 0.8453125 0.1921875000000001 0.8453125 0.1921875000000001 0.86875 0.1984375000000001 0.86875
1 0.21093750000000008 0.846875 0.2015625000000001 0.846875 0.2015625000000001 0.86875 0.21093750000000008 0.86875
1 0.1984375000000001 0.88125 0.1921875000000001 0.88125 0.1921875000000001 0.9 0.1984375000000001 0.9
1 0.2093750000000001 0.8796875 0.2000000000000001 0.8796875 0.2000000000000001 0.9 0.2093750000000001 0.9
1 0.19843750000000013 0.909375 0.19218750000000012 0.909375 0.19218750000000012 0.9265625 0.19843750000000013 0.9265625
1 0.2093750000000001 0.909375 0.2000000000000001 0.909375 0.2000000000000001 0.928125 0.2093750000000001 0.928125
1 0.2875000000000001 0.909375 0.27812500000000007 0.909375 0.27812500000000007 0.925 0.2875000000000001 0.925
1 0.30156250000000007 0.909375 0.29375000000000007 0.909375 0.29375000000000007 0.9265625 0.30156250000000007 0.9265625
1 0.31718750000000007 0.9078125 0.30937500000000007 0.9078125 0.30937500000000007 0.9265625 0.31718750000000007 0.9265625
1 0.28593750000000007 0.878125 0.27812500000000007 0.878125 0.27812500000000007 0.8984375 0.28593750000000007 0.8984375
1 0.30156250000000007 0.878125 0.2953125000000001 0.878125 0.2953125000000001 0.8984375 0.30156250000000007 0.8984375
1 0.3187500000000001 0.878125 0.3109375000000001 0.878125 0.3109375000000001 0.8984375 0.3187500000000001 0.8984375
1 0.25468750000000007 0.8453125 0.2484375000000001 0.8453125 0.2484375000000001 0.8703125 0.25468750000000007 0.8703125
1 0.27031250000000007 0.846875 0.2609375000000001 0.846875 0.2609375000000001 0.86875 0.27031250000000007 0.86875
1 0.2812500000000001 0.846875 0.27031250000000007 0.846875 0.27031250000000007 0.86875 0.2812500000000001 0.86875
1 0.2921875000000001 0.8484375 0.2875000000000001 0.8484375 0.2875000000000001 0.86875 0.2921875000000001 0.86875
1 0.3109375000000001 0.8484375 0.30156250000000007 0.8484375 0.30156250000000007 0.8703125 0.3109375000000001 0.8703125
1 0.32500000000000007 0.8484375 0.31718750000000007 0.8484375 0.31718750000000007 0.86875 0.32500000000000007 0.86875
1 0.3390625000000001 0.846875 0.3312500000000001 0.846875 0.3312500000000001 0.86875 0.3390625000000001 0.86875
1 0.3500000000000001 0.846875 0.34062500000000007 0.846875 0.34062500000000007 0.86875 0.3500000000000001 0.86875
1 0.3359375000000001 0.81875 0.3296875000000001 0.81875 0.3296875000000001 0.8390625 0.3359375000000001 0.8390625
1 0.3218750000000001 0.8171875 0.3125000000000001 0.8171875 0.3125000000000001 0.8390625 0.3218750000000001 0.8390625
1 0.3109375000000001 0.81875 0.3031250000000001 0.81875 0.3031250000000001 0.8375 0.3109375000000001 0.8375
1 0.2968750000000001 0.8171875 0.2906250000000001 0.8171875 0.2906250000000001 0.8375 0.2968750000000001 0.8375
1 0.2812500000000001 0.815625 0.2718750000000001 0.815625 0.2718750000000001 0.8359375 0.2812500000000001 0.8359375
1 0.2671875000000001 0.8171875 0.2593750000000001 0.8171875 0.2593750000000001 0.8375 0.2671875000000001 0.8375
1 0.2828125000000001 0.7875 0.2750000000000001 0.7875 0.2750000000000001 0.8078125 0.2828125000000001 0.8078125
1 0.2968750000000001 0.7859375 0.2890625000000001 0.7859375 0.2890625000000001 0.8078125 0.2968750000000001 0.8078125
1 0.3078125000000001 0.7859375 0.2984375000000001 0.7859375 0.2984375000000001 0.80625 0.3078125000000001 0.80625
1 0.3218750000000001 0.7875 0.3156250000000001 0.7875 0.3156250000000001 0.80625 0.3218750000000001 0.80625
1 0.30156250000000007 0.75625 0.29375000000000007 0.75625 0.29375000000000007 0.7765625 0.30156250000000007 0.7765625
1 0.3109375000000001 0.725 0.30156250000000007 0.725 0.30156250000000007 0.7453125 0.3109375000000001 0.7453125
1 0.2968750000000001 0.725 0.2875000000000001 0.725 0.2875000000000001 0.7453125 0.2968750000000001 0.7453125
1 0.3109375000000001 0.69375 0.3000000000000001 0.69375 0.3000000000000001 0.7140625 0.3109375000000001 0.7140625
1 0.2968750000000001 0.69375 0.28593750000000007 0.69375 0.28593750000000007 0.715625 0.2968750000000001 0.715625
1 0.30937500000000007 0.6625 0.3000000000000001 0.6625 0.3000000000000001 0.6859375 0.30937500000000007 0.6859375
1 0.2953125000000001 0.6625 0.2843750000000001 0.6625 0.2843750000000001 0.684375 0.2953125000000001 0.684375
1 0.3140625000000001 0.634375 0.3046875000000001 0.634375 0.3046875000000001 0.6546875 0.3140625000000001 0.6546875
1 0.3062500000000001 0.634375 0.2953125000000001 0.634375 0.2953125000000001 0.6546875 0.3062500000000001 0.6546875
1 0.2906250000000001 0.6328125 0.2796875000000001 0.6328125 0.2796875000000001 0.653125 0.2906250000000001 0.653125
1 0.30937500000000007 0.603125 0.30156250000000007 0.603125 0.30156250000000007 0.6234375 0.30937500000000007 0.6234375
1 0.2953125000000001 0.603125 0.28593750000000007 0.603125 0.28593750000000007 0.621875 0.2953125000000001 0.621875
1 0.3046875000000001 0.5703125 0.2953125000000001 0.5703125 0.2953125000000001 0.590625 0.3046875000000001 0.590625
1 0.3140625000000001 0.5703125 0.3062500000000001 0.5703125 0.3062500000000001 0.59375 0.3140625000000001 0.59375
1 0.2906250000000001 0.571875 0.2796875000000001 0.571875 0.2796875000000001 0.5921875 0.2906250000000001 0.5921875
1 0.30937500000000007 0.540625 0.30156250000000007 0.540625 0.30156250000000007 0.5609375 0.30937500000000007 0.5609375
1 0.2968750000000001 0.540625 0.28593750000000007 0.540625 0.28593750000000007 0.5609375 0.2968750000000001 0.5609375
1 0.3984375000000001 0.540625 0.3890625000000001 0.540625 0.3890625000000001 0.5609375 0.3984375000000001 0.5609375
1 0.3984375000000001 0.5703125 0.3890625000000001 0.5703125 0.3890625000000001 0.5921875 0.3984375000000001 0.5921875
1 0.3984375000000001 0.6015625 0.38750000000000007 0.6015625 0.38750000000000007 0.6234375 0.3984375000000001 0.6234375
1 0.421875 0.540625 0.4140625 0.540625 0.4140625 0.5625 0.421875 0.5625
1 0.4125 0.540625 0.403125 0.540625 0.403125 0.5625 0.4125 0.5625
1 0.4125 0.5734375 0.4046875 0.5734375 0.4046875 0.5921875 0.4125 0.5921875
1 0.4234375 0.571875 0.4125 0.571875 0.4125 0.5953125 0.4234375 0.5953125
1 0.4140625 0.603125 0.4046875 0.603125 0.4046875 0.6234375 0.4140625 0.6234375
1 0.421875 0.603125 0.4140625 0.603125 0.4140625 0.621875 0.421875 0.621875
1 0.4234375 0.63125 0.4125 0.63125 0.4125 0.6546875 0.4234375 0.6546875
1 0.4125 0.6328125 0.403125 0.6328125 0.403125 0.6546875 0.4125 0.6546875
1 0.3968750000000001 0.634375 0.3890625000000001 0.634375 0.3890625000000001 0.6546875 0.3968750000000001 0.6546875
1 0.3984375000000001 0.6640625 0.3890625000000001 0.6640625 0.3890625000000001 0.6859375 0.3984375000000001 0.6859375
1 0.4140625 0.6625 0.4046875 0.6625 0.4046875 0.6859375 0.4140625 0.6859375
1 0.4234375 0.6640625 0.4125 0.6640625 0.4125 0.684375 0.4234375 0.684375
1 0.3984375000000001 0.69375 0.3890625000000001 0.69375 0.3890625000000001 0.715625 0.3984375000000001 0.715625
1 0.4125 0.6953125 0.4046875 0.6953125 0.4046875 0.7171875 0.4125 0.7171875
1 0.421875 0.6953125 0.4140625 0.6953125 0.4140625 0.715625 0.421875 0.715625
1 0.4125000000000001 0.725 0.4046875 0.725 0.4046875000000001 0.7453125 0.4125000000000002 0.7453125
1 0.4218750000000001 0.725 0.4140625 0.725 0.4140625000000001 0.7453125 0.42187500000000017 0.7453125
1 0.3984375000000001 0.7234375 0.3890625000000001 0.7234375 0.3890625000000001 0.7453125 0.3984375000000001 0.7453125
1 0.3937500000000001 0.7546875 0.3859375000000001 0.7546875 0.3859375000000001 0.7765625 0.3937500000000001 0.7765625
1 0.4031250000000002 0.7546875 0.3921875000000001 0.7546875 0.3921875000000001 0.778125 0.4031250000000002 0.778125
1 0.41718750000000016 0.75625 0.4078125000000002 0.75625 0.4078125000000002 0.7765625 0.41718750000000016 0.7765625
1 0.4281250000000002 0.7546875 0.4187500000000002 0.7546875 0.4187500000000002 0.775 0.4281250000000002 0.775
1 0.4281250000000002 0.7859375 0.4187500000000002 0.7859375 0.4187500000000002 0.8078125 0.4281250000000002 0.8078125
1 0.4187500000000002 0.7875 0.4078125000000002 0.7875 0.4078125000000002 0.8078125 0.4187500000000002 0.8078125
1 0.3921875000000001 0.7875 0.3859375000000001 0.7875 0.3859375000000001 0.809375 0.3921875000000001 0.809375
1 0.4031250000000002 0.7859375 0.3937500000000001 0.7859375 0.3937500000000001 0.80625 0.4031250000000002 0.80625
1 0.3921875000000001 0.8171875 0.3843750000000001 0.8171875 0.3843750000000001 0.8375 0.3921875000000001 0.8375
1 0.4031250000000002 0.8171875 0.3937500000000001 0.8171875 0.3937500000000001 0.8375 0.4031250000000002 0.8375
1 0.4281250000000002 0.815625 0.41718750000000016 0.815625 0.41718750000000016 0.8375 0.4281250000000002 0.8375
1 0.41718750000000016 0.8171875 0.40625000000000017 0.8171875 0.40625000000000017 0.8390625 0.41718750000000016 0.8390625
1 0.4265625000000002 0.846875 0.41718750000000016 0.846875 0.41718750000000016 0.8703125 0.4265625000000002 0.8703125
1 0.41718750000000016 0.85 0.4078125000000002 0.85 0.4078125000000002 0.8703125 0.41718750000000016 0.8703125
1 0.3921875000000001 0.846875 0.3859375000000001 0.846875 0.3859375000000001 0.86875 0.3921875000000001 0.86875
1 0.4031250000000002 0.8484375 0.3937500000000001 0.8484375 0.3937500000000001 0.86875 0.4031250000000002 0.86875
1 0.3937500000000001 0.8765625 0.3843750000000001 0.8765625 0.3843750000000001 0.8984375 0.3937500000000001 0.8984375
1 0.40156250000000016 0.8765625 0.3937500000000001 0.8765625 0.3937500000000001 0.9 0.40156250000000016 0.9
1 0.4156250000000002 0.8765625 0.4078125000000002 0.8765625 0.4078125000000002 0.8984375 0.4156250000000002 0.8984375
1 0.4281250000000002 0.8765625 0.41718750000000016 0.8765625 0.41718750000000016 0.8984375 0.4281250000000002 0.8984375
1 0.4265625000000002 0.909375 0.4187500000000002 0.909375 0.4187500000000002 0.9265625 0.4265625000000002 0.9265625
1 0.41718750000000016 0.909375 0.4078125000000002 0.909375 0.4078125000000002 0.9265625 0.41718750000000016 0.9265625
1 0.4046875000000002 0.9078125 0.3937500000000001 0.9078125 0.3937500000000001 0.9265625 0.4046875000000002 0.9265625
1 0.3921875000000001 0.909375 0.3828125000000001 0.909375 0.3828125000000001 0.9265625 0.3921875000000001 0.9265625
1 0.4890625 0.540625 0.478125 0.540625 0.478125 0.5625 0.4890625 0.5625
1 0.5015625 0.5421875 0.4921875 0.5421875 0.4921875 0.5609375 0.5015625 0.5609375
1 0.5125 0.540625 0.503125 0.540625 0.503125 0.5625 0.5125 0.5625
1 0.5125 0.5703125 0.503125 0.5703125 0.503125 0.5921875 0.5125 0.5921875
1 0.503125 0.5703125 0.4921875 0.5703125 0.4921875 0.5921875 0.503125 0.5921875
1 0.4890625 0.5703125 0.4765625 0.5703125 0.4765625 0.5921875 0.4890625 0.5921875
1 0.4875 0.6015625 0.4765625 0.6015625 0.4765625 0.6234375 0.4875 0.6234375
1 0.503125 0.6015625 0.49375 0.6015625 0.49375 0.621875 0.503125 0.621875
1 0.5140625 0.6015625 0.503125 0.6015625 0.503125 0.6234375 0.5140625 0.6234375
1 0.503125 0.6296875 0.49375 0.6296875 0.49375 0.6546875 0.503125 0.6546875
1 0.5109375 0.6328125 0.503125 0.6328125 0.503125 0.6546875 0.5109375 0.6546875
1 0.4890625 0.6328125 0.4765625 0.6328125 0.4765625 0.653125 0.4890625 0.653125
1 0.4875 0.6625 0.478125 0.6625 0.478125 0.684375 0.4875 0.684375
1 0.5015625 0.6640625 0.4921875 0.6640625 0.4921875 0.684375 0.5015625 0.684375
1 0.5125 0.6640625 0.503125 0.6640625 0.503125 0.684375 0.5125 0.684375
1 0.5125 0.69375 0.503125 0.69375 0.503125 0.7140625 0.5125 0.7140625
1 0.5015625 0.6953125 0.4921875 0.6953125 0.4921875 0.7109375 0.5015625 0.7109375
1 0.4875 0.69375 0.478125 0.69375 0.478125 0.715625 0.4875 0.715625
1 0.4875000000000001 0.725 0.478125 0.725 0.4781250000000001 0.7453125 0.48750000000000016 0.7453125
1 0.5015625000000001 0.725 0.4921875 0.725 0.4921875000000001 0.7453125 0.5015625000000001 0.7453125
1 0.5125000000000001 0.725 0.5015625 0.725 0.5015625000000001 0.7453125 0.5125000000000002 0.7453125
1 0.48750000000000016 0.75625 0.47656250000000017 0.75625 0.47656250000000017 0.778125 0.48750000000000016 0.778125
1 0.5015625000000001 0.75625 0.49218750000000017 0.75625 0.49218750000000017 0.775 0.5015625000000001 0.775
1 0.5125000000000002 0.75625 0.5031250000000002 0.75625 0.5031250000000002 0.7765625 0.5125000000000002 0.7765625
1 0.5171875000000001 0.7875 0.5062500000000002 0.7875 0.5062500000000002 0.8078125 0.5171875000000001 0.8078125
1 0.5062500000000002 0.7859375 0.4968750000000002 0.7859375 0.4968750000000002 0.80625 0.5062500000000002 0.80625
1 0.4812500000000002 0.7859375 0.4734375000000002 0.7859375 0.4734375000000002 0.8078125 0.4812500000000002 0.8078125
1 0.49218750000000017 0.7875 0.4828125000000002 0.7875 0.4828125000000002 0.8078125 0.49218750000000017 0.8078125
1 0.4812500000000002 0.8171875 0.4734375000000002 0.8171875 0.4734375000000002 0.8375 0.4812500000000002 0.8375
1 0.4812500000000002 0.8484375 0.4734375000000002 0.8484375 0.4734375000000002 0.86875 0.4812500000000002 0.86875
1 0.4828125000000002 0.8765625 0.47187500000000016 0.8765625 0.47187500000000016 0.9 0.4828125000000002 0.9
1 0.4812500000000002 0.9078125 0.47187500000000016 0.9078125 0.47187500000000016 0.9265625 0.4812500000000002 0.9265625
1 0.49531250000000016 0.90625 0.4828125000000002 0.90625 0.4828125000000002 0.9265625 0.49531250000000016 0.9265625
1 0.5062500000000002 0.909375 0.4968750000000002 0.909375 0.4968750000000002 0.9265625 0.5062500000000002 0.9265625
1 0.49218750000000017 0.815625 0.4828125000000002 0.815625 0.4828125000000002 0.8390625 0.49218750000000017 0.8390625
1 0.4906250000000002 0.846875 0.4828125000000002 0.846875 0.4828125000000002 0.86875 0.4906250000000002 0.86875
1 0.4937500000000002 0.8765625 0.4812500000000002 0.8765625 0.4812500000000002 0.9 0.4937500000000002 0.9
1 0.5062500000000002 0.8171875 0.4968750000000002 0.8171875 0.4968750000000002 0.8390625 0.5062500000000002 0.8390625
1 0.5062500000000002 0.8484375 0.4968750000000002 0.8484375 0.4968750000000002 0.86875 0.5062500000000002 0.86875
1 0.5062500000000002 0.878125 0.4968750000000002 0.878125 0.4968750000000002 0.8984375 0.5062500000000002 0.8984375
1 0.5156250000000002 0.878125 0.5062500000000002 0.878125 0.5062500000000002 0.8984375 0.5156250000000002 0.8984375
1 0.5171875000000001 0.90625 0.5062500000000002 0.90625 0.5062500000000002 0.9265625 0.5171875000000001 0.9265625
1 0.5156250000000002 0.815625 0.5062500000000002 0.815625 0.5062500000000002 0.8390625 0.5156250000000002 0.8390625
1 0.5156250000000002 0.846875 0.5062500000000002 0.846875 0.5062500000000002 0.86875 0.5156250000000002 0.86875
1 0.5734375 0.5421875 0.5671875 0.5421875 0.5671875 0.5609375 0.5734375 0.5609375
1 0.5734375 0.571875 0.5671875 0.571875 0.5671875 0.5921875 0.5734375 0.5921875
1 0.5828125 0.6015625 0.5734375 0.6015625 0.5734375 0.6234375 0.5828125 0.6234375
1 0.590625 0.5703125 0.5796875 0.5703125 0.5796875 0.5921875 0.590625 0.5921875
1 0.590625 0.540625 0.5796875 0.540625 0.5796875 0.5609375 0.590625 0.5609375
1 0.590625 0.63125 0.5796875 0.63125 0.5796875 0.653125 0.590625 0.653125
1 0.5765625 0.634375 0.5640625 0.634375 0.5640625 0.6546875 0.5765625 0.6546875
1 0.5828125 0.6625 0.571875 0.6625 0.571875 0.684375 0.5828125 0.684375
1 0.5828125 0.69375 0.571875 0.69375 0.571875 0.715625 0.5828125 0.715625
1 0.5828125000000001 0.725 0.5734375 0.725 0.5734375 0.746875 0.5828125000000002 0.746875
1 0.5828125000000002 0.7546875 0.5718750000000001 0.7546875 0.5718750000000001 0.7765625 0.5828125000000002 0.7765625
1 0.5828125000000002 0.7859375 0.5718750000000001 0.7859375 0.5718750000000001 0.8078125 0.5828125000000002 0.8078125
1 0.5765625000000002 0.8171875 0.5703125000000002 0.8171875 0.5703125000000002 0.8375 0.5765625000000002 0.8375
1 0.5890625000000002 0.81875 0.5781250000000002 0.81875 0.5781250000000002 0.8375 0.5890625000000002 0.8375
1 0.5890625000000002 0.8484375 0.5781250000000002 0.8484375 0.5781250000000002 0.86875 0.5890625000000002 0.86875
1 0.5765625000000002 0.8484375 0.5687500000000002 0.8484375 0.5687500000000002 0.8671875 0.5765625000000002 0.8671875
1 0.5781250000000002 0.8796875 0.5687500000000002 0.8796875 0.5687500000000002 0.8984375 0.5781250000000002 0.8984375
1 0.5875000000000001 0.878125 0.5781250000000002 0.878125 0.5781250000000002 0.8984375 0.5875000000000001 0.8984375
1 0.5765625000000002 0.909375 0.5703125000000002 0.909375 0.5703125000000002 0.9265625 0.5765625000000002 0.9265625
1 0.5890625000000002 0.909375 0.5796875000000001 0.909375 0.5796875000000001 0.9265625 0.5890625000000002 0.9265625
1 0.6484375 0.5421875 0.6390625 0.5421875 0.6390625 0.5625 0.6484375 0.5625
1 0.6484375 0.571875 0.6390625 0.571875 0.6390625 0.59375 0.6484375 0.59375
1 0.646875 0.6015625 0.6390625 0.6015625 0.6390625 0.621875 0.646875 0.621875
1 0.6484375 0.6328125 0.6390625 0.6328125 0.6390625 0.6546875 0.6484375 0.6546875
1 0.646875 0.6640625 0.6375 0.6640625 0.6375 0.684375 0.646875 0.684375
1 0.6484375 0.69375 0.6390625 0.69375 0.6390625 0.715625 0.6484375 0.715625
1 0.6484375000000002 0.7265625 0.6375000000000002 0.7265625 0.6375000000000002 0.746875 0.6484375000000002 0.746875
1 0.6625000000000001 0.725 0.6546875 0.725 0.6546875000000001 0.746875 0.6625000000000002 0.746875
1 0.6640625 0.6921875 0.653125 0.6921875 0.653125 0.7171875 0.6640625 0.7171875
1 0.6625 0.6640625 0.653125 0.6640625 0.653125 0.684375 0.6625 0.684375
1 0.6640625 0.6328125 0.6546875 0.6328125 0.6546875 0.6546875 0.6640625 0.6546875
1 0.6625 0.6015625 0.653125 0.6015625 0.653125 0.6234375 0.6625 0.6234375
1 0.6625 0.571875 0.653125 0.571875 0.653125 0.5921875 0.6625 0.5921875
1 0.6625 0.540625 0.6515625 0.540625 0.6515625 0.5625 0.6625 0.5625
1 0.6734375 0.540625 0.6640625 0.540625 0.6640625 0.5625 0.6734375 0.5625
1 0.6734375 0.56875 0.6625 0.56875 0.6625 0.5921875 0.6734375 0.5921875
1 0.671875 0.603125 0.6640625 0.603125 0.6640625 0.6234375 0.671875 0.6234375
1 0.6734375 0.63125 0.6625 0.63125 0.6625 0.6546875 0.6734375 0.6546875
1 0.6734375 0.6625 0.6625 0.6625 0.6625 0.684375 0.6734375 0.684375
1 0.6734375 0.6921875 0.6625 0.6921875 0.6625 0.715625 0.6734375 0.715625
1 0.675 0.725 0.6640625 0.725 0.6640625000000001 0.746875 0.6750000000000002 0.746875
1 0.6671875000000002 0.7578125 0.6578125000000001 0.7578125 0.6578125000000001 0.778125 0.6671875000000002 0.778125
1 0.6546875000000002 0.75625 0.6421875000000001 0.75625 0.6421875000000001 0.778125 0.6546875000000002 0.778125
1 0.6484375000000002 0.784375 0.6375000000000002 0.784375 0.6375000000000002 0.8078125 0.6484375000000002 0.8078125
1 0.6484375000000002 0.815625 0.6375000000000002 0.815625 0.6375000000000002 0.8375 0.6484375000000002 0.8375
1 0.6625000000000002 0.784375 0.6531250000000002 0.784375 0.6531250000000002 0.80625 0.6625000000000002 0.80625
1 0.6734375000000001 0.7875 0.6640625000000002 0.7875 0.6640625000000002 0.809375 0.6734375000000001 0.809375
1 0.6734375000000001 0.815625 0.6640625000000002 0.815625 0.6640625000000002 0.8390625 0.6734375000000001 0.8390625
1 0.6625000000000002 0.8171875 0.6531250000000002 0.8171875 0.6531250000000002 0.8375 0.6625000000000002 0.8375
1 0.6671875000000002 0.846875 0.6578125000000001 0.846875 0.6578125000000001 0.86875 0.6671875000000002 0.86875
1 0.6781250000000002 0.846875 0.6671875000000002 0.846875 0.6671875000000002 0.8671875 0.6781250000000002 0.8671875
1 0.6421875000000001 0.8484375 0.6343750000000001 0.8484375 0.6343750000000001 0.86875 0.6421875000000001 0.86875
1 0.6531250000000002 0.846875 0.6453125000000002 0.846875 0.6453125000000002 0.8703125 0.6531250000000002 0.8703125
1 0.6421875000000001 0.878125 0.6359375000000002 0.878125 0.6359375000000002 0.8984375 0.6421875000000001 0.8984375
1 0.6406250000000002 0.9078125 0.6343750000000001 0.9078125 0.6343750000000001 0.9265625 0.6406250000000002 0.9265625
1 0.6531250000000002 0.878125 0.6437500000000002 0.878125 0.6437500000000002 0.8984375 0.6531250000000002 0.8984375
1 0.6671875000000002 0.878125 0.6578125000000001 0.878125 0.6578125000000001 0.8984375 0.6671875000000002 0.8984375
1 0.6765625000000002 0.878125 0.6671875000000002 0.878125 0.6671875000000002 0.8984375 0.6765625000000002 0.8984375
1 0.6765625000000002 0.9078125 0.6687500000000002 0.9078125 0.6687500000000002 0.925 0.6765625000000002 0.925
1 0.6687500000000002 0.9078125 0.6593750000000002 0.9078125 0.6593750000000002 0.925 0.6687500000000002 0.925
1 0.6531250000000002 0.9078125 0.6437500000000002 0.9078125 0.6437500000000002 0.9265625 0.6531250000000002 0.9265625
1 0.7296875 0.5406250000000001 0.7203125 0.540625 0.7203125 0.5625000000000001 0.7296875 0.5625000000000002
1 0.728125 0.5703125000000001 0.71875 0.5703125 0.71875 0.5953125000000001 0.728125 0.5953125000000001
1 0.74375 0.5421875000000002 0.7328125 0.5421875000000002 0.7328125 0.5625000000000002 0.74375 0.5625000000000002
1 0.753125 0.5406250000000001 0.74375 0.5406250000000001 0.74375 0.5625000000000002 0.753125 0.5625000000000002
1 0.7546875 0.5703125000000002 0.74375 0.5703125000000002 0.74375 0.5921875000000002 0.7546875 0.5921875000000002
1 0.74375 0.5703125000000002 0.734375 0.5703125000000002 0.734375 0.5921875000000002 0.74375 0.5921875000000002
1 0.7296875 0.6015625000000001 0.721875 0.6015625 0.721875 0.6234375000000001 0.7296875 0.6234375000000002
1 0.7453125 0.6015625000000002 0.7359375 0.6015625000000002 0.7359375 0.6234375000000002 0.7453125 0.6234375000000002
1 0.7546875 0.6031250000000001 0.7453125 0.6031250000000001 0.7453125 0.6234375000000002 0.7546875 0.6234375000000002
1 0.753125 0.6328125000000002 0.74375 0.6328125000000002 0.74375 0.6546875000000002 0.753125 0.6546875000000002
1 0.74375 0.6328125000000002 0.734375 0.6328125000000002 0.734375 0.6531250000000002 0.74375 0.6531250000000002
1 0.7296875 0.6343750000000001 0.71875 0.634375 0.71875 0.6546875000000001 0.7296875 0.6546875000000002
1 0.728125 0.6625000000000001 0.71875 0.6625 0.71875 0.6843750000000001 0.728125 0.6843750000000002
1 0.7296875 0.6937500000000001 0.7203125 0.69375 0.7203125 0.7156250000000001 0.7296875 0.7156250000000002
1 0.7250000000000002 0.7265625 0.7156250000000002 0.7265625 0.7156250000000002 0.7453125 0.7250000000000002 0.7453125
1 0.7296875000000002 0.7546875000000001 0.7187500000000002 0.7546875 0.7187500000000002 0.7781250000000001 0.7296875000000002 0.7781250000000002
1 0.7296875000000002 0.784375 0.7203125000000001 0.784375 0.7203125000000001 0.8078125 0.7296875000000002 0.8078125
1 0.7250000000000002 0.8171875 0.7156250000000002 0.8171875 0.7156250000000002 0.8390625 0.7250000000000002 0.8390625
1 0.7234375000000002 0.846875 0.7156250000000002 0.846875 0.7156250000000002 0.8703125 0.7234375000000002 0.8703125
1 0.7359375000000001 0.8453125 0.7250000000000002 0.8453125 0.7250000000000002 0.86875 0.7359375000000001 0.86875
1 0.7390625000000002 0.815625 0.7312500000000002 0.815625 0.7312500000000002 0.8375 0.7390625000000002 0.8375
1 0.7437500000000001 0.7562500000000002 0.7359375000000001 0.7562500000000002 0.7359375000000001 0.7781250000000002 0.7437500000000001 0.7781250000000002
1 0.7562500000000002 0.7546875000000002 0.7453125000000002 0.7546875000000002 0.7453125000000002 0.7765625000000002 0.7562500000000002 0.7765625000000002
1 0.7406250000000002 0.7265625000000002 0.7312500000000002 0.7265625000000002 0.7312500000000002 0.7468750000000002 0.7406250000000002 0.7468750000000002
1 0.7593750000000001 0.7265625000000002 0.7500000000000002 0.7265625000000002 0.7500000000000002 0.7468750000000002 0.7593750000000001 0.7468750000000002
1 0.7500000000000002 0.7265625000000002 0.7406250000000002 0.7265625000000002 0.7406250000000002 0.7453125000000002 0.7500000000000002 0.7453125000000002
1 0.74375 0.6937500000000002 0.734375 0.6937500000000002 0.734375 0.7156250000000002 0.74375 0.7156250000000002
1 0.7546875 0.6953125000000002 0.74375 0.6953125000000002 0.74375 0.7140625000000002 0.7546875 0.7140625000000002
1 0.753125 0.6640625000000002 0.74375 0.6640625000000002 0.74375 0.6843750000000002 0.753125 0.6843750000000002
1 0.74375 0.6640625000000002 0.734375 0.6640625000000002 0.734375 0.6875000000000002 0.74375 0.6875000000000002
1 0.7437500000000001 0.7859375000000002 0.7359375000000001 0.7859375000000002 0.7359375000000001 0.8078125 0.7437500000000001 0.8078125
1 0.7531250000000002 0.7859375000000002 0.7437500000000001 0.7859375000000002 0.7437500000000001 0.8078125 0.7531250000000002 0.8078125
1 0.7500000000000002 0.8171875 0.7390625000000002 0.8171875 0.7390625000000002 0.8375 0.7500000000000002 0.8375
1 0.7593750000000001 0.8171875 0.7500000000000002 0.8171875 0.7500000000000002 0.8375 0.7593750000000001 0.8375
1 0.7484375000000002 0.846875 0.7406250000000002 0.846875 0.7406250000000002 0.86875 0.7484375000000002 0.86875
1 0.7593750000000001 0.846875 0.7484375000000002 0.846875 0.7484375000000002 0.8671875 0.7593750000000001 0.8671875
1 0.7500000000000002 0.8765625 0.7406250000000002 0.8765625 0.7406250000000002 0.8984375 0.7500000000000002 0.8984375
1 0.7578125000000002 0.8796875 0.7500000000000002 0.8796875 0.7500000000000002 0.8984375 0.7578125000000002 0.8984375
1 0.7578125000000002 0.9078125 0.7500000000000002 0.9078125 0.7500000000000002 0.9265625 0.7578125000000002 0.9265625
1 0.7500000000000002 0.909375 0.7390625000000002 0.909375 0.7390625000000002 0.925 0.7500000000000002 0.925
1 0.7250000000000002 0.8796875 0.7156250000000002 0.8796875 0.7156250000000002 0.8984375 0.7250000000000002 0.8984375
1 0.7343750000000002 0.878125 0.7250000000000002 0.878125 0.7250000000000002 0.9 0.7343750000000002 0.9
1 0.7234375000000002 0.909375 0.7171875000000002 0.909375 0.7171875000000002 0.9265625 0.7234375000000002 0.9265625
1 0.7359375000000001 0.909375 0.7250000000000002 0.909375 0.7250000000000002 0.925 0.7359375000000001 0.925
1 0.80625 0.5421875000000002 0.7984375 0.5421875000000002 0.7984375 0.5625000000000002 0.80625 0.5625000000000002
1 0.821875 0.5406250000000001 0.8125 0.5406250000000001 0.8125 0.5640625000000001 0.821875 0.5640625000000001
1 0.83125 0.5406250000000001 0.8203125 0.5406250000000001 0.8203125 0.5640625000000001 0.83125 0.5640625000000001
1 0.80625 0.5718750000000001 0.8 0.5718750000000001 0.8 0.5937500000000002 0.80625 0.5937500000000002
1 0.80625 0.6031250000000001 0.796875 0.6031250000000001 0.796875 0.6250000000000002 0.80625 0.6250000000000002
1 0.83125 0.6015625000000002 0.8203125 0.6015625000000002 0.8203125 0.6234375000000002 0.83125 0.6234375000000002
1 0.821875 0.6000000000000002 0.8125 0.6000000000000002 0.8125 0.6234375000000002 0.821875 0.6234375000000002
1 0.83125 0.5718750000000001 0.821875 0.5718750000000001 0.821875 0.5921875000000002 0.83125 0.5921875000000002
1 0.821875 0.5718750000000001 0.8125 0.5718750000000001 0.8125 0.5921875000000002 0.821875 0.5921875000000002
1 0.80625 0.6328125000000002 0.7953125 0.6328125000000002 0.7953125 0.6531250000000002 0.80625 0.6531250000000002
1 0.8234375 0.6328125000000002 0.8125 0.6328125000000002 0.8125 0.6531250000000002 0.8234375 0.6531250000000002
1 0.83125 0.6343750000000001 0.821875 0.6343750000000001 0.821875 0.6546875000000002 0.83125 0.6546875000000002
1 0.83125 0.6625000000000002 0.821875 0.6625000000000002 0.821875 0.6843750000000002 0.83125 0.6843750000000002
1 0.8234375 0.6640625000000002 0.8125 0.6640625000000002 0.8125 0.6843750000000002 0.8234375 0.6843750000000002
1 0.8078125 0.6625000000000002 0.796875 0.6625000000000002 0.796875 0.6859375000000002 0.8078125 0.6859375000000002
1 0.8078125 0.6937500000000002 0.796875 0.6937500000000002 0.796875 0.7171875000000002 0.8078125 0.7171875000000002
1 0.8203125 0.6921875000000002 0.8109375 0.6921875000000002 0.8109375 0.7140625000000002 0.8203125 0.7140625000000002
1 0.83125 0.6937500000000002 0.821875 0.6937500000000002 0.821875 0.7156250000000002 0.83125 0.7156250000000002
1 0.83125 0.7265625000000002 0.821875 0.7265625000000002 0.821875 0.7468750000000002 0.83125 0.7468750000000002
1 0.821875 0.7250000000000002 0.8125 0.7250000000000002 0.8125 0.7453125000000002 0.821875 0.7453125000000002
1 0.80625 0.7250000000000002 0.796875 0.7250000000000002 0.7968750000000001 0.7468750000000002 0.80625 0.7468750000000002
1 0.83125 0.7562500000000002 0.821875 0.7562500000000002 0.821875 0.7765625000000002 0.83125 0.7765625000000002
1 0.821875 0.7562500000000002 0.8109375 0.7562500000000002 0.8109375 0.7765625000000002 0.821875 0.7765625000000002
1 0.809375 0.7562500000000002 0.7984375000000001 0.7562500000000002 0.7984375000000001 0.7765625000000002 0.809375 0.7765625000000002
1 0.8078125 0.7859375000000002 0.7968750000000002 0.7859375000000002 0.7968750000000002 0.8078125 0.8078125 0.8078125
1 0.821875 0.7859375000000002 0.8125 0.7859375000000002 0.8125 0.80625 0.821875 0.80625
1 0.83125 0.7859375000000002 0.821875 0.7859375000000002 0.821875 0.80625 0.83125 0.80625
1 0.8359375 0.8171875 0.8265625 0.8171875 0.8265625 0.8375 0.8359375 0.8375
1 0.8265625 0.815625 0.815625 0.815625 0.815625 0.8375 0.8265625 0.8375
1 0.8171875 0.815625 0.809375 0.815625 0.809375 0.8375 0.8171875 0.8375
1 0.803125 0.8171875 0.7937500000000002 0.8171875 0.7937500000000002 0.8375 0.803125 0.8375
1 0.7968750000000002 0.8484375 0.7890625000000002 0.8484375 0.7890625000000002 0.86875 0.7968750000000002 0.86875
1 0.7968750000000002 0.8765625 0.7890625000000002 0.8765625 0.7890625000000002 0.9 0.7968750000000002 0.9
1 0.7953125000000002 0.9078125 0.7875000000000002 0.9078125 0.7875000000000002 0.925 0.7953125000000002 0.925
1 0.8078125 0.9078125 0.7968750000000002 0.9078125 0.7968750000000002 0.9265625 0.8078125 0.9265625
1 0.821875 0.909375 0.8125 0.909375 0.8125 0.9265625 0.821875 0.9265625
1 0.8078125 0.846875 0.7968750000000002 0.846875 0.7968750000000002 0.86875 0.8078125 0.86875
1 0.8078125 0.8765625 0.7968750000000002 0.8765625 0.7968750000000002 0.8984375 0.8078125 0.8984375
1 0.821875 0.8484375 0.8109375 0.8484375 0.8109375 0.86875 0.821875 0.86875
1 0.821875 0.878125 0.8109375 0.878125 0.8109375 0.9 0.821875 0.9
1 0.8296875 0.9078125 0.821875 0.9078125 0.821875 0.9265625 0.8296875 0.9265625
1 0.840625 0.909375 0.8296875 0.909375 0.8296875 0.9265625 0.840625 0.9265625
1 0.83125 0.878125 0.821875 0.878125 0.821875 0.9 0.83125 0.9
1 0.840625 0.878125 0.83125 0.878125 0.83125 0.9 0.840625 0.9
1 0.840625 0.8484375 0.83125 0.8484375 0.83125 0.8703125 0.840625 0.8703125
1 0.8296875 0.846875 0.8203125 0.846875 0.8203125 0.86875 0.8296875 0.86875
1 0.875 0.5421875000000002 0.8671875 0.5421875000000002 0.8671875 0.5625000000000002 0.875 0.5625000000000002
1 0.8890625 0.5406250000000001 0.88125 0.5406250000000001 0.88125 0.5609375000000002 0.8890625 0.5609375000000002
1 0.890625 0.5718750000000001 0.8796875 0.5718750000000001 0.8796875 0.5921875000000002 0.890625 0.5921875000000002
1 0.875 0.5750000000000002 0.8671875 0.5750000000000002 0.8671875 0.5953125000000001 0.875 0.5953125000000001
1 0.8734375 0.6031250000000001 0.865625 0.6031250000000001 0.865625 0.6234375000000002 0.8734375 0.6234375000000002
1 0.8890625 0.6031250000000001 0.8796875 0.6031250000000001 0.8796875 0.6234375000000002 0.8890625 0.6234375000000002
1 0.875 0.6328125000000002 0.865625 0.6328125000000002 0.865625 0.6531250000000002 0.875 0.6531250000000002
1 0.890625 0.6312500000000002 0.88125 0.6312500000000002 0.88125 0.6546875000000002 0.890625 0.6546875000000002
1 0.890625 0.6640625000000002 0.8796875 0.6640625000000002 0.8796875 0.6843750000000002 0.890625 0.6843750000000002
1 0.875 0.6640625000000002 0.865625 0.6640625000000002 0.865625 0.6843750000000002 0.875 0.6843750000000002
1 0.875 0.6937500000000002 0.8640625 0.6937500000000002 0.8640625 0.7156250000000002 0.875 0.7156250000000002
1 0.890625 0.6953125000000002 0.8796875 0.6953125000000002 0.8796875 0.7140625000000002 0.890625 0.7140625000000002
1 0.8890625 0.7250000000000002 0.88125 0.7250000000000002 0.88125 0.7437500000000001 0.8890625 0.7437500000000001
1 0.875 0.7265625000000002 0.8640625 0.7265625000000002 0.8640625 0.7453125000000002 0.875 0.7453125000000002
1 0.8734375 0.7562500000000002 0.865625 0.7562500000000002 0.865625 0.7765625000000002 0.8734375 0.7765625000000002
1 0.8890625 0.7562500000000002 0.8796875 0.7562500000000002 0.8796875 0.7781250000000002 0.8890625 0.7781250000000002
1 0.875 0.7843750000000002 0.8640625 0.7843750000000002 0.8640625 0.8078125 0.875 0.8078125
1 0.890625 0.7859375000000002 0.8796875 0.7859375000000002 0.8796875 0.80625 0.890625 0.80625
1 0.875 0.815625 0.8640625 0.815625 0.8640625 0.8375 0.875 0.8375
1 0.8890625 0.8171875 0.8796875 0.8171875 0.8796875 0.8375 0.8890625 0.8375
1 0.8703125 0.8484375 0.8640625 0.8484375 0.8640625 0.86875 0.8703125 0.86875
1 0.8796875 0.8484375 0.871875 0.8484375 0.871875 0.8703125 0.8796875 0.8703125
1 0.8953125 0.846875 0.8859375 0.846875 0.8859375 0.8703125 0.8953125 0.8703125
1 0.8703125 0.8796875 0.8625 0.8796875 0.8625 0.9 0.8703125 0.9
1 0.88125 0.878125 0.871875 0.878125 0.871875 0.8984375 0.88125 0.8984375
1 0.8953125 0.878125 0.884375 0.878125 0.884375 0.9 0.8953125 0.9