0 0.7375 0.3203125000000001 0.5984375 0.3203125000000001 0.5984375 0.36406250000000007 0.7375 0.36406250000000007
0 0.8046875 0.46562500000000007 0.7078125 0.465625 0.7078125 0.5515625000000001 0.8046875 0.5515625000000002
0 0.784375 0.3734375000000001 0.7328125 0.3734375000000001 0.7328125 0.4656250000000002 0.784375 0.4656250000000002
0 0.428125 0.4984375 0.3343750000000001 0.4984375 0.3343750000000001 0.55625 0.428125 0.55625
0 0.7375 0.21718750000000003 0.3515625 0.2171875 0.3515625 0.34062500000000007 0.7375 0.34062500000000007
0 0.7375 0.27812500000000007 0.3890625 0.27812500000000007 0.3890625 0.34062500000000007 0.7375 0.34062500000000007
0 0.571875 0.3703125000000001 0.5640625 0.3703125000000001 0.5640625 0.4703125 0.571875 0.4703125
2 0.559375 0.525 0.54375 0.525 0.54375 0.540625 0.559375 0.540625
1 0.5609375 0.5078125 0.54375 0.5078125 0.54375 0.525 0.5609375 0.525
1 0.559375 0.4984375 0.54375 0.4984375 0.54375 0.509375 0.559375 0.509375
1 0.3890625000000001 0.5078125 0.3765625000000001 0.5078125 0.3765625000000001 0.5359375 0.3890625000000001 0.5359375
1 0.3937500000000001 0.51875 0.3843750000000001 0.51875 0.3843750000000001 0.5328125 0.3937500000000001 0.5328125
1 0.4015625 0.509375 0.3937500000000001 0.509375 0.3937500000000001 0.5359375 0.4015625 0.5359375
1 0.415625 0.5109375 0.403125 0.5109375 0.403125 0.5359375 0.415625 0.5359375
1 0.5578125 0.2515625000000001 0.5484375 0.2515625000000001 0.5484375 0.2750000000000001 0.5578125 0.2750000000000001
1 0.5625 0.2531250000000001 0.55625 0.2531250000000001 0.55625 0.2734375000000001 0.5625 0.2734375000000001
1 0.5734375 0.2531250000000001 0.5625 0.2531250000000001 0.5625 0.2750000000000001 0.5734375 0.2750000000000001
1 0.5375 0.19375000000000003 0.53125 0.19375000000000003 0.53125 0.2156250000000001 0.5375 0.2156250000000001
1 0.5484375 0.19218750000000007 0.5359375 0.19218750000000004 0.5359375 0.2156250000000001 0.5484375 0.2156250000000001
1 0.5578125 0.1921875000000001 0.546875 0.1921875000000001 0.546875 0.2156250000000001 0.5578125 0.2156250000000001
1 0.665625 0.2921875000000001 0.659375 0.2921875000000001 0.659375 0.3156250000000001 0.665625 0.3156250000000001
1 0.6796875 0.2906250000000001 0.6671875 0.2906250000000001 0.6671875 0.31718750000000007 0.6796875 0.31718750000000007
1 0.7703125 0.2796875000000001 0.753125 0.2796875000000001 0.753125 0.2953125000000001 0.7703125 0.2953125000000001
1 0.775 0.2671875000000001 0.759375 0.2671875000000001 0.759375 0.2843750000000001 0.775 0.2843750000000001
1 0.7703125 0.3156250000000001 0.753125 0.3156250000000001 0.753125 0.3343750000000001 0.7703125 0.3343750000000001
1 0.7703125 0.3031250000000001 0.753125 0.3031250000000001 0.753125 0.3203125000000001 0.7703125 0.3203125000000001
1 0.7875 0.5046875000000002 0.775 0.5046875000000002 0.775 0.5281250000000002 0.7875 0.5281250000000002
2 0.79375 0.5046875000000002 0.7875 0.5046875000000002 0.7875 0.5125000000000002 0.79375 0.5125000000000002
1 0.7609375 0.5046875000000002 0.7484375 0.5046875000000002 0.7484375 0.5296875000000002 0.7609375 0.5296875000000002
1 0.765625 0.5156250000000002 0.7578125 0.5156250000000002 0.7578125 0.5265625000000002 0.765625 0.5265625000000002
1 0.775 0.5031250000000002 0.765625 0.5031250000000002 0.765625 0.5281250000000002 0.775 0.5281250000000002