0 0.3546875 0.14218750000000005 0.3015625 0.14218750000000005 0.3015625 0.2609375 0.3546875 0.2609375
2 0.3375 0.2078125 0.3234375 0.2078125 0.3234375 0.225 0.3375 0.225
2 0.309375 0.2078125 0.2953125 0.2078125 0.2953125 0.225 0.309375 0.225
0 0.765625 0.26093750000000004 0.33125 0.2609375 0.33125000000000004 0.4828125000000001 0.765625 0.4828125000000002
0 0.584375 0.26250000000000007 0.346875 0.2625 0.34687500000000004 0.4140625 0.584375 0.4140625
0 0.5484375 0.26093750000000004 0.35 0.2609375 0.35 0.35000000000000003 0.5484375 0.3500000000000001
0 0.4421875 0.26250000000000007 0.328125 0.2625 0.328125 0.30468750000000006 0.4421875 0.3046875000000001
1 0.4078125 0.2671875000000001 0.3953125 0.2671875000000001 0.3953125 0.2921875000000001 0.4078125 0.2921875000000001
2 0.4140625 0.2750000000000001 0.4046875 0.2750000000000001 0.4046875 0.29375000000000007 0.4140625 0.29375000000000007
1 0.3109375 0.19218750000000004 0.29375 0.19218750000000004 0.29375 0.2109375 0.3109375 0.2109375
1 0.3109375 0.17968750000000006 0.2953125 0.17968750000000006 0.2953125 0.19531250000000006 0.3109375 0.19531250000000006
1 0.3390625 0.19218750000000004 0.3203125 0.19218750000000004 0.3203125 0.209375 0.3390625 0.209375
1 0.3375 0.17656250000000004 0.321875 0.17656250000000004 0.321875 0.19375000000000003 0.3375 0.19375000000000003
0 0.4765625 0.060937500000000054 0.40625 0.06093750000000005 0.40625 0.14218750000000005 0.4765625 0.14218750000000005
0 0.434375 0.10000000000000005 0.4015625 0.10000000000000005 0.4015625 0.14062500000000006 0.434375 0.14062500000000006
0 0.4640625 0.09687500000000006 0.4390625 0.09687500000000004 0.4390625 0.13906250000000003 0.4640625 0.13906250000000003
0 0.6703125 0.0750000000000001 0.6453125 0.0750000000000001 0.6453125 0.14218750000000008 0.6703125 0.14218750000000008
0 0.721875 0.07812500000000008 0.678125 0.07812500000000008 0.678125 0.14218750000000008 0.721875 0.14218750000000008
0 0.7640625 0.11718750000000008 0.703125 0.11718750000000008 0.703125 0.1609375000000001 0.7640625 0.1609375000000001
0 0.765625 0.11562500000000009 0.696875 0.11562500000000009 0.696875 0.14218750000000008 0.765625 0.14218750000000008
0 0.7671875 0.2765625000000001 0.5984375 0.2765625000000001 0.5984375 0.4218750000000001 0.7671875 0.42187500000000017
0 0.7671875 0.26250000000000007 0.6703125 0.26250000000000007 0.6703125 0.3281250000000001 0.7671875 0.3281250000000001
0 0.8265625 0.19531250000000008 0.7796875 0.19531250000000008 0.7796875 0.21093750000000008 0.8265625 0.21093750000000008
0 0.6625 0.615625 0.6125 0.615625 0.6125 0.7046875 0.6625 0.7046875
2 0.4953125000000001 0.7015625 0.484375 0.7015625 0.4843750000000001 0.7265625 0.49531250000000016 0.7265625
1 0.51875 0.7 0.5046875 0.7 0.5046875 0.7234375 0.51875 0.7234375
1 0.5046875 0.6984375 0.4953125 0.6984375 0.4953125 0.725 0.5046875 0.725
1 0.65 0.646875 0.6328125 0.646875 0.6328125 0.659375 0.65 0.659375
1 0.65 0.63125 0.6328125 0.63125 0.6328125 0.65 0.65 0.65
1 0.575 0.440625 0.5640625 0.440625 0.5640625 0.46875 0.575 0.46875
1 0.55625 0.4421875 0.546875 0.4421875 0.546875 0.46875 0.55625 0.46875
1 0.5640625 0.4421875 0.553125 0.4421875 0.553125 0.4671875 0.5640625 0.4671875
1 0.48125 0.37187500000000007 0.4703125 0.37187500000000007 0.4703125 0.4015625 0.48125 0.4015625
1 0.46875 0.3750000000000001 0.4578125 0.3750000000000001 0.4578125 0.4 0.46875 0.4
1 0.4609375 0.3078125000000001 0.453125 0.3078125000000001 0.453125 0.33281250000000007 0.4609375 0.33281250000000007
1 0.4515625 0.30937500000000007 0.440625 0.30937500000000007 0.440625 0.3343750000000001 0.4515625 0.3343750000000001
0 0.353125 0.15312500000000004 0.3328125 0.15312500000000004 0.3328125 0.2484375 0.353125 0.2484375
0 0.6203125 0.15000000000000008 0.6109375 0.15000000000000008 0.6109375 0.2578125000000001 0.6203125 0.2578125000000001
2 0.6125 0.10312500000000009 0.596875 0.10312500000000009 0.596875 0.12343750000000009 0.6125 0.12343750000000009
2 0.7125 0.06093750000000009 0.6984375 0.06093750000000009 0.6984375 0.07812500000000008 0.7125 0.07812500000000008
1 0.734375 0.10156250000000008 0.721875 0.10156250000000008 0.721875 0.12656250000000008 0.734375 0.12656250000000008
1 0.74375 0.10156250000000008 0.7328125 0.10156250000000008 0.7328125 0.12500000000000008 0.74375 0.12500000000000008
1 0.6140625 0.08750000000000006 0.596875 0.08750000000000006 0.596875 0.10468750000000009 0.6140625 0.10468750000000009
1 0.615625 0.07656250000000006 0.59375 0.07656250000000006 0.59375 0.09062500000000007 0.615625 0.09062500000000007
1 0.45 0.04218750000000006 0.4359375 0.04218750000000006 0.4359375 0.06562500000000004 0.45 0.06562500000000004
1 0.39375 0.2656250000000001 0.3859375 0.2656250000000001 0.3859375 0.29375000000000007 0.39375 0.29375000000000007
1 0.425 0.2687500000000001 0.4140625 0.2687500000000001 0.4140625 0.2921875000000001 0.425 0.2921875000000001
1 0.434375 0.2656250000000001 0.4234375 0.2656250000000001 0.4234375 0.2921875000000001 0.434375 0.2921875000000001
1 0.5734375 0.528125 0.5578125 0.528125 0.5578125 0.5546875 0.5734375 0.5546875
1 0.69375 0.3750000000000001 0.6859375 0.3750000000000001 0.6859375 0.4015625 0.69375 0.4015625
1 0.684375 0.37187500000000007 0.6734375 0.37187500000000007 0.6734375 0.4 0.684375 0.4
1 0.7296875 0.2812500000000001 0.715625 0.2812500000000001 0.715625 0.3078125000000001 0.7296875 0.3078125000000001
1 0.7171875 0.2796875000000001 0.7078125 0.2796875000000001 0.7078125 0.30937500000000007 0.7171875 0.30937500000000007
1 0.71875 0.057812500000000086 0.709375 0.057812500000000086 0.709375 0.0828125000000001 0.71875 0.0828125000000001
1 0.4109375 0.07968750000000005 0.4 0.07968750000000005 0.4 0.10156250000000004 0.4109375 0.10156250000000004