0 0.3125 0.10781250000000005 0.278125 0.10781250000000005 0.278125 0.33125 0.3125 0.33125
0 0.446875 0.3296875 0.3109375 0.3296875 0.31093750000000003 0.39687500000000003 0.446875 0.3968750000000001
0 0.5015625 0.15000000000000005 0.4859375 0.15000000000000005 0.4859375 0.2656250000000001 0.5015625 0.2656250000000001
0 0.9921875 0.2671875000000001 0.503125 0.2671875000000001 0.503125 0.3812500000000001 0.9921875 0.3812500000000001
0 0.7296875 0.2671875000000001 0.5015625 0.2671875000000001 0.5015625 0.3203125000000001 0.7296875 0.3203125000000001
1 0.3609375 0.35625 0.353125 0.35625 0.353125 0.3765625 0.3609375000000001 0.3765625
1 0.36406250000000007 0.35937500000000006 0.3578125 0.359375 0.35781250000000003 0.3765625 0.36406250000000007 0.3765625000000001
1 0.37343750000000003 0.3593750000000001 0.3640625 0.3593750000000001 0.36406250000000007 0.3781250000000001 0.3734375000000001 0.3781250000000001
1 0.3765625 0.3578125000000001 0.3734375 0.3578125000000001 0.37343750000000003 0.3781250000000001 0.3765625000000001 0.3781250000000001
1 0.38593750000000004 0.35625000000000007 0.3765625 0.35625000000000007 0.3765625 0.3750000000000001 0.3859375000000001 0.3750000000000001
1 0.4 0.3671875000000001 0.3921875000000001 0.3671875000000001 0.3921875000000001 0.3843750000000001 0.4 0.3843750000000001
1 0.278125 0.225 0.2671875 0.225 0.2671875 0.2390625 0.278125 0.2390625
1 0.2796875 0.2 0.2671875 0.2 0.2671875 0.2140625 0.2796875 0.2140625
1 0.278125 0.215625 0.265625 0.215625 0.265625 0.228125 0.278125 0.228125
1 0.490625 0.18281250000000004 0.4765625 0.18281250000000004 0.4765625 0.19843750000000004 0.490625 0.19843750000000004
1 0.4953125 0.17500000000000004 0.48125 0.17500000000000004 0.48125 0.18750000000000006 0.4953125 0.18750000000000006
1 0.490625 0.2250000000000001 0.4765625 0.2250000000000001 0.4765625 0.2390625000000001 0.490625 0.2390625000000001
1 0.490625 0.2156250000000001 0.478125 0.2156250000000001 0.478125 0.2250000000000001 0.490625 0.2250000000000001
1 0.4921875 0.20312500000000008 0.478125 0.20312500000000008 0.478125 0.2156250000000001 0.4921875 0.2156250000000001
1 0.5 0.10781250000000005 0.490625 0.10781250000000005 0.490625 0.12500000000000006 0.5 0.12500000000000006
1 0.6078125 0.28593750000000007 0.6 0.28593750000000007 0.6 0.3062500000000001 0.6078125 0.3062500000000001
1 0.628125 0.27812500000000007 0.6203125 0.27812500000000007 0.6203125 0.29375000000000007 0.628125 0.29375000000000007
1 0.634375 0.2796875000000001 0.628125 0.2796875000000001 0.628125 0.2953125000000001 0.634375 0.2953125000000001
1 0.615625 0.28593750000000007 0.6078125 0.28593750000000007 0.6078125 0.3062500000000001 0.615625 0.3062500000000001
1 0.7296875 0.05156250000000009 0.721875 0.05156250000000009 0.721875 0.07187500000000009 0.7296875 0.07187500000000009
1 0.734375 0.05156250000000009 0.728125 0.05156250000000009 0.728125 0.07031250000000008 0.734375 0.07031250000000008
1 0.7453125 0.050000000000000086 0.7390625 0.050000000000000086 0.7390625 0.07187500000000009 0.7453125 0.07187500000000009
1 0.753125 0.05156250000000009 0.7453125 0.05156250000000009 0.7453125 0.07031250000000008 0.753125 0.07031250000000008
1 0.759375 0.05156250000000009 0.7515625 0.05156250000000009 0.7515625 0.06875000000000009 0.759375 0.06875000000000009
1 0.7671875 0.05312500000000009 0.7609375 0.05312500000000009 0.7609375 0.06875000000000009 0.7671875 0.06875000000000009
1 0.7703125 0.05312500000000009 0.765625 0.05312500000000009 0.765625 0.06875000000000009 0.7703125 0.06875000000000009
2 0.7765625 0.06406250000000009 0.7671875 0.06406250000000009 0.7671875 0.0750000000000001 0.7765625 0.0750000000000001
1 0.784375 0.06093750000000009 0.7765625 0.06093750000000009 0.7765625 0.0750000000000001 0.784375 0.0750000000000001
1 0.7875 0.06250000000000008 0.78125 0.06250000000000008 0.78125 0.07656250000000009 0.7875 0.07656250000000009
1 0.79375 0.06250000000000008 0.7859375 0.06250000000000008 0.7859375 0.0750000000000001 0.79375 0.0750000000000001
2 0.7375 0.06875000000000009 0.7328125 0.06875000000000009 0.7328125 0.07343750000000009 0.7375 0.07343750000000009
1 0.79375 0.3421875000000001 0.7875 0.3421875000000001 0.7875 0.36406250000000007 0.79375 0.36406250000000007
1 0.778125 0.3421875000000001 0.7734375 0.3421875000000001 0.7734375 0.36406250000000007 0.778125 0.36406250000000007
1 0.784375 0.3437500000000001 0.7796875 0.3437500000000001 0.7796875 0.3609375000000001 0.784375 0.3609375000000001
1 0.7453125 0.3437500000000001 0.7375 0.3437500000000001 0.7375 0.3671875000000001 0.7453125 0.3671875000000001
1 0.75 0.3468750000000001 0.74375 0.3468750000000001 0.74375 0.3625000000000001 0.75 0.3625000000000001
1 0.75625 0.3453125000000001 0.75 0.3453125000000001 0.75 0.3609375000000001 0.75625 0.3609375000000001
1 0.7625 0.3453125000000001 0.75625 0.3453125000000001 0.75625 0.3609375000000001 0.7625 0.3609375000000001
1 0.7265625 0.3437500000000001 0.71875 0.3437500000000001 0.71875 0.3625000000000001 0.7265625 0.3625000000000001
1 0.734375 0.3453125000000001 0.728125 0.3453125000000001 0.728125 0.36406250000000007 0.734375 0.36406250000000007
1 0.74375 0.3437500000000001 0.7328125 0.3437500000000001 0.7328125 0.3625000000000001 0.74375 0.3625000000000001
2 0.7671875 0.34062500000000007 0.7609375 0.34062500000000007 0.7609375 0.3609375000000001 0.7671875 0.3609375000000001
2 0.771875 0.3500000000000001 0.765625 0.3500000000000001 0.765625 0.36406250000000007 0.771875 0.36406250000000007
2 0.7984375 0.34062500000000007 0.7921875 0.34062500000000007 0.7921875 0.36406250000000007 0.7984375 0.36406250000000007
1 0.915625 0.3828125000000001 0.9046875 0.3828125000000001 0.9046875 0.4031250000000002 0.915625 0.4031250000000002
1 0.9234375 0.3843750000000001 0.9140625 0.3843750000000001 0.9140625 0.4031250000000002 0.9234375 0.4031250000000002
1 0.93125 0.3828125000000001 0.921875 0.3828125000000001 0.921875 0.40156250000000016 0.93125 0.40156250000000016
1 0.9375 0.3843750000000001 0.93125 0.3843750000000001 0.93125 0.40156250000000016 0.9375 0.40156250000000016
1 0.940625 0.3906250000000001 0.934375 0.3906250000000001 0.934375 0.4078125000000002 0.940625 0.4078125000000002
1 0.9484375 0.3890625000000001 0.940625 0.3890625000000001 0.940625 0.4031250000000002 0.9484375 0.4031250000000002
1 0.953125 0.3843750000000001 0.946875 0.3843750000000001 0.946875 0.40156250000000016 0.953125 0.40156250000000016
1 0.9609375 0.3828125000000001 0.9515625 0.3828125000000001 0.9515625 0.40156250000000016 0.9609375 0.40156250000000016
1 0.9734375 0.3859375000000001 0.9703125 0.3859375000000001 0.9703125 0.4031250000000002 0.9734375 0.4031250000000002
1 0.98125 0.3843750000000001 0.9765625 0.3843750000000001 0.9765625 0.40156250000000016 0.98125 0.40156250000000016
1 0.990625 0.3843750000000001 0.9828125 0.3843750000000001 0.9828125 0.4031250000000002 0.990625 0.4031250000000002
2 0.9671875 0.3890625000000001 0.9609375 0.3890625000000001 0.9609375 0.40156250000000016 0.9671875 0.40156250000000016
1 0.9875 0.4421875000000002 0.978125 0.4421875000000002 0.978125 0.4625000000000002 0.9875 0.4625000000000002
1 0.9953125 0.4437500000000002 0.9875 0.4437500000000002 0.9875 0.4625000000000002 0.9953125 0.4625000000000002
1 1 0.4437500000000002 0.9953125 0.4437500000000002 0.9953125 0.4625000000000002 1 0.4625000000000002