1 0.446875 0.3468750000000001 0.434375 0.3468750000000001 0.434375 0.3765625000000001 0.446875 0.3765625000000001
1 0.4015625 0.3000000000000001 0.38125 0.3000000000000001 0.38125 0.3156250000000001 0.4015625 0.3156250000000001
1 0.3703125 0.29218750000000004 0.3578125 0.2921875 0.3578125 0.33281250000000007 0.3703125 0.33281250000000007
1 0.49375 0.3031250000000001 0.48125 0.3031250000000001 0.48125 0.3187500000000001 0.49375 0.3187500000000001
1 0.5 0.22812500000000008 0.484375 0.22812500000000008 0.484375 0.2468750000000001 0.5 0.2468750000000001
1 0.5265625 0.3500000000000001 0.5140625 0.3500000000000001 0.5140625 0.3687500000000001 0.5265625 0.3687500000000001
1 0.5734375 0.3390625000000001 0.5625 0.3390625000000001 0.5625 0.36406250000000007 0.5734375 0.36406250000000007
1 0.615625 0.4296875 0.60625 0.4296875 0.60625 0.453125 0.615625 0.453125
1 0.6359375 0.428125 0.6234375 0.428125 0.6234375 0.4578125 0.6359375 0.4578125
0 0.596875 0.50625 0.403125 0.50625 0.403125 0.515625 0.596875 0.515625
1 0.51875 0.4921875 0.484375 0.4921875 0.484375 0.5078125 0.51875 0.5078125
0 0.5984375 0.540625 0.3828125000000001 0.540625 0.3828125000000001 0.5484375 0.5984375 0.5484375
1 0.5015625 0.525 0.4828125 0.525 0.4828125 0.540625 0.5015625 0.540625
1 0.65625 0.4734375 0.6125 0.4734375 0.6125 0.4890625 0.65625 0.4890625
1 0.746875 0.4906250000000002 0.7296875 0.4906250000000002 0.7296875 0.5078125000000002 0.746875 0.5078125000000002
1 0.778125 0.4281250000000002 0.7671875 0.4281250000000002 0.7671875 0.4546875000000002 0.778125 0.4546875000000002
1 0.4296875 0.19843750000000004 0.415625 0.19843750000000004 0.415625 0.2296875000000001 0.4296875 0.2296875000000001
1 0.44375 0.20312500000000008 0.4328125 0.20312500000000008 0.4328125 0.2296875000000001 0.44375 0.2296875000000001
1 0.453125 0.20468750000000008 0.4453125 0.20468750000000008 0.4453125 0.22812500000000008 0.453125 0.22812500000000008
0 0.3734375 0.2734375000000001 0.36875 0.2734375000000001 0.36875 0.3421875000000001 0.3734375 0.3421875000000001
0 0.4671875 0.3156250000000001 0.4171875 0.3156250000000001 0.4171875 0.3265625000000001 0.4671875 0.3265625000000001