0 1 0.2562500000000001 0.396875 0.2562500000000001 0.396875 0.27031250000000007 1 0.27031250000000007
1 0.4890625 0.3000000000000001 0.471875 0.3000000000000001 0.471875 0.3437500000000001 0.4890625 0.3437500000000001
1 0.5109375 0.2984375000000001 0.4921875 0.2984375000000001 0.4921875 0.3421875000000001 0.5109375 0.3421875000000001
1 0.553125 0.2984375000000001 0.525 0.2984375000000001 0.525 0.3437500000000001 0.553125 0.3437500000000001
1 0.5953125 0.3593750000000001 0.5734375 0.3593750000000001 0.5734375 0.3984375000000001 0.5953125 0.3984375000000001
1 0.5921875 0.4234375 0.5734375 0.4234375 0.5734375 0.4625 0.5921875 0.4625
1 0.6140625 0.41875 0.5921875 0.41875 0.5921875 0.459375 0.6140625 0.459375
1 0.534375 0.3531250000000001 0.509375 0.3531250000000001 0.509375 0.4 0.534375 0.4
1 0.546875 0.3593750000000001 0.5359375 0.3593750000000001 0.5359375 0.4015625 0.546875 0.4015625
1 0.74375 0.5953125000000001 0.7125 0.5953125 0.7125 0.6171875000000001 0.74375 0.6171875000000002
1 0.7421875 0.565625 0.7140625 0.565625 0.7140625 0.5921875000000001 0.7421875 0.5921875000000002
1 0.5640625 0.4203125 0.5125 0.4203125 0.5125 0.4625 0.5640625 0.4625
1 0.6671875 0.10000000000000009 0.6296875 0.10000000000000009 0.6296875 0.1671875000000001 0.6671875 0.1671875000000001
1 0.26250000000000007 0.5921875 0.2312500000000001 0.5921875 0.2312500000000001 0.64375 0.26250000000000007 0.64375
1 0.1984375000000001 0.578125 0.16562500000000008 0.578125 0.16562500000000008 0.6265625 0.1984375000000001 0.6265625
1 0.38750000000000007 0.6234375 0.3578125000000001 0.6234375 0.3578125000000001 0.6703125 0.38750000000000007 0.6703125
1 0.3656250000000001 0.65625 0.3375000000000001 0.65625 0.3375000000000001 0.6890625 0.3656250000000001 0.6890625
1 0.5109375 0.596875 0.4796875 0.596875 0.4796875 0.646875 0.5109375 0.646875
1 0.35625000000000007 0.8109375 0.3390625000000001 0.8109375 0.3390625000000001 0.8578125 0.35625000000000007 0.8578125
1 0.3671875000000001 0.815625 0.3546875000000001 0.815625 0.3546875000000001 0.8578125 0.3671875000000001 0.8578125
1 0.4203125000000002 0.8140625 0.4078125000000002 0.8140625 0.4078125000000002 0.859375 0.4203125000000002 0.859375
1 0.4390625000000002 0.8125 0.4203125000000002 0.8125 0.4203125000000002 0.8546875 0.4390625000000002 0.8546875
1 0.03906250000000004 0.284375 3.482589335075286e-17 0.284375 3.932264331637205e-17 0.3578125 0.03906250000000004 0.3578125
2 0.19531250000000008 0.63125 0.16406250000000008 0.63125 0.16406250000000008 0.65625 0.19531250000000008 0.65625
1 0.6671875000000002 0.8234375 0.6281250000000002 0.8234375 0.6281250000000002 0.890625 0.6671875000000002 0.890625
0 0.2078125000000001 0.4609375 0.19375000000000003 0.4609375 0.19375000000000006 0.7703125 0.2078125000000001 0.7703125
0 0.2687500000000001 0.490625 0.2593750000000001 0.490625 0.2593750000000001 0.74375 0.2687500000000001 0.74375
0 0.3921875000000001 0.859375 0.3187500000000001 0.859375 0.3187500000000001 0.86875 0.3921875000000001 0.86875
0 0.44531250000000017 0.8578125 0.39531250000000007 0.8578125 0.39531250000000007 0.86875 0.44531250000000017 0.86875
0 0.75 0.5375000000000002 0.74375 0.5375000000000002 0.74375 0.6968750000000001 0.75 0.6968750000000001
1 0.740625 0.64375 0.7125 0.64375 0.7125 0.6656250000000001 0.740625 0.6656250000000001
2 0.740625 0.6156250000000001 0.721875 0.615625 0.721875 0.6390625000000001 0.740625 0.6390625000000002
0 0.6687500000000002 0.8078125 0.5921875000000002 0.8078125 0.5921875000000002 0.8296875 0.6687500000000002 0.8296875
0 0.5203125000000001 0.496875 0.509375 0.496875 0.5093750000000001 0.7375 0.5203125000000002 0.7375
0 1 0.8015625 0.828125 0.8015625 0.828125 0.8171875 1 0.8171875
2 0.4671875 0.3421875000000001 0.396875 0.3421875000000001 0.39687500000000003 0.4859375 0.4671875 0.4859375
2 0.4984375 0.4015625 0.4484375 0.4015625 0.4484375 0.4890625 0.4984375 0.4890625
2 0.5046875 0.465625 0.4546875 0.465625 0.4546875 0.53125 0.5046875 0.53125
0 0.6671875 0.16406250000000008 0.5921875 0.16406250000000008 0.5921875 0.18125000000000008 0.6671875 0.18125000000000008