0 0.20937500000000003 0.3421875 0.18906250000000005 0.3421875 0.18906250000000005 0.4875 0.2093750000000001 0.4875
0 0.2921875 0.30625 0.2171875 0.30625 0.2171875 0.3484375 0.2921875 0.3484375
1 0.17500000000000004 0.4125 0.16562500000000005 0.4125 0.16562500000000005 0.434375 0.17500000000000004 0.434375
0 0.5359375 0.3109375000000001 0.4640625 0.3109375000000001 0.4640625 0.3750000000000001 0.5359375 0.3750000000000001
0 0.5140625 0.3062500000000001 0.4625 0.3062500000000001 0.4625 0.3781250000000001 0.5140625 0.3781250000000001
0 0.496875 0.3109375000000001 0.459375 0.3109375000000001 0.459375 0.3984375000000001 0.496875 0.3984375000000001
0 0.7375 0.3062500000000001 0.553125 0.3062500000000001 0.553125 0.3546875000000001 0.7375 0.3546875000000001
0 0.7390625 0.3437500000000001 0.509375 0.3437500000000001 0.509375 0.3750000000000001 0.7390625 0.3750000000000001
0 0.740625 0.3687500000000001 0.575 0.3687500000000001 0.575 0.4250000000000001 0.740625 0.42500000000000016
0 0.740625 0.3984375000000001 0.603125 0.3984375000000001 0.603125 0.4234375000000001 0.740625 0.4234375000000002
0 0.7625 0.4234375000000002 0.7359375 0.4234375000000002 0.7359375 0.4812500000000002 0.7625 0.4812500000000002
0 0.5328125 0.50625 0.4640625 0.50625 0.4640625 0.5875 0.5328125 0.5875
0 0.5 0.50625 0.4671875 0.50625 0.4671875 0.54375 0.5 0.54375
1 0.590625 0.5703125 0.5796875 0.5703125 0.5796875 0.5890625 0.590625 0.5890625
1 0.5890625 0.6 0.5796875 0.6 0.5796875 0.61875 0.5890625 0.61875
1 0.5890625 0.6296875 0.5796875 0.6296875 0.5796875 0.65 0.5890625 0.65
1 0.5890625 0.6875 0.58125 0.6875 0.58125 0.7046875 0.5890625 0.7046875
1 0.5171875 0.5625 0.509375 0.5625 0.509375 0.5875 0.5171875 0.5875
1 0.6625 0.3906250000000001 0.65 0.3906250000000001 0.65 0.4171875 0.6625 0.4171875
1 0.7109375 0.3656250000000001 0.6984375 0.3656250000000001 0.6984375 0.3906250000000001 0.7109375 0.3906250000000001
1 0.646875 0.3437500000000001 0.634375 0.3437500000000001 0.634375 0.3687500000000001 0.646875 0.3687500000000001