0 0.709375 0.19531250000000008 0.628125 0.19531250000000008 0.628125 0.21093750000000008 0.709375 0.21093750000000008
0 0.6125 0.19531250000000008 0.584375 0.19531250000000008 0.584375 0.2078125000000001 0.6125 0.2078125000000001
0 0.671875 0.2656250000000001 0.6609375 0.2656250000000001 0.6609375 0.3843750000000001 0.671875 0.3843750000000001
0 0.625 0.4375 0.4375 0.4375 0.4375 0.4484375 0.625 0.4484375
0 0.6234375 0.4890625 0.21875000000000008 0.4890625 0.21875000000000008 0.503125 0.6234375 0.503125
0 0.14375000000000004 0.24375 0.13281250000000006 0.24375 0.13281250000000006 0.40625 0.14375000000000004 0.40625
0 0.8421875 0.4796875000000001 0.7234375 0.4796875 0.7234375 0.4921875000000001 0.8421875 0.49218750000000017
0 0.8890625 0.2250000000000001 0.8796875 0.2250000000000001 0.8796875 0.4281250000000002 0.8890625 0.4281250000000002
2 0.3078125 0.19375000000000003 0.2203125 0.19375000000000003 0.2203125 0.259375 0.3078125 0.259375
2 0.21875 0.13593750000000002 0.134375 0.1359375 0.13437500000000002 0.21875 0.21875 0.21875
1 0.184375 0.10468750000000002 0.1703125 0.1046875 0.1703125 0.1296875 0.184375 0.12968750000000004
1 0.1953125 0.11093750000000002 0.178125 0.1109375 0.178125 0.13281250000000003 0.1953125 0.13281250000000006
1 0.284375 0.16250000000000003 0.2734375 0.16250000000000003 0.2734375 0.18906250000000005 0.284375 0.18906250000000005
1 0.2984375 0.16250000000000003 0.2828125 0.16250000000000003 0.2828125 0.18750000000000006 0.2984375 0.18750000000000006
1 0.13281250000000006 0.2875 0.11406250000000004 0.2875 0.11406250000000004 0.309375 0.13281250000000006 0.309375
2 0.12812500000000004 0.3359375 0.11562500000000005 0.3359375 0.11562500000000005 0.353125 0.12812500000000004 0.353125
1 0.13125000000000003 0.321875 0.11250000000000004 0.321875 0.11250000000000004 0.3390625 0.13125000000000003 0.3390625
1 0.13125000000000003 0.309375 0.11406250000000004 0.309375 0.11406250000000004 0.321875 0.13125000000000003 0.321875
1 0.12187500000000004 0.4609375 0.11250000000000004 0.4609375 0.11250000000000004 0.4890625 0.12187500000000004 0.4890625
1 0.13125000000000003 0.4609375 0.12031250000000004 0.4609375 0.12031250000000004 0.4859375 0.13125000000000003 0.4859375
1 0.14375000000000004 0.4609375 0.13125000000000003 0.4609375 0.13125000000000003 0.490625 0.14375000000000004 0.490625
0 0.2140625000000001 0.4921875 0.16562500000000005 0.4921875 0.16562500000000005 0.503125 0.2140625000000001 0.503125
1 0.4140625 0.4625 0.4046875 0.4625 0.4046875 0.4875 0.4140625 0.4875
1 0.4234375 0.4625 0.4125 0.4625 0.4125 0.4890625 0.4234375 0.4890625
1 0.43125 0.459375 0.4203125 0.459375 0.4203125 0.4859375 0.43125 0.4859375
1 0.5265625 0.40625 0.51875 0.40625 0.51875 0.4296875 0.5265625 0.4296875
1 0.5421875 0.40625 0.528125 0.40625 0.528125 0.428125 0.5421875 0.428125
1 0.6578125 0.3125000000000001 0.6375 0.3125000000000001 0.6375 0.3312500000000001 0.6578125 0.3312500000000001
1 0.6578125 0.2968750000000001 0.6390625 0.2968750000000001 0.6390625 0.31718750000000007 0.6578125 0.31718750000000007
1 0.6546875 0.16562500000000008 0.64375 0.16562500000000008 0.64375 0.1921875000000001 0.6546875 0.1921875000000001
1 0.6671875 0.16406250000000008 0.6578125 0.16406250000000008 0.6578125 0.1921875000000001 0.6671875 0.1921875000000001
2 0.6734375 0.1750000000000001 0.665625 0.1750000000000001 0.665625 0.18906250000000008 0.6734375 0.18906250000000008
1 0.68125 0.16406250000000008 0.6734375 0.16406250000000008 0.6734375 0.1906250000000001 0.68125 0.1906250000000001
1 0.69375 0.16562500000000008 0.68125 0.16562500000000008 0.68125 0.1921875000000001 0.69375 0.1921875000000001
2 0.8765625 0.3265625000000001 0.859375 0.3265625000000001 0.859375 0.3437500000000001 0.8765625 0.3437500000000001
1 0.8765625 0.30937500000000007 0.8578125 0.30937500000000007 0.8578125 0.3265625000000001 0.8765625 0.3265625000000001
1 0.878125 0.3000000000000001 0.8578125 0.3000000000000001 0.8578125 0.3140625000000001 0.878125 0.3140625000000001
1 0.78125 0.4468750000000002 0.7703125 0.4468750000000002 0.7703125 0.4734375000000002 0.78125 0.4734375000000002
1 0.7921875 0.44843750000000016 0.7796875 0.44843750000000016 0.7796875 0.4734375000000002 0.7921875 0.4734375000000002
1 0.4 0.571875 0.38750000000000007 0.571875 0.38750000000000007 0.6046875 0.4 0.6046875
1 0.3937500000000001 0.63125 0.3781250000000001 0.63125 0.3781250000000001 0.6625 0.3937500000000001 0.6625
1 0.38750000000000007 0.69375 0.3781250000000001 0.69375 0.3781250000000001 0.7265625 0.38750000000000007 0.7265625
1 0.3968750000000001 0.69375 0.3859375000000001 0.69375 0.3859375000000001 0.721875 0.3968750000000001 0.721875
1 0.3921875000000001 0.7546875 0.37968750000000007 0.7546875 0.37968750000000007 0.7859375 0.3921875000000001 0.7859375
1 0.415625 0.571875 0.4015625 0.571875 0.4015625 0.6078125 0.415625 0.6078125
1 0.40625 0.634375 0.3921875000000001 0.634375 0.3921875000000001 0.6625 0.40625 0.6625
1 0.4125 0.6921875 0.4 0.6921875 0.4 0.7234375 0.4125 0.7234375
1 0.4031250000000002 0.7546875 0.3921875000000001 0.7546875 0.3921875000000001 0.7828125 0.4031250000000002 0.7828125
1 0.3921875000000001 0.8171875 0.3812500000000001 0.8171875 0.3812500000000001 0.84375 0.3921875000000001 0.84375
1 0.39531250000000007 0.871875 0.3828125000000001 0.871875 0.3828125000000001 0.903125 0.39531250000000007 0.903125
1 0.3906250000000001 0.9328125 0.3812500000000001 0.9328125 0.3812500000000001 0.9640625 0.3906250000000001 0.9640625
1 0.4000000000000002 0.9328125 0.3890625000000001 0.9328125 0.3890625000000001 0.965625 0.4000000000000002 0.965625
1 0.41406250000000017 0.934375 0.4031250000000002 0.934375 0.4031250000000002 0.9625 0.41406250000000017 0.9625
1 0.4078125000000002 0.871875 0.3937500000000001 0.871875 0.3937500000000001 0.9015625 0.4078125000000002 0.9015625
1 0.4078125000000002 0.815625 0.3937500000000001 0.815625 0.3937500000000001 0.8421875 0.4078125000000002 0.8421875