0 0.2640625000000001 0.5359375 0.04687500000000007 0.5359375 0.04687500000000007 0.5453125 0.2640625000000001 0.5453125
0 0.10625000000000004 0.4953125 0.012500000000000061 0.4953125 0.012500000000000061 0.50625 0.10625000000000004 0.50625
0 0.2656250000000001 0.45625 0.08750000000000006 0.45625 0.08750000000000006 0.4671875 0.2656250000000001 0.4671875
0 0.2640625000000001 0.409375 0.14843750000000006 0.409375 0.14843750000000006 0.4203125 0.2640625000000001 0.4203125
0 0.30625 0.303125 0.3 0.303125 0.30000000000000004 0.3703125 0.3062500000000001 0.3703125
0 0.017187500000000043 0.3046875 0.010937500000000036 0.3046875 0.010937500000000041 0.36875 0.017187500000000043 0.36875
2 0.09531250000000004 0.2125 0.012500000000000028 0.2125 0.01250000000000003 0.2828125 0.09531250000000005 0.2828125
2 0.012500000000000044 0.340625 0.0015625000000000417 0.340625 0.0015625000000000426 0.359375 0.012500000000000044 0.359375
2 0.40625 0.4359375 0.3937500000000001 0.4359375 0.3937500000000001 0.45625 0.40625 0.45625
2 0.64375 0.34062500000000007 0.6296875 0.34062500000000007 0.6296875 0.3593750000000001 0.64375 0.3593750000000001
2 0.490625 0.3000000000000001 0.478125 0.3000000000000001 0.478125 0.3203125000000001 0.490625 0.3203125000000001
1 0.70625 0.19687500000000008 0.6953125 0.19687500000000008 0.6953125 0.2156250000000001 0.70625 0.2156250000000001
2 0.715625 0.2000000000000001 0.709375 0.2000000000000001 0.709375 0.21093750000000008 0.715625 0.21093750000000008
2 0.928125 0.3421875000000001 0.9140625 0.3421875000000001 0.9140625 0.35625000000000007 0.928125 0.35625000000000007
1 0.3 0.3328125 0.2890625 0.3328125 0.2890625 0.340625 0.3 0.340625
1 0.3015625 0.315625 0.2875 0.315625 0.2875 0.3328125 0.3015625 0.3328125
1 0.012500000000000042 0.3328125 4.075777628412285e-17 0.3328125 4.142750500240656e-17 0.34375 0.012500000000000044 0.34375
1 0.010937500000000041 0.31875 3.903561672282188e-17 0.31875 3.9801020972288984e-17 0.33125 0.010937500000000041 0.33125
1 0.057812500000000065 0.4796875 0.05156250000000007 0.4796875 0.05156250000000007 0.5 0.057812500000000065 0.5
1 0.06718750000000007 0.4796875 0.056250000000000064 0.4796875 0.056250000000000064 0.4984375 0.06718750000000007 0.4984375
1 0.15312500000000004 0.5171875 0.14218750000000005 0.5171875 0.14218750000000005 0.5375 0.15312500000000004 0.5375
1 0.16406250000000006 0.51875 0.15468750000000003 0.51875 0.15468750000000003 0.540625 0.16406250000000006 0.540625
1 0.17656250000000004 0.4390625 0.16718750000000004 0.4390625 0.16718750000000004 0.4578125 0.17656250000000004 0.4578125
1 0.18593750000000003 0.4390625 0.17500000000000004 0.4390625 0.17500000000000004 0.4578125 0.18593750000000003 0.4578125
1 0.2062500000000001 0.3921875 0.19687500000000005 0.3921875 0.19687500000000005 0.4125 0.2062500000000001 0.4125
1 0.2140625000000001 0.3921875 0.20468750000000008 0.3921875 0.20468750000000008 0.4125 0.2140625000000001 0.4125
1 0.4171875 0.434375 0.4078125 0.434375 0.4078125 0.4546875 0.4171875 0.4546875
1 0.428125 0.4359375 0.415625 0.4359375 0.415625 0.45625 0.428125 0.45625
1 0.5015625 0.2968750000000001 0.4921875 0.2968750000000001 0.4921875 0.3187500000000001 0.5015625 0.3187500000000001
1 0.5125 0.2968750000000001 0.5015625 0.2968750000000001 0.5015625 0.31718750000000007 0.5125 0.31718750000000007
1 0.3640625 0.26250000000000007 0.353125 0.2625 0.353125 0.27812500000000007 0.3640625 0.27812500000000007
1 0.3703125 0.24843750000000003 0.3609375 0.2484375 0.3609375 0.27031250000000007 0.3703125 0.27031250000000007
1 0.378125 0.23593750000000008 0.36875 0.23593750000000008 0.36875 0.2500000000000001 0.378125 0.2500000000000001
1 0.3859375 0.2250000000000001 0.375 0.2250000000000001 0.375 0.24218750000000008 0.3859375 0.24218750000000008
0 0.896875 0.5390625000000001 0.675 0.5390625 0.675 0.5437500000000001 0.896875 0.5437500000000002
0 0.896875 0.45781250000000007 0.7203125 0.4578125 0.7203125 0.46562500000000007 0.896875 0.4656250000000002
0 0.9453125 0.4156250000000002 0.8515625 0.4156250000000002 0.8515625 0.42500000000000016 0.9453125 0.42500000000000016
0 0.96875 0.3046875000000001 0.9609375 0.3046875000000001 0.9609375 0.3703125000000001 0.96875 0.3703125000000001
0 0.9359375 0.3062500000000001 0.9265625 0.3062500000000001 0.9265625 0.3687500000000001 0.9359375 0.3687500000000001
1 0.6984375 0.1906250000000001 0.6859375 0.1906250000000001 0.6859375 0.21093750000000008 0.6984375 0.21093750000000008
1 0.6453125 0.33281250000000007 0.6296875 0.33281250000000007 0.6296875 0.3421875000000001 0.6453125 0.3421875000000001
1 0.6453125 0.31718750000000007 0.6296875 0.31718750000000007 0.6296875 0.3312500000000001 0.6453125 0.3312500000000001
1 0.78125 0.5203125000000002 0.7734375 0.5203125000000002 0.7734375 0.5390625000000002 0.78125 0.5390625000000002
1 0.7890625 0.5187500000000002 0.78125 0.5187500000000002 0.78125 0.5390625000000002 0.7890625 0.5390625000000002
1 0.8 0.5187500000000002 0.790625 0.5187500000000002 0.790625 0.5390625000000002 0.8 0.5390625000000002
1 0.8 0.44062500000000016 0.79375 0.44062500000000016 0.79375 0.45625000000000016 0.8 0.45625000000000016
1 0.809375 0.44062500000000016 0.803125 0.44062500000000016 0.803125 0.4593750000000002 0.809375 0.4593750000000002
1 0.821875 0.4390625000000002 0.8109375 0.4390625000000002 0.8109375 0.4578125000000002 0.821875 0.4578125000000002
1 0.9421875 0.39531250000000007 0.9296875 0.39531250000000007 0.9296875 0.4156250000000002 0.9421875 0.4156250000000002
1 0.9296875 0.33281250000000007 0.9171875 0.33281250000000007 0.9171875 0.3390625000000001 0.9296875 0.3390625000000001
1 0.9640625 0.3296875000000001 0.95 0.3296875000000001 0.95 0.3421875000000001 0.9640625 0.3421875000000001
1 0.9640625 0.3156250000000001 0.95 0.3156250000000001 0.95 0.3296875000000001 0.9640625 0.3296875000000001
1 0.9296875 0.3156250000000001 0.9140625 0.3156250000000001 0.9140625 0.3296875000000001 0.9296875 0.3296875000000001
1 0.9953125 0.26250000000000007 0.984375 0.26250000000000007 0.984375 0.2796875000000001 0.9953125 0.2796875000000001
1 1 0.2484375000000001 0.9890625 0.2484375000000001 0.9890625 0.2687500000000001 1 0.2687500000000001