0 0.6765625 0.6734375 0.41875 0.6734375 0.41875 0.6875 0.6765625 0.6875
0 0.553125 0.6078125 0.421875 0.6078125 0.421875 0.61875 0.553125 0.61875
0 0.50625 0.5515625 0.41875 0.5515625 0.41875 0.5671875 0.50625 0.5671875
0 0.4671875 0.515625 0.4296875 0.515625 0.4296875 0.5234375 0.4671875 0.5234375
0 0.41875 0.5171875 0.2953125000000001 0.5171875 0.2953125000000001 0.528125 0.41875 0.528125
0 0.33125000000000004 0.3046875 0.3203125 0.3046875 0.32031250000000006 0.4625 0.3312500000000001 0.4625
0 0.36406250000000007 0.321875 0.3546875 0.321875 0.35468750000000004 0.4484375 0.36406250000000007 0.4484375
0 0.39843750000000006 0.3390625000000001 0.3859375 0.3390625000000001 0.38593750000000004 0.4296875 0.3984375000000001 0.4296875
1 0.32343750000000004 0.3421875 0.296875 0.3421875 0.29687500000000006 0.4046875 0.3234375000000001 0.4046875
2 0.3515625000000001 0.384375 0.33281250000000007 0.384375 0.33281250000000007 0.40625 0.3515625000000001 0.40625
1 0.353125 0.359375 0.334375 0.359375 0.33437500000000003 0.3875 0.3531250000000001 0.3875
1 0.3921875 0.34843750000000007 0.3625 0.3484375 0.36250000000000004 0.39687500000000003 0.3921875000000001 0.3968750000000001
1 0.33281250000000007 0.48125 0.3046875000000001 0.48125 0.3046875000000001 0.515625 0.33281250000000007 0.515625
1 0.37187500000000007 0.48125 0.3468750000000001 0.48125 0.3468750000000001 0.515625 0.37187500000000007 0.515625
1 0.4734375 0.5171875 0.45625 0.5171875 0.45625 0.5515625 0.4734375 0.5515625
1 0.4953125 0.5796875 0.475 0.5796875 0.475 0.6125 0.4953125 0.6125
1 0.5625 0.6390625 0.5359375 0.6390625 0.5359375 0.675 0.5625 0.675
2 0.38750000000000007 0.48125 0.3734375000000001 0.48125 0.3734375000000001 0.5 0.38750000000000007 0.5
2 0.38750000000000007 0.3984375000000001 0.3671875000000001 0.3984375000000001 0.3671875000000001 0.4203125 0.38750000000000007 0.4203125