0 0.2390625000000001 0.6265625 0.15000000000000008 0.6265625 0.15000000000000008 0.753125 0.2390625000000001 0.753125
0 0.6109375000000001 0.6265625 0.2234375000000001 0.6265625 0.2234375000000001 0.753125 0.6109375000000001 0.753125
1 0.409375 0.6703125 0.38750000000000007 0.6703125 0.38750000000000007 0.71875 0.409375 0.71875
1 0.4265625 0.6734375 0.40625 0.6734375 0.40625 0.71875 0.4265625 0.71875
0 0.6796875 0.3625000000000001 0.609375 0.3625000000000001 0.609375 0.5375 0.6796875 0.5375
1 0.65625 0.44375 0.625 0.44375 0.625 0.475 0.65625 0.475
1 0.65625 0.4109375 0.6171875 0.4109375 0.6171875 0.4390625 0.65625 0.4390625
1 0.653125 0.465625 0.6234375 0.465625 0.6234375 0.4859375 0.653125 0.4859375
0 0.9359375 0.6187500000000001 0.728125 0.6187500000000001 0.7281250000000001 0.7500000000000002 0.9359375 0.7500000000000002
1 0.8328125 0.6734375000000001 0.81875 0.6734375000000001 0.81875 0.7187500000000002 0.8328125 0.7187500000000002
1 0.8484375 0.6734375000000001 0.8265625 0.6734375000000001 0.8265625 0.7187500000000002 0.8484375 0.7187500000000002