0 0.425 0.12812500000000004 0.403125 0.12812500000000004 0.403125 0.521875 0.425 0.521875
0 0.07343750000000003 0.2453125 0.06093750000000002 0.2453125 0.06093750000000003 0.4125 0.07343750000000004 0.4125
0 0.07343750000000006 0.4171875 0.057812500000000044 0.4171875 0.05781250000000006 0.5234375 0.07343750000000007 0.5234375
0 0.07812500000000003 0.15 0.06093750000000002 0.15 0.06093750000000002 0.228125 0.07812500000000003 0.228125
0 0.26875 0.08437500000000002 0.2046875 0.08437500000000002 0.2046875 0.10000000000000005 0.26875 0.10000000000000005
0 0.2765625000000001 0.38125 0.19843750000000004 0.38125 0.19843750000000004 0.403125 0.2765625000000001 0.403125
0 0.34375 0.05468750000000004 0.3328125 0.05468750000000004 0.3328125 0.21875 0.34375 0.21875
1 0.2671875000000001 0.778125 0.2406250000000001 0.778125 0.2406250000000001 0.8078125 0.2671875000000001 0.8078125
1 0.3156250000000001 0.775 0.2921875000000001 0.775 0.2921875000000001 0.80625 0.3156250000000001 0.80625
1 0.3890625000000001 0.7765625 0.3625000000000001 0.7765625 0.3625000000000001 0.8078125 0.3890625000000001 0.8078125
1 0.4468750000000002 0.784375 0.4265625000000002 0.784375 0.4265625000000002 0.8078125 0.4468750000000002 0.8078125
1 0.5171875000000001 0.7828125 0.48750000000000016 0.7828125 0.48750000000000016 0.8046875 0.5171875000000001 0.8046875
1 0.5843750000000002 0.78125 0.5515625000000002 0.78125 0.5515625000000002 0.8046875 0.5843750000000002 0.8046875
1 0.6500000000000001 0.784375 0.6156250000000002 0.784375 0.6156250000000002 0.809375 0.6500000000000001 0.809375
1 0.7093750000000002 0.7828125 0.6890625000000001 0.7828125 0.6890625000000001 0.8015625 0.7093750000000002 0.8015625
1 0.7812500000000002 0.7796875000000002 0.7546875000000002 0.7796875000000002 0.7546875000000002 0.8109375 0.7812500000000002 0.8109375
1 0.846875 0.7796875000000002 0.8171875 0.7796875000000002 0.8171875 0.8046875 0.846875 0.8046875
1 0.9171875 0.7796875000000002 0.8875 0.7796875000000002 0.8875 0.8015625 0.9171875 0.8015625
1 0.9765625 0.7796875000000002 0.9453125 0.7796875000000002 0.9453125 0.803125 0.9765625 0.803125
1 0.19062500000000013 0.9671875 0.16875000000000012 0.9671875 0.16875000000000012 0.9984375 0.19062500000000013 0.9984375
1 0.19375000000000014 0.93125 0.16718750000000013 0.93125 0.16718750000000013 0.9578125 0.19375000000000014 0.9578125
1 0.19218750000000012 0.89375 0.16406250000000008 0.89375 0.1640625000000001 0.91875 0.19218750000000012 0.91875
1 0.1937500000000001 0.853125 0.16562500000000008 0.853125 0.16562500000000008 0.8828125 0.1937500000000001 0.8828125
1 0.1921875000000001 0.8171875 0.1828125000000001 0.8171875 0.1828125000000001 0.846875 0.1921875000000001 0.846875