2 0.3625000000000001 0.453125 0.3343750000000001 0.453125 0.3343750000000001 0.46875 0.3625000000000001 0.46875
2 0.36406250000000007 0.37031250000000004 0.3359375000000001 0.3703125 0.3359375000000001 0.384375 0.36406250000000007 0.3843750000000001
2 0.4921875 0.37187500000000007 0.46875 0.37187500000000007 0.46875 0.38750000000000007 0.4921875 0.38750000000000007
2 0.4890625 0.45625 0.4640625 0.45625 0.4640625 0.4671875 0.4890625 0.4671875
2 0.12968750000000004 0.3859375 0.10468750000000004 0.3859375 0.10468750000000004 0.4015625 0.12968750000000004 0.4015625
2 0.3546875 0.12187500000000004 0.321875 0.12187500000000004 0.321875 0.13437500000000005 0.3546875 0.13437500000000005
2 0.490625 0.11875000000000005 0.45625 0.11875000000000005 0.45625 0.13281250000000006 0.490625 0.13281250000000006
2 0.6234375 0.11875000000000009 0.5921875 0.11875000000000009 0.5921875 0.1312500000000001 0.6234375 0.1312500000000001
2 0.6296875 0.3703125000000001 0.5984375 0.3703125000000001 0.5984375 0.3828125000000001 0.6296875 0.3828125000000001
2 0.6203125 0.4515625 0.5921875 0.4515625 0.5921875 0.4671875 0.6203125 0.4671875
2 0.784375 0.6734375000000001 0.7609375 0.6734375000000001 0.7609375 0.6843750000000002 0.784375 0.6843750000000002
2 0.93125 0.921875 0.8921875 0.921875 0.8921875 0.940625 0.93125 0.940625
2 0.7890625000000002 0.928125 0.7562500000000002 0.928125 0.7562500000000002 0.9390625 0.7890625000000002 0.9390625
2 0.5234375000000002 0.928125 0.4906250000000002 0.928125 0.4906250000000002 0.9453125 0.5234375000000002 0.9453125
2 0.525 0.678125 0.4890625 0.678125 0.4890625 0.69375 0.525 0.69375
2 0.2750000000000001 0.73125 0.2296875000000001 0.73125 0.2296875000000001 0.753125 0.2750000000000001 0.753125
2 0.2609375000000001 0.684375 0.22656250000000008 0.684375 0.22656250000000008 0.703125 0.2609375000000001 0.703125
2 0.11875000000000009 0.7296875 0.07343750000000009 0.7296875 0.07343750000000009 0.7484375 0.11875000000000009 0.7484375
2 0.10468750000000009 0.6875 0.06875000000000009 0.6875 0.06875000000000009 0.70625 0.10468750000000009 0.70625
1 0.34375 0.10312500000000005 0.3234375 0.10312500000000005 0.3234375 0.12500000000000006 0.34375 0.12500000000000006
1 0.11562500000000005 0.3671875 0.10468750000000004 0.3671875 0.10468750000000004 0.390625 0.11562500000000005 0.390625
1 0.35000000000000003 0.353125 0.3390625 0.353125 0.33906250000000004 0.3734375 0.3500000000000001 0.3734375
1 0.3453125000000001 0.4359375 0.3296875000000001 0.4359375 0.3296875000000001 0.459375 0.3453125000000001 0.459375
1 0.48125 0.3546875000000001 0.4671875 0.3546875000000001 0.4671875 0.3781250000000001 0.48125 0.3781250000000001
1 0.48125 0.434375 0.4609375 0.434375 0.4609375 0.4578125 0.48125 0.4578125
1 0.6140625 0.3531250000000001 0.6 0.3531250000000001 0.6 0.3765625000000001 0.6140625 0.3765625000000001
1 0.609375 0.43125 0.590625 0.43125 0.590625 0.4578125 0.609375 0.4578125
1 0.8765625 0.09843750000000011 0.859375 0.09843750000000011 0.859375 0.12031250000000009 0.8765625 0.12031250000000009
2 0.9015625 0.15781250000000008 0.8640625 0.15781250000000008 0.8640625 0.1781250000000001 0.9015625 0.1781250000000001
1 0.875 0.1390625000000001 0.8625 0.1390625000000001 0.8625 0.1593750000000001 0.875 0.1593750000000001
1 0.8828125 0.2390625000000001 0.8625 0.2390625000000001 0.8625 0.2640625000000001 0.8828125 0.2640625000000001
1 0.878125 0.35625000000000007 0.865625 0.35625000000000007 0.865625 0.3765625000000001 0.878125 0.3765625000000001
1 0.871875 0.45312500000000017 0.85625 0.45312500000000017 0.85625 0.47656250000000017 0.871875 0.47656250000000017
1 0.78125 0.6515625000000002 0.7625 0.6515625000000002 0.7625 0.6750000000000002 0.78125 0.6750000000000002
1 0.5078125 0.65625 0.4859375 0.65625 0.4859375 0.675 0.5078125 0.675
1 0.5078125000000002 0.903125 0.49531250000000016 0.903125 0.49531250000000016 0.928125 0.5078125000000002 0.928125
1 0.7718750000000002 0.903125 0.7578125000000002 0.903125 0.7578125000000002 0.9234375 0.7718750000000002 0.9234375
1 0.915625 0.903125 0.903125 0.903125 0.903125 0.925 0.915625 0.925
1 0.24218750000000008 0.709375 0.2296875000000001 0.709375 0.2296875000000001 0.7296875 0.24218750000000008 0.7296875
1 0.24375000000000008 0.6671875 0.22812500000000008 0.6671875 0.22812500000000008 0.6875 0.24375000000000008 0.6875
1 0.08750000000000009 0.66875 0.06562500000000009 0.66875 0.06562500000000009 0.6875 0.08750000000000009 0.6875
1 0.0828125000000001 0.7109375 0.07031250000000008 0.7109375 0.07031250000000008 0.7296875 0.0828125000000001 0.7296875
1 0.1921875000000001 0.584375 0.17968750000000008 0.584375 0.17968750000000008 0.609375 0.1921875000000001 0.609375
1 0.3468750000000001 0.584375 0.3343750000000001 0.584375 0.3343750000000001 0.609375 0.3468750000000001 0.609375
1 0.04218750000000007 0.5859375 0.029687500000000068 0.5859375 0.02968750000000007 0.6078125 0.04218750000000008 0.6078125
0 0.075 0.0734375 0.001562500000000009 0.0734375 0.0015625000000000094 0.08125 0.075 0.08125
2 0.89375 0.11875000000000009 0.8640625 0.11875000000000009 0.8640625 0.1296875000000001 0.89375 0.1296875000000001
2 0.884375 0.47656250000000017 0.8578125 0.47656250000000017 0.8578125 0.4859375000000002 0.884375 0.4859375000000002
2 0.8921875 0.3750000000000001 0.8640625 0.3750000000000001 0.8640625 0.3843750000000001 0.8921875 0.3843750000000001
2 0.890625 0.2640625000000001 0.859375 0.2640625000000001 0.859375 0.2718750000000001 0.890625 0.2718750000000001