1 0.23906250000000004 0.334375 0.16562500000000005 0.334375 0.16562500000000005 0.3734375 0.2390625000000001 0.3734375
1 0.353125 0.3140625 0.31875 0.3140625 0.31875 0.340625 0.353125 0.340625
1 0.48125 0.3375000000000001 0.4203125 0.3375000000000001 0.4203125 0.3687500000000001 0.48125 0.3687500000000001
1 0.5125 0.2562500000000001 0.490625 0.2562500000000001 0.490625 0.2921875000000001 0.5125 0.2921875000000001
1 0.23125 0.2609375 0.2078125 0.2609375 0.2078125 0.29375 0.23125 0.29375
1 0.3578125 0.15625000000000006 0.3328125 0.15625000000000006 0.3328125 0.203125 0.3578125 0.203125
0 0.3828125 0.13750000000000004 0.3703125 0.13750000000000004 0.3703125 0.2328125000000001 0.3828125 0.2328125000000001
1 0.4 0.15781250000000005 0.38125 0.15781250000000005 0.38125 0.20468750000000008 0.4 0.20468750000000008
0 0.421875 0.29687500000000006 0.296875 0.296875 0.296875 0.30468750000000006 0.421875 0.3046875000000001
1 0.3765625 0.26875000000000004 0.34375 0.26875 0.34375 0.29375000000000007 0.3765625 0.29375000000000007
1 0.4359375 0.050000000000000044 0.396875 0.050000000000000044 0.396875 0.07968750000000005 0.4359375 0.07968750000000005
0 0.3015625 0.048437500000000036 0.2640625 0.048437500000000036 0.2640625 0.06250000000000003 0.3015625 0.06250000000000004
1 0.2953125 0.018750000000000037 0.26875 0.018750000000000034 0.26875 0.048437500000000036 0.2953125 0.048437500000000036
1 0.465625 0.06406250000000005 0.434375 0.06406250000000005 0.434375 0.08593750000000006 0.465625 0.08593750000000007
1 0.7875 0.2984375000000001 0.7578125 0.2984375000000001 0.7578125 0.3312500000000001 0.7875 0.3312500000000001
1 0.921875 0.14687500000000012 0.896875 0.1468750000000001 0.896875 0.21250000000000008 0.921875 0.21250000000000008
0 0.840625 0.3343750000000001 0.734375 0.3343750000000001 0.734375 0.34843750000000007 0.840625 0.34843750000000007
1 0.8125 0.3187500000000001 0.7796875 0.3187500000000001 0.7796875 0.3359375000000001 0.8125 0.3359375000000001
1 0.634375 0.14218750000000008 0.6046875 0.14218750000000008 0.6046875 0.2015625000000001 0.634375 0.2015625000000001
1 0.3296875 0.050000000000000044 0.309375 0.050000000000000044 0.309375 0.09062500000000004 0.3296875 0.09062500000000004
0 0.3671875 0.13125000000000003 0.35625 0.13125000000000003 0.35625 0.23437500000000006 0.3671875 0.23437500000000008
0 0.4140625 0.11093750000000005 0.403125 0.11093750000000005 0.403125 0.2531250000000001 0.4140625 0.2531250000000001
0 0.596875 0.2921875000000001 0.421875 0.2921875000000001 0.421875 0.3046875000000001 0.596875 0.3046875000000001
0 0.2515625 0.2984375 0.2015625 0.2984375 0.2015625 0.3046875 0.2515625 0.3046875
0 0.2828125 0.29375 0.2625 0.29375 0.2625 0.3078125 0.2828125 0.3078125
0 0.2968750000000001 0.36875 0.25468750000000007 0.36875 0.25468750000000007 0.378125 0.2968750000000001 0.378125
0 0.2953125 0.34375 0.2734375 0.34375 0.2734375 0.35625 0.2953125 0.35625
0 0.6 0.37031250000000004 0.3000000000000001 0.3703125 0.3000000000000001 0.37968750000000007 0.6 0.37968750000000007
0 0.3578125 0.3453125 0.3015625 0.3453125 0.3015625 0.35625 0.3578125 0.35625
0 0.640625 0.12656250000000008 0.6328125 0.12656250000000008 0.6328125 0.23437500000000008 0.640625 0.23437500000000008
2 0.325 0.09375000000000004 0.3015625 0.09375000000000004 0.3015625 0.13281250000000006 0.325 0.13281250000000006
0 0.93125 0.09218750000000012 0.921875 0.09218750000000012 0.921875 0.2718750000000001 0.93125 0.2718750000000001