0 0.2171875 0.3421875 0.14375000000000004 0.3421875 0.14375000000000004 0.3546875 0.2171875 0.3546875
0 0.28906250000000006 0.3390625 0.2609375 0.3390625 0.26093750000000004 0.3984375 0.2890625000000001 0.3984375
0 0.45625 0.34062500000000007 0.3109375 0.340625 0.31093750000000003 0.39687500000000003 0.45625 0.3968750000000001
0 0.4953125 0.38750000000000007 0.45 0.38750000000000007 0.45 0.5265625 0.4953125 0.5265625
0 0.6296875 0.50625 0.5703125 0.50625 0.5703125 0.56875 0.6296875 0.56875
0 0.7140625 0.5125 0.6484375 0.5125 0.6484375 0.5703125 0.7140625 0.5703125
0 0.721875 0.39531250000000007 0.6890625 0.39531250000000007 0.6890625 0.515625 0.721875 0.515625
0 0.8234375 0.5250000000000001 0.7359375 0.5250000000000001 0.7359375 0.5828125000000002 0.8234375 0.5828125000000002
0 0.8203125 0.3375000000000001 0.740625 0.3375000000000001 0.740625 0.3937500000000001 0.8203125 0.3937500000000001
0 0.9421875 0.3359375000000001 0.8828125 0.3359375000000001 0.8828125 0.3921875000000001 0.9421875 0.3921875000000001
1 0.17812500000000003 0.3203125 0.16875000000000004 0.3203125 0.16875000000000004 0.34375 0.17812500000000003 0.34375
1 0.18593750000000003 0.321875 0.17656250000000004 0.321875 0.17656250000000004 0.340625 0.18593750000000003 0.340625
1 0.2625 0.321875 0.2546875 0.321875 0.2546875 0.340625 0.2625 0.340625
1 0.2703125 0.3203125 0.259375 0.3203125 0.259375 0.340625 0.2703125 0.340625
1 0.3796875 0.3218750000000001 0.36875 0.3218750000000001 0.36875 0.3421875000000001 0.3796875 0.3421875000000001
2 0.4875 0.4453125 0.4765625 0.4453125 0.4765625 0.4578125 0.4875 0.4578125
1 0.4875 0.4328125 0.4734375 0.4328125 0.4734375 0.4421875 0.4875 0.4421875
1 0.4875 0.4125 0.471875 0.4125 0.471875 0.425 0.4875 0.425
1 0.4875 0.48125 0.471875 0.48125 0.471875 0.5015625 0.4875 0.5015625
1 0.4875 0.46875 0.471875 0.46875 0.471875 0.4765625 0.4875 0.4765625
1 0.4875 0.45625 0.4734375 0.45625 0.4734375 0.465625 0.4875 0.465625
2 0.5890625 0.5296875 0.5765625 0.5296875 0.5765625 0.5515625 0.5890625 0.5515625
1 0.596875 0.53125 0.590625 0.53125 0.590625 0.55 0.596875 0.55
1 0.60625 0.53125 0.596875 0.53125 0.596875 0.5515625 0.60625 0.5515625
1 0.61875 0.5296875 0.609375 0.5296875 0.609375 0.5515625 0.61875 0.5515625
1 0.6828125 0.5296875 0.671875 0.5296875 0.671875 0.55 0.6828125 0.55
2 0.715625 0.4546875 0.6984375 0.4546875 0.6984375 0.4734375 0.715625 0.4734375
1 0.715625 0.440625 0.7 0.440625 0.7 0.4546875 0.715625 0.4546875
1 0.7140625 0.428125 0.7 0.428125 0.7 0.4421875 0.7140625 0.4421875
0 0.709375 0.3453125000000001 0.6515625 0.3453125000000001 0.6515625 0.3968750000000001 0.709375 0.3968750000000001
1 0.68125 0.3234375000000001 0.671875 0.3234375000000001 0.671875 0.3421875000000001 0.68125 0.3421875000000001
1 0.771875 0.31718750000000007 0.7640625 0.31718750000000007 0.7640625 0.3359375000000001 0.771875 0.3359375000000001
1 0.778125 0.31718750000000007 0.771875 0.31718750000000007 0.771875 0.3375000000000001 0.778125 0.3375000000000001
2 0.7890625 0.31718750000000007 0.778125 0.31718750000000007 0.778125 0.3375000000000001 0.7890625 0.3375000000000001
1 0.7640625 0.3187500000000001 0.7484375 0.3187500000000001 0.7484375 0.3359375000000001 0.7640625 0.3359375000000001
1 0.7953125 0.3156250000000001 0.7890625 0.3156250000000001 0.7890625 0.3375000000000001 0.7953125 0.3375000000000001
1 0.8078125 0.3156250000000001 0.7984375 0.3156250000000001 0.7984375 0.3375000000000001 0.8078125 0.3375000000000001
1 0.909375 0.3234375000000001 0.9015625 0.3234375000000001 0.9015625 0.34062500000000007 0.909375 0.34062500000000007
1 0.91875 0.3234375000000001 0.909375 0.3234375000000001 0.909375 0.34062500000000007 0.91875 0.34062500000000007
1 0.78125 0.5468750000000002 0.7703125 0.5468750000000002 0.7703125 0.5687500000000002 0.78125 0.5687500000000002
1 0.7875 0.5484375000000001 0.7796875 0.5484375000000001 0.7796875 0.5687500000000002 0.7875 0.5687500000000002
1 0.1515625000000001 0.6078125 0.14062500000000008 0.6078125 0.14062500000000008 0.6265625 0.1515625000000001 0.6265625
1 0.14843750000000008 0.7125 0.1375000000000001 0.7125 0.1375000000000001 0.73125 0.14843750000000008 0.73125
1 0.15781250000000008 0.7125 0.1468750000000001 0.7125 0.1468750000000001 0.7328125 0.15781250000000008 0.7328125
1 0.22812500000000008 0.7109375 0.2218750000000001 0.7109375 0.2218750000000001 0.7296875 0.22812500000000008 0.7296875
1 0.2390625000000001 0.7109375 0.2312500000000001 0.7109375 0.2312500000000001 0.7296875 0.2390625000000001 0.7296875
1 0.2515625000000001 0.7109375 0.24375000000000008 0.7109375 0.24375000000000008 0.7296875 0.2515625000000001 0.7296875
1 0.2609375000000001 0.7125 0.2515625000000001 0.7125 0.2515625000000001 0.7296875 0.2609375000000001 0.7296875
1 0.22812500000000008 0.6171875 0.22031250000000008 0.6171875 0.22031250000000008 0.6359375 0.22812500000000008 0.6359375
1 0.23437500000000008 0.615625 0.22656250000000008 0.615625 0.22656250000000008 0.6375 0.23437500000000008 0.6375
1 0.24375000000000008 0.6171875 0.23593750000000008 0.6171875 0.23593750000000008 0.6375 0.24375000000000008 0.6375
2 0.1546875000000001 0.6375 0.14218750000000008 0.6375 0.14218750000000008 0.646875 0.1546875000000001 0.646875
1 0.14843750000000008 0.6609375 0.1359375000000001 0.6609375 0.1359375000000001 0.6765625 0.14843750000000008 0.6765625
1 0.1609375000000001 0.659375 0.1468750000000001 0.659375 0.1468750000000001 0.6734375 0.1609375000000001 0.6734375
1 0.3359375000000001 0.7109375 0.3281250000000001 0.7109375 0.3281250000000001 0.7296875 0.3359375000000001 0.7296875
1 0.3437500000000001 0.7125 0.3375000000000001 0.7125 0.3375000000000001 0.7296875 0.3437500000000001 0.7296875
1 0.3531250000000001 0.7125 0.3437500000000001 0.7125 0.3437500000000001 0.7296875 0.3531250000000001 0.7296875
1 0.3609375000000001 0.7125 0.3531250000000001 0.7125 0.3531250000000001 0.73125 0.3609375000000001 0.73125
1 0.3703125000000001 0.7125 0.3609375000000001 0.7125 0.3609375000000001 0.73125 0.3703125000000001 0.73125
1 0.37968750000000007 0.7109375 0.37187500000000007 0.7109375 0.37187500000000007 0.7296875 0.37968750000000007 0.7296875
1 0.38750000000000007 0.7109375 0.3781250000000001 0.7109375 0.3781250000000001 0.7296875 0.38750000000000007 0.7296875
1 0.39531250000000007 0.7125 0.3890625000000001 0.7125 0.3890625000000001 0.7296875 0.39531250000000007 0.7296875
1 0.4703125000000001 0.7125 0.4640625 0.7125 0.4640625000000001 0.7296875 0.4703125000000002 0.7296875
1 0.48125000000000007 0.7109375 0.471875 0.7109375 0.4718750000000001 0.7296875 0.4812500000000002 0.7296875
1 0.4265625 0.6046875 0.4203125 0.6046875 0.4203125 0.621875 0.4265625 0.621875
1 0.45 0.6046875 0.440625 0.6046875 0.440625 0.621875 0.45 0.621875
1 0.4359375 0.60625 0.4265625 0.60625 0.4265625 0.6234375 0.4359375 0.6234375
1 0.4328125 0.6328125 0.428125 0.6328125 0.428125 0.6484375 0.4328125 0.6484375
1 0.4453125 0.63125 0.4375 0.63125 0.4375 0.6484375 0.4453125 0.6484375
1 0.64375 0.60625 0.6359375 0.60625 0.6359375 0.621875 0.64375 0.621875
1 0.6546875 0.60625 0.6453125 0.60625 0.6453125 0.625 0.6546875 0.625
1 0.665625 0.6046875 0.65625 0.6046875 0.65625 0.6234375 0.665625 0.6234375
1 0.65 0.63125 0.6453125 0.63125 0.6453125 0.6484375 0.65 0.6484375
1 0.6609375 0.6328125 0.65625 0.6328125 0.65625 0.65 0.6609375 0.65
1 0.671875 0.63125 0.6609375 0.63125 0.6609375 0.6484375 0.671875 0.6484375
1 0.6859375000000001 0.7109375 0.675 0.7109375 0.675 0.73125 0.6859375000000002 0.73125
1 0.6937500000000001 0.7109375 0.684375 0.7109375 0.6843750000000001 0.7296875 0.6937500000000002 0.7296875
1 0.6734375 0.26250000000000007 0.665625 0.26250000000000007 0.665625 0.2812500000000001 0.6734375 0.2812500000000001
1 0.6828125 0.26250000000000007 0.6734375 0.26250000000000007 0.6734375 0.2828125000000001 0.6828125 0.2828125000000001
1 0.7015625 0.26250000000000007 0.6953125 0.26250000000000007 0.6953125 0.2812500000000001 0.7015625 0.2812500000000001
1 0.7171875 0.2609375000000001 0.7078125 0.2609375000000001 0.7078125 0.2812500000000001 0.7171875 0.2812500000000001
1 0.55 0.7125 0.5421875 0.7125 0.5421875 0.7296875 0.5500000000000002 0.7296875
1 0.5578125 0.7125 0.55 0.7125 0.55 0.73125 0.5578125000000002 0.73125
1 0.5671875000000001 0.7109375 0.559375 0.7109375 0.5593750000000001 0.7296875 0.5671875000000002 0.7296875
1 0.5750000000000001 0.7109375 0.5671875 0.7109375 0.5671875000000001 0.7296875 0.5750000000000002 0.7296875
1 0.5843750000000001 0.7109375 0.5765625 0.7109375 0.5765625000000001 0.7296875 0.5843750000000002 0.7296875
1 0.5921875000000001 0.7109375 0.584375 0.7109375 0.5843750000000001 0.73125 0.5921875000000002 0.73125
1 0.6000000000000001 0.7125 0.5921875 0.7125 0.5921875000000001 0.73125 0.6000000000000002 0.73125
1 0.6093750000000001 0.7109375 0.6015625 0.7109375 0.6015625000000001 0.7296875 0.6093750000000002 0.7296875
1 0.6187500000000001 0.7109375 0.6109375 0.7109375 0.6109375000000001 0.7296875 0.6187500000000001 0.7296875