0 0.9375 0.6703125000000002 0.85 0.6703125000000002 0.85 0.7078125000000002 0.9375 0.7078125000000002
0 0.6593750000000002 0.7453125 0.35625000000000007 0.7453125 0.35625000000000007 0.76875 0.6593750000000002 0.76875
0 0.659375 0.6671875 0.4578125 0.6671875 0.4578125 0.7015625 0.659375 0.7015625
0 0.3515625000000001 0.7515625 0.2468750000000001 0.7515625 0.2468750000000001 0.7765625 0.3515625000000001 0.7765625
0 0.6453125 0.6140625 0.5546875 0.6140625 0.5546875 0.6359375 0.6453125 0.6359375
0 0.73125 0.6046875 0.6609375 0.6046875 0.6609375 0.6390625000000001 0.73125 0.6390625000000002
0 0.7296875 0.41093750000000007 0.7109375 0.4109375 0.7109375 0.5625000000000001 0.7296875 0.5625000000000002
0 0.41875 0.43125 0.4 0.43125 0.4 0.559375 0.41875 0.559375
0 0.17968750000000006 0.3703125 0.15468750000000003 0.3703125 0.15468750000000006 0.6203125 0.17968750000000008 0.6203125
0 0.2171875000000001 0.4125 0.19687500000000005 0.4125 0.19687500000000008 0.5765625 0.2171875000000001 0.5765625
2 0.7 0.3593750000000001 0.646875 0.3593750000000001 0.646875 0.40625 0.7 0.40625
1 0.68125 0.3437500000000001 0.6421875 0.3437500000000001 0.6421875 0.37187500000000007 0.68125 0.37187500000000007
1 0.634375 0.571875 0.5859375 0.571875 0.5859375 0.6125 0.634375 0.6125
0 0.240625 0.2453125 0.18281250000000004 0.2453125 0.18281250000000004 0.271875 0.240625 0.271875
0 0.39375 0.24531250000000004 0.3453125 0.2453125 0.3453125 0.2671875 0.39375 0.2671875000000001