0 0.790625 0.2609375000000001 0.4640625 0.2609375000000001 0.4640625 0.34843750000000007 0.790625 0.34843750000000007
0 0.7921875 0.26250000000000007 0.4265625 0.26250000000000007 0.4265625 0.3109375000000001 0.7921875 0.3109375000000001
0 0.8375 0.34843750000000007 0.7890625 0.34843750000000007 0.7890625 0.4437500000000002 0.8375 0.4437500000000002
0 0.7921875 0.4437500000000001 0.634375 0.44375 0.634375 0.4875000000000001 0.7921875 0.48750000000000016
0 0.465625 0.4765625 0.4265625 0.4765625 0.4265625 0.5109375 0.465625 0.5109375
0 0.4328125 0.475 0.3937500000000001 0.475 0.3937500000000001 0.5140625 0.4328125 0.5140625
0 0.39843750000000006 0.31093750000000003 0.3515625 0.3109375 0.35156250000000006 0.475 0.3984375000000001 0.475
0 0.39375000000000004 0.3281250000000001 0.3734375 0.3281250000000001 0.37343750000000003 0.459375 0.3937500000000001 0.459375
0 0.4578125 0.2843750000000001 0.4328125 0.2843750000000001 0.4328125 0.3281250000000001 0.4578125 0.3281250000000001
0 0.5046875 0.2968750000000001 0.465625 0.2968750000000001 0.465625 0.3468750000000001 0.5046875 0.3468750000000001
0 0.4859375 0.2875000000000001 0.4609375 0.2875000000000001 0.4609375 0.3312500000000001 0.4859375 0.3312500000000001
0 0.55625 0.3593750000000001 0.546875 0.3593750000000001 0.546875 0.43125 0.55625 0.43125
2 0.5984375 0.23437500000000008 0.56875 0.23437500000000008 0.56875 0.2593750000000001 0.5984375 0.2593750000000001
0 0.5078125 0.3359375000000001 0.4984375 0.3359375000000001 0.4984375 0.4546875 0.5078125 0.4546875
0 0.6015625 0.453125 0.56875 0.453125 0.56875 0.48125 0.6015625 0.48125
1 0.4984375 0.3968750000000001 0.4859375 0.3968750000000001 0.4859375 0.409375 0.4984375 0.409375
1 0.3765625000000001 0.40625 0.36406250000000007 0.40625 0.36406250000000007 0.415625 0.3765625000000001 0.415625
1 0.3750000000000001 0.39531250000000007 0.3625000000000001 0.3953125 0.3625000000000001 0.4046875 0.3750000000000001 0.4046875
1 0.4171875 0.4171875 0.409375 0.4171875 0.409375 0.434375 0.4171875 0.434375
1 0.421875 0.4078125 0.4140625 0.4078125 0.4140625 0.4234375 0.421875 0.4234375
1 0.3531250000000001 0.3828125 0.3390625000000001 0.3828125 0.3390625000000001 0.3953125 0.3531250000000001 0.3953125
1 0.3531250000000001 0.3703125 0.3390625000000001 0.3703125 0.3390625000000001 0.3828125 0.3531250000000001 0.3828125
1 0.4546875 0.27031250000000007 0.4453125 0.27031250000000007 0.4453125 0.2875000000000001 0.4546875 0.2875000000000001
1 0.484375 0.2734375000000001 0.4734375 0.2734375000000001 0.4734375 0.2953125000000001 0.484375 0.2953125000000001
1 0.50625 0.2828125000000001 0.49375 0.2828125000000001 0.49375 0.30156250000000007 0.50625 0.30156250000000007
1 0.6171875 0.2453125000000001 0.6109375 0.2453125000000001 0.6109375 0.26250000000000007 0.6171875 0.26250000000000007
1 0.6234375 0.24218750000000008 0.615625 0.24218750000000008 0.615625 0.26250000000000007 0.6234375 0.26250000000000007
1 0.63125 0.24375000000000008 0.6234375 0.24375000000000008 0.6234375 0.2640625000000001 0.63125 0.2640625000000001
1 0.721875 0.45625 0.7125 0.45625 0.7125 0.478125 0.721875 0.478125
1 0.7125 0.45625 0.7046875 0.45625 0.7046875 0.4796875 0.7125 0.4796875
1 0.8296875 0.3843750000000001 0.8140625 0.3843750000000001 0.8140625 0.3968750000000001 0.8296875 0.3968750000000001
1 0.8296875 0.37187500000000007 0.815625 0.37187500000000007 0.815625 0.3843750000000001 0.8296875 0.3843750000000001
1 0.55 0.3765625000000001 0.5375 0.3765625000000001 0.5375 0.3906250000000001 0.55 0.3906250000000001
1 0.5484375 0.36406250000000007 0.5375 0.36406250000000007 0.5375 0.3750000000000001 0.5484375 0.3750000000000001
1 0.4984375 0.3812500000000001 0.4859375 0.3812500000000001 0.4859375 0.39531250000000007 0.4984375 0.39531250000000007
0 0.3031250000000001 0.471875 0.2406250000000001 0.471875 0.2406250000000001 0.5140625 0.3031250000000001 0.5140625
1 0.2734375000000001 0.4828125 0.2656250000000001 0.4828125 0.2656250000000001 0.503125 0.2734375000000001 0.503125
1 0.2812500000000001 0.484375 0.2734375000000001 0.484375 0.2734375000000001 0.5046875 0.2812500000000001 0.5046875
1 0.5640625 0.10937500000000008 0.5546875 0.10937500000000008 0.5546875 0.14062500000000008 0.5640625 0.14062500000000008
1 0.5515625 0.10937500000000007 0.540625 0.10937500000000004 0.540625 0.14062500000000006 0.5515625 0.14062500000000008
1 0.54375 0.10937500000000004 0.5328125 0.10937500000000004 0.5328125 0.14062500000000006 0.54375 0.14062500000000006
1 0.5234375 0.10781250000000005 0.5125 0.10781250000000005 0.5125 0.14062500000000006 0.5234375 0.14062500000000006
1 0.5125 0.10937500000000004 0.5 0.10937500000000004 0.5 0.14062500000000006 0.5125 0.14062500000000006