0 0.7234375 0.12968750000000007 0.31875 0.12968750000000004 0.31875 0.16875000000000007 0.7234375 0.1687500000000001
0 0.7484375 0.02343750000000009 0.721875 0.02343750000000009 0.721875 0.1062500000000001 0.7484375 0.1062500000000001
0 0.821875 0.2890625000000001 0.7859375 0.2890625000000001 0.7859375 0.40156250000000016 0.821875 0.40156250000000016
0 0.7890625 0.43437500000000007 0.27031250000000007 0.434375 0.27031250000000007 0.48906250000000007 0.7890625 0.4890625000000002
0 0.7890625 0.4296875000000001 0.5203125 0.4296875 0.5203125 0.4687500000000001 0.7890625 0.46875000000000017
1 0.4484375 0.18437500000000004 0.43125 0.18437500000000004 0.43125 0.2250000000000001 0.4484375 0.2250000000000001
1 0.54375 0.5 0.525 0.5 0.525 0.540625 0.54375 0.540625
1 0.684375 0.1781250000000001 0.66875 0.1781250000000001 0.66875 0.2093750000000001 0.684375 0.2093750000000001
1 0.6953125 0.1765625000000001 0.6828125 0.1765625000000001 0.6828125 0.21093750000000008 0.6953125 0.21093750000000008
1 0.7125 0.18125000000000008 0.7 0.18125000000000008 0.7 0.2093750000000001 0.7125 0.2093750000000001
1 0.503125 0.18125000000000005 0.484375 0.18125000000000005 0.484375 0.22031250000000008 0.503125 0.22031250000000008
1 0.525 0.18437500000000004 0.5046875 0.18437500000000004 0.5046875 0.2218750000000001 0.525 0.2218750000000001
1 0.46875 0.496875 0.45625 0.496875 0.45625 0.540625 0.46875 0.540625
1 0.490625 0.496875 0.4734375 0.496875 0.4734375 0.5375 0.490625 0.5375
1 0.5953125 0.5 0.584375 0.5 0.584375 0.540625 0.5953125 0.540625
1 0.61875 0.4953125 0.6015625 0.4953125 0.6015625 0.5375 0.61875 0.5375
1 0.6390625 0.4984375 0.6203125 0.4984375 0.6203125 0.5390625 0.6390625 0.5390625
1 0.753125 0.057812500000000086 0.734375 0.057812500000000086 0.734375 0.07187500000000009 0.753125 0.07187500000000009
1 0.2062500000000001 0.65625 0.2000000000000001 0.65625 0.2000000000000001 0.6734375 0.2062500000000001 0.6734375
1 0.2140625000000001 0.65625 0.2062500000000001 0.65625 0.2062500000000001 0.671875 0.2140625000000001 0.671875
1 0.22656250000000008 0.6578125 0.22031250000000008 0.6578125 0.22031250000000008 0.6734375 0.22656250000000008 0.6734375
1 0.23437500000000008 0.65625 0.22812500000000008 0.65625 0.22812500000000008 0.6734375 0.23437500000000008 0.6734375
1 0.2921875000000001 0.65625 0.2875000000000001 0.65625 0.2875000000000001 0.6734375 0.2921875000000001 0.6734375
1 0.3000000000000001 0.65625 0.29375000000000007 0.65625 0.29375000000000007 0.671875 0.3000000000000001 0.671875
1 0.3781250000000001 0.65625 0.37187500000000007 0.65625 0.37187500000000007 0.6734375 0.3781250000000001 0.6734375
1 0.3843750000000001 0.65625 0.3781250000000001 0.65625 0.3781250000000001 0.6734375 0.3843750000000001 0.6734375
1 0.45 0.65625 0.44375 0.65625 0.44375 0.6734375 0.45 0.6734375
1 0.4578125 0.65625 0.4515625 0.65625 0.4515625 0.675 0.4578125 0.675
1 0.4640625 0.65625 0.459375 0.65625 0.459375 0.6734375 0.4640625 0.6734375
1 0.2062500000000001 0.684375 0.2015625000000001 0.684375 0.2015625000000001 0.703125 0.2062500000000001 0.703125
1 0.2140625000000001 0.684375 0.2078125000000001 0.684375 0.2078125000000001 0.7015625 0.2140625000000001 0.7015625
1 0.22656250000000008 0.684375 0.22031250000000008 0.684375 0.22031250000000008 0.7015625 0.22656250000000008 0.7015625
1 0.2328125000000001 0.6859375 0.22656250000000008 0.6859375 0.22656250000000008 0.7015625 0.2328125000000001 0.7015625
1 0.29375000000000007 0.684375 0.2890625000000001 0.684375 0.2890625000000001 0.703125 0.29375000000000007 0.703125
1 0.30156250000000007 0.684375 0.2953125000000001 0.684375 0.2953125000000001 0.7015625 0.30156250000000007 0.7015625
1 0.3781250000000001 0.684375 0.3703125000000001 0.684375 0.3703125000000001 0.7015625 0.3781250000000001 0.7015625
1 0.3859375000000001 0.6859375 0.3781250000000001 0.6859375 0.3781250000000001 0.7015625 0.3859375000000001 0.7015625
1 0.4515625 0.684375 0.44375 0.684375 0.44375 0.703125 0.4515625 0.703125
1 0.459375 0.6859375 0.4546875 0.6859375 0.4546875 0.7015625 0.459375 0.7015625
1 0.4671875 0.684375 0.459375 0.684375 0.459375 0.703125 0.4671875 0.703125
1 0.3781250000000001 0.7140625 0.37187500000000007 0.7140625 0.37187500000000007 0.73125 0.3781250000000001 0.73125
1 0.3843750000000001 0.7125 0.3781250000000001 0.7125 0.3781250000000001 0.7296875 0.3843750000000001 0.7296875
1 0.45000000000000007 0.7140625 0.44375 0.7140625 0.4437500000000001 0.73125 0.4500000000000002 0.73125
1 0.4593750000000001 0.7140625 0.453125 0.7140625 0.4531250000000001 0.7296875 0.4593750000000002 0.7296875
1 0.46562500000000007 0.7125 0.459375 0.7125 0.4593750000000001 0.7328125 0.4656250000000002 0.7328125
1 0.2953125000000001 0.7140625 0.2890625000000001 0.7140625 0.2890625000000001 0.73125 0.2953125000000001 0.73125
1 0.30156250000000007 0.7140625 0.2953125000000001 0.7140625 0.2953125000000001 0.7328125 0.30156250000000007 0.7328125
1 0.2062500000000001 0.715625 0.2000000000000001 0.715625 0.2000000000000001 0.73125 0.2062500000000001 0.73125
1 0.21250000000000008 0.7140625 0.2062500000000001 0.7140625 0.2062500000000001 0.7328125 0.21250000000000008 0.7328125
1 0.22656250000000008 0.7140625 0.22031250000000008 0.7140625 0.22031250000000008 0.7296875 0.22656250000000008 0.7296875
1 0.2328125000000001 0.7125 0.22656250000000008 0.7125 0.22656250000000008 0.73125 0.2328125000000001 0.73125
1 0.15000000000000008 0.6546875 0.14218750000000008 0.6546875 0.14218750000000008 0.675 0.15000000000000008 0.675
1 0.1515625000000001 0.6859375 0.1437500000000001 0.6859375 0.1437500000000001 0.703125 0.1515625000000001 0.703125
1 0.1515625000000001 0.7125 0.14062500000000008 0.7125 0.14062500000000008 0.7328125 0.1515625000000001 0.7328125
1 0.1515625000000001 0.7390625 0.14062500000000008 0.7390625 0.14062500000000008 0.7609375 0.1515625000000001 0.7609375
1 0.15000000000000008 0.7671875 0.14218750000000008 0.7671875 0.14218750000000008 0.7875 0.15000000000000008 0.7875
1 0.15000000000000008 0.7984375 0.14218750000000008 0.7984375 0.14218750000000008 0.815625 0.15000000000000008 0.815625
1 0.15000000000000008 0.8265625 0.14218750000000008 0.8265625 0.14218750000000008 0.84375 0.15000000000000008 0.84375
1 0.15000000000000008 0.8515625 0.1437500000000001 0.8515625 0.1437500000000001 0.871875 0.15000000000000008 0.871875
1 0.15000000000000008 0.8828125 0.14218750000000008 0.8828125 0.14218750000000008 0.9 0.15000000000000008 0.9
1 0.14531250000000012 0.9390625 0.13906250000000014 0.9390625 0.13906250000000014 0.9578125 0.14531250000000012 0.9578125
1 0.15000000000000013 0.940625 0.14687500000000014 0.940625 0.14687500000000014 0.959375 0.15000000000000013 0.959375
1 0.14375000000000013 0.965625 0.14062500000000014 0.965625 0.14062500000000014 0.9859375 0.14375000000000013 0.9859375
1 0.15312500000000012 0.96875 0.14531250000000012 0.96875 0.14531250000000012 0.9859375 0.15312500000000012 0.9859375
1 0.14531250000000012 0.9125 0.14062500000000014 0.9125 0.14062500000000014 0.9265625 0.14531250000000012 0.9265625
1 0.15312500000000012 0.9109375 0.14531250000000012 0.9109375 0.14531250000000012 0.9296875 0.15312500000000012 0.9296875
1 0.14531250000000012 0.9953125 0.13906250000000014 0.9953125 0.13906250000000014 1 0.14531250000000012 1
1 0.15312500000000012 0.9953125 0.14531250000000012 0.9953125 0.14531250000000012 1 0.15312500000000012 1
1 0.2062500000000001 0.740625 0.2015625000000001 0.740625 0.2015625000000001 0.759375 0.2062500000000001 0.759375
1 0.22656250000000008 0.740625 0.22031250000000008 0.740625 0.22031250000000008 0.7578125 0.22656250000000008 0.7578125
1 0.2328125000000001 0.7421875 0.22656250000000008 0.7421875 0.22656250000000008 0.759375 0.2328125000000001 0.759375
1 0.21250000000000008 0.7421875 0.2062500000000001 0.7421875 0.2062500000000001 0.7578125 0.21250000000000008 0.7578125
1 0.2078125000000001 0.76875 0.2015625000000001 0.76875 0.2015625000000001 0.7859375 0.2078125000000001 0.7859375
1 0.21250000000000008 0.76875 0.2062500000000001 0.76875 0.2062500000000001 0.7875 0.21250000000000008 0.7875
1 0.22656250000000008 0.76875 0.22031250000000008 0.76875 0.22031250000000008 0.7859375 0.22656250000000008 0.7859375
1 0.2328125000000001 0.76875 0.22656250000000008 0.76875 0.22656250000000008 0.7859375 0.2328125000000001 0.7859375
1 0.2062500000000001 0.7984375 0.2015625000000001 0.7984375 0.2015625000000001 0.815625 0.2062500000000001 0.815625
1 0.2140625000000001 0.7953125 0.2078125000000001 0.7953125 0.2078125000000001 0.815625 0.2140625000000001 0.815625
1 0.22656250000000008 0.796875 0.22031250000000008 0.796875 0.22031250000000008 0.8140625 0.22656250000000008 0.8140625
1 0.2328125000000001 0.796875 0.22656250000000008 0.796875 0.22656250000000008 0.8140625 0.2328125000000001 0.8140625
1 0.2062500000000001 0.8265625 0.2015625000000001 0.8265625 0.2015625000000001 0.8421875 0.2062500000000001 0.8421875
1 0.2140625000000001 0.825 0.2062500000000001 0.825 0.2062500000000001 0.840625 0.2140625000000001 0.840625
1 0.22656250000000008 0.825 0.22031250000000008 0.825 0.22031250000000008 0.8421875 0.22656250000000008 0.8421875
1 0.23437500000000008 0.825 0.22656250000000008 0.825 0.22656250000000008 0.8421875 0.23437500000000008 0.8421875
1 0.2062500000000001 0.8546875 0.2015625000000001 0.8546875 0.2015625000000001 0.8703125 0.2062500000000001 0.8703125
1 0.2140625000000001 0.853125 0.2062500000000001 0.853125 0.2062500000000001 0.8734375 0.2140625000000001 0.8734375
1 0.22656250000000008 0.8546875 0.22031250000000008 0.8546875 0.22031250000000008 0.8734375 0.22656250000000008 0.8734375
1 0.2328125000000001 0.8546875 0.22656250000000008 0.8546875 0.22656250000000008 0.8703125 0.2328125000000001 0.8703125
1 0.22812500000000008 0.8828125 0.22031250000000008 0.8828125 0.22031250000000008 0.9 0.22812500000000008 0.9
1 0.2328125000000001 0.88125 0.22656250000000008 0.88125 0.22656250000000008 0.9 0.2328125000000001 0.9
1 0.2062500000000001 0.88125 0.2015625000000001 0.88125 0.2015625000000001 0.9 0.2062500000000001 0.9
1 0.2140625000000001 0.88125 0.2062500000000001 0.88125 0.2062500000000001 0.9015625 0.2140625000000001 0.9015625
1 0.2062500000000001 0.9125 0.2015625000000001 0.9125 0.2015625000000001 0.928125 0.2062500000000001 0.928125
1 0.2140625000000001 0.9109375 0.2078125000000001 0.9109375 0.2078125000000001 0.928125 0.2140625000000001 0.928125
1 0.22656250000000008 0.9109375 0.2218750000000001 0.9109375 0.2218750000000001 0.9265625 0.22656250000000008 0.9265625
1 0.2328125000000001 0.9109375 0.22656250000000008 0.9109375 0.22656250000000008 0.928125 0.2328125000000001 0.928125
1 0.22656250000000008 0.940625 0.22031250000000008 0.940625 0.22031250000000008 0.95625 0.22656250000000008 0.95625
1 0.2328125000000001 0.9390625 0.22656250000000008 0.9390625 0.22656250000000008 0.9578125 0.2328125000000001 0.9578125
1 0.2078125000000001 0.9375 0.2015625000000001 0.9375 0.2015625000000001 0.95625 0.2078125000000001 0.95625
1 0.21250000000000008 0.940625 0.2062500000000001 0.940625 0.2062500000000001 0.9578125 0.21250000000000008 0.9578125
1 0.2062500000000001 0.9671875 0.2015625000000001 0.9671875 0.2015625000000001 0.984375 0.2062500000000001 0.984375
1 0.21250000000000008 0.96875 0.2078125000000001 0.96875 0.2078125000000001 0.984375 0.21250000000000008 0.984375
1 0.2250000000000001 0.96875 0.22031250000000008 0.96875 0.22031250000000008 0.984375 0.2250000000000001 0.984375
1 0.2328125000000001 0.96875 0.22656250000000008 0.96875 0.22656250000000008 0.984375 0.2328125000000001 0.984375
1 0.2953125000000001 0.740625 0.2875000000000001 0.740625 0.2875000000000001 0.7609375 0.2953125000000001 0.7609375
1 0.29375000000000007 0.7671875 0.2890625000000001 0.7671875 0.2890625000000001 0.7875 0.29375000000000007 0.7875
1 0.2953125000000001 0.7953125 0.2890625000000001 0.7953125 0.2890625000000001 0.815625 0.2953125000000001 0.815625
1 0.2953125000000001 0.825 0.2890625000000001 0.825 0.2890625000000001 0.8421875 0.2953125000000001 0.8421875
1 0.29375000000000007 0.853125 0.2890625000000001 0.853125 0.2890625000000001 0.871875 0.29375000000000007 0.871875
1 0.2953125000000001 0.88125 0.2890625000000001 0.88125 0.2890625000000001 0.9 0.2953125000000001 0.9
1 0.2953125000000001 0.909375 0.2890625000000001 0.909375 0.2890625000000001 0.9265625 0.2953125000000001 0.9265625
1 0.2953125000000001 0.9390625 0.2890625000000001 0.9390625 0.2890625000000001 0.95625 0.2953125000000001 0.95625
1 0.2953125000000001 0.9671875 0.2890625000000001 0.9671875 0.2890625000000001 0.9828125 0.2953125000000001 0.9828125
1 0.30156250000000007 0.7421875 0.2953125000000001 0.7421875 0.2953125000000001 0.759375 0.30156250000000007 0.759375
1 0.30156250000000007 0.7671875 0.2953125000000001 0.7671875 0.2953125000000001 0.7859375 0.30156250000000007 0.7859375
1 0.30156250000000007 0.796875 0.2953125000000001 0.796875 0.2953125000000001 0.815625 0.30156250000000007 0.815625
1 0.3031250000000001 0.8265625 0.2953125000000001 0.8265625 0.2953125000000001 0.84375 0.3031250000000001 0.84375
1 0.30156250000000007 0.8515625 0.29375000000000007 0.8515625 0.29375000000000007 0.8734375 0.30156250000000007 0.8734375
1 0.30156250000000007 0.88125 0.2953125000000001 0.88125 0.2953125000000001 0.9 0.30156250000000007 0.9
1 0.30156250000000007 0.909375 0.2953125000000001 0.909375 0.2953125000000001 0.928125 0.30156250000000007 0.928125
1 0.30156250000000007 0.9390625 0.2953125000000001 0.9390625 0.2953125000000001 0.9578125 0.30156250000000007 0.9578125
1 0.30156250000000007 0.9671875 0.2953125000000001 0.9671875 0.2953125000000001 0.984375 0.30156250000000007 0.984375
1 0.3781250000000001 0.74375 0.37187500000000007 0.74375 0.37187500000000007 0.7609375 0.3781250000000001 0.7609375
1 0.3843750000000001 0.7421875 0.3781250000000001 0.7421875 0.3781250000000001 0.7609375 0.3843750000000001 0.7609375
1 0.3781250000000001 0.76875 0.37187500000000007 0.76875 0.37187500000000007 0.7875 0.3781250000000001 0.7875
1 0.3843750000000001 0.76875 0.3781250000000001 0.76875 0.3781250000000001 0.7875 0.3843750000000001 0.7875
1 0.3781250000000001 0.7984375 0.3703125000000001 0.7984375 0.3703125000000001 0.8171875 0.3781250000000001 0.8171875
1 0.3843750000000001 0.796875 0.3781250000000001 0.796875 0.3781250000000001 0.815625 0.3843750000000001 0.815625
1 0.3781250000000001 0.825 0.37187500000000007 0.825 0.37187500000000007 0.84375 0.3781250000000001 0.84375
1 0.3859375000000001 0.825 0.3781250000000001 0.825 0.3781250000000001 0.8421875 0.3859375000000001 0.8421875
1 0.3781250000000001 0.8515625 0.3703125000000001 0.8515625 0.3703125000000001 0.8734375 0.3781250000000001 0.8734375
1 0.3843750000000001 0.8546875 0.3781250000000001 0.8546875 0.3781250000000001 0.8734375 0.3843750000000001 0.8734375
1 0.3765625000000001 0.8828125 0.3703125000000001 0.8828125 0.3703125000000001 0.9 0.3765625000000001 0.9
1 0.3859375000000001 0.88125 0.3781250000000001 0.88125 0.3781250000000001 0.9015625 0.3859375000000001 0.9015625
1 0.3781250000000001 0.9109375 0.3703125000000001 0.9109375 0.3703125000000001 0.928125 0.3781250000000001 0.928125
1 0.3843750000000001 0.9109375 0.3781250000000001 0.9109375 0.3781250000000001 0.928125 0.3843750000000001 0.928125
1 0.3781250000000001 0.9390625 0.3703125000000001 0.9390625 0.3703125000000001 0.959375 0.3781250000000001 0.959375
1 0.3843750000000001 0.9375 0.3781250000000001 0.9375 0.3781250000000001 0.9578125 0.3843750000000001 0.9578125
1 0.3781250000000001 0.96875 0.3703125000000001 0.96875 0.3703125000000001 0.984375 0.3781250000000001 0.984375
1 0.3859375000000001 0.9703125 0.3765625000000001 0.9703125 0.3765625000000001 0.984375 0.3859375000000001 0.984375
1 0.4515625000000002 0.7421875 0.44531250000000017 0.7421875 0.44531250000000017 0.759375 0.4515625000000002 0.759375
1 0.4515625000000002 0.76875 0.4437500000000002 0.76875 0.4437500000000002 0.7875 0.4515625000000002 0.7875
1 0.4593750000000002 0.7421875 0.4546875000000002 0.7421875 0.4546875000000002 0.759375 0.4593750000000002 0.759375
1 0.4593750000000002 0.76875 0.4546875000000002 0.76875 0.4546875000000002 0.7859375 0.4593750000000002 0.7859375
1 0.4671875000000002 0.76875 0.4578125000000002 0.76875 0.4578125000000002 0.7875 0.4671875000000002 0.7875
1 0.4671875000000002 0.7421875 0.4593750000000002 0.7421875 0.4593750000000002 0.7609375 0.4671875000000002 0.7609375
1 0.4515625000000002 0.796875 0.44531250000000017 0.796875 0.44531250000000017 0.8140625 0.4515625000000002 0.8140625
1 0.4593750000000002 0.796875 0.4546875000000002 0.796875 0.4546875000000002 0.815625 0.4593750000000002 0.815625
1 0.4671875000000002 0.796875 0.46093750000000017 0.796875 0.46093750000000017 0.815625 0.4671875000000002 0.815625
1 0.4515625000000002 0.825 0.4437500000000002 0.825 0.4437500000000002 0.84375 0.4515625000000002 0.84375
1 0.4593750000000002 0.825 0.4546875000000002 0.825 0.4546875000000002 0.84375 0.4593750000000002 0.84375
1 0.4656250000000002 0.825 0.4593750000000002 0.825 0.4593750000000002 0.84375 0.4656250000000002 0.84375
1 0.4515625000000002 0.853125 0.4437500000000002 0.853125 0.4437500000000002 0.871875 0.4515625000000002 0.871875
1 0.4593750000000002 0.8546875 0.45312500000000017 0.8546875 0.45312500000000017 0.871875 0.4593750000000002 0.871875
1 0.4671875000000002 0.853125 0.4593750000000002 0.853125 0.4593750000000002 0.871875 0.4671875000000002 0.871875
1 0.4515625000000002 0.88125 0.4437500000000002 0.88125 0.4437500000000002 0.9015625 0.4515625000000002 0.9015625
1 0.4515625000000002 0.909375 0.4437500000000002 0.909375 0.4437500000000002 0.928125 0.4515625000000002 0.928125
1 0.4593750000000002 0.884375 0.45312500000000017 0.884375 0.45312500000000017 0.9 0.4593750000000002 0.9
1 0.4671875000000002 0.8828125 0.4593750000000002 0.8828125 0.4593750000000002 0.8984375 0.4671875000000002 0.8984375
1 0.4593750000000002 0.9109375 0.45312500000000017 0.9109375 0.45312500000000017 0.928125 0.4593750000000002 0.928125
1 0.4656250000000002 0.9109375 0.46093750000000017 0.9109375 0.46093750000000017 0.928125 0.4656250000000002 0.928125
1 0.4515625000000002 0.940625 0.4437500000000002 0.940625 0.4437500000000002 0.9578125 0.4515625000000002 0.9578125
1 0.4593750000000002 0.9390625 0.45312500000000017 0.9390625 0.45312500000000017 0.95625 0.4593750000000002 0.95625
1 0.4671875000000002 0.9390625 0.4593750000000002 0.9390625 0.4593750000000002 0.9578125 0.4671875000000002 0.9578125
1 0.4500000000000002 0.96875 0.4421875000000002 0.96875 0.4421875000000002 0.984375 0.4500000000000002 0.984375
1 0.4593750000000002 0.96875 0.45312500000000017 0.96875 0.45312500000000017 0.984375 0.4593750000000002 0.984375
1 0.4671875000000002 0.96875 0.4593750000000002 0.96875 0.4593750000000002 0.984375 0.4671875000000002 0.984375
1 0.575 0.6390625 0.5703125 0.6390625 0.5703125 0.653125 0.575 0.653125
1 0.5828125 0.6390625 0.575 0.6390625 0.575 0.6515625 0.5828125 0.6515625
1 0.575 0.659375 0.56875 0.659375 0.56875 0.6734375 0.575 0.6734375
1 0.5828125 0.659375 0.575 0.659375 0.575 0.675 0.5828125 0.675
1 0.575 0.68125 0.5703125 0.68125 0.5703125 0.6953125 0.575 0.6953125
1 0.5828125 0.68125 0.575 0.68125 0.575 0.6953125 0.5828125 0.6953125
1 0.5765625 0.703125 0.5703125 0.703125 0.5703125 0.7171875 0.5765625 0.7171875
1 0.58125 0.703125 0.5765625 0.703125 0.5765625 0.71875 0.58125 0.71875
1 0.5765625000000001 0.725 0.5671875 0.725 0.5671875000000001 0.740625 0.5765625000000002 0.740625
1 0.58125 0.7234375 0.575 0.7234375 0.5750000000000001 0.7390625 0.5812500000000002 0.7390625
1 0.5750000000000002 0.746875 0.5687500000000002 0.746875 0.5687500000000002 0.7609375 0.5750000000000002 0.7609375
1 0.5812500000000002 0.746875 0.5750000000000002 0.746875 0.5750000000000002 0.7609375 0.5812500000000002 0.7609375
1 0.5750000000000002 0.76875 0.5687500000000002 0.76875 0.5687500000000002 0.7828125 0.5750000000000002 0.7828125
1 0.5812500000000002 0.76875 0.5750000000000002 0.76875 0.5750000000000002 0.7828125 0.5812500000000002 0.7828125
1 0.5765625000000002 0.7921875 0.5687500000000002 0.7921875 0.5687500000000002 0.8046875 0.5765625000000002 0.8046875
1 0.5812500000000002 0.7890625 0.5765625000000002 0.7890625 0.5765625000000002 0.8046875 0.5812500000000002 0.8046875
1 0.5765625000000002 0.8125 0.5703125000000002 0.8125 0.5703125000000002 0.8234375 0.5765625000000002 0.8234375
1 0.5812500000000002 0.8125 0.5750000000000002 0.8125 0.5750000000000002 0.825 0.5812500000000002 0.825
1 0.5750000000000002 0.8328125 0.5703125000000002 0.8328125 0.5703125000000002 0.846875 0.5750000000000002 0.846875
1 0.5828125000000002 0.83125 0.5765625000000002 0.83125 0.5765625000000002 0.846875 0.5828125000000002 0.846875
1 0.5750000000000002 0.85625 0.5703125000000002 0.85625 0.5703125000000002 0.86875 0.5750000000000002 0.86875
1 0.5812500000000002 0.8546875 0.5765625000000002 0.8546875 0.5765625000000002 0.86875 0.5812500000000002 0.86875
1 0.5750000000000002 0.8765625 0.5687500000000002 0.8765625 0.5687500000000002 0.890625 0.5750000000000002 0.890625
1 0.5812500000000002 0.875 0.5750000000000002 0.875 0.5750000000000002 0.890625 0.5812500000000002 0.890625
1 0.5750000000000002 0.8984375 0.5687500000000002 0.8984375 0.5687500000000002 0.9125 0.5750000000000002 0.9125
1 0.5828125000000002 0.8984375 0.5765625000000002 0.8984375 0.5765625000000002 0.9109375 0.5828125000000002 0.9109375
1 0.5750000000000002 0.91875 0.5687500000000002 0.91875 0.5687500000000002 0.934375 0.5750000000000002 0.934375
1 0.5812500000000002 0.9203125 0.5765625000000002 0.9203125 0.5765625000000002 0.934375 0.5812500000000002 0.934375
1 0.5750000000000002 0.940625 0.5687500000000002 0.940625 0.5687500000000002 0.9578125 0.5750000000000002 0.9578125
1 0.5828125000000002 0.940625 0.5750000000000002 0.940625 0.5750000000000002 0.95625 0.5828125000000002 0.95625
1 0.5750000000000002 0.9625 0.5687500000000002 0.9625 0.5687500000000002 0.9765625 0.5750000000000002 0.9765625
1 0.5828125000000002 0.9625 0.5765625000000002 0.9625 0.5765625000000002 0.975 0.5828125000000002 0.975
1 0.5750000000000002 0.98125 0.5687500000000002 0.98125 0.5687500000000002 0.9953125 0.5750000000000002 0.9953125
1 0.5828125000000002 0.98125 0.5765625000000002 0.98125 0.5765625000000002 0.99375 0.5828125000000002 0.99375
1 0.6359375 0.6390625 0.6296875 0.6390625 0.6296875 0.6515625 0.6359375 0.6515625
1 0.6421875 0.6375 0.6359375 0.6375 0.6359375 0.6515625 0.6421875 0.6515625
1 0.65625 0.6390625 0.65 0.6390625 0.65 0.6515625 0.65625 0.6515625
1 0.6625 0.6375 0.6546875 0.6375 0.6546875 0.6515625 0.6625 0.6515625
1 0.6359375 0.659375 0.6296875 0.659375 0.6296875 0.6734375 0.6359375 0.6734375
1 0.6421875 0.659375 0.6359375 0.659375 0.6359375 0.6734375 0.6421875 0.6734375
1 0.65625 0.659375 0.65 0.659375 0.65 0.6734375 0.65625 0.6734375
1 0.6609375 0.659375 0.65625 0.659375 0.65625 0.6734375 0.6609375 0.6734375
1 0.6625 0.68125 0.65625 0.68125 0.65625 0.6953125 0.6625 0.6953125
1 0.6546875 0.68125 0.65 0.68125 0.65 0.69375 0.6546875 0.69375
1 0.6421875 0.68125 0.6359375 0.68125 0.6359375 0.6953125 0.6421875 0.6953125
1 0.6359375 0.6796875 0.6296875 0.6796875 0.6296875 0.6953125 0.6359375 0.6953125
1 0.6359375000000002 0.746875 0.6296875000000002 0.746875 0.6296875000000002 0.7609375 0.6359375000000002 0.7609375
1 0.6437500000000002 0.7484375 0.6375000000000002 0.7484375 0.6375000000000002 0.7609375 0.6437500000000002 0.7609375
1 0.6359375 0.7046875 0.6296875 0.7046875 0.6296875 0.71875 0.6359375 0.71875
1 0.6375000000000001 0.725 0.6296875 0.725 0.6296875000000001 0.7390625 0.6375000000000002 0.7390625
1 0.6421875000000001 0.725 0.6359375 0.725 0.6359375 0.7390625 0.6421875000000001 0.7390625
1 0.6546875 0.703125 0.65 0.703125 0.65 0.71875 0.6546875 0.71875
1 0.6421875 0.703125 0.6359375 0.703125 0.6359375 0.7171875 0.6421875 0.7171875
1 0.6625 0.703125 0.6546875 0.703125 0.6546875 0.7171875 0.6625 0.7171875
1 0.6625000000000001 0.7234375 0.6546875 0.7234375 0.6546875000000001 0.7390625 0.6625000000000002 0.7390625
1 0.6562500000000001 0.7234375 0.65 0.7234375 0.6500000000000001 0.7390625 0.6562500000000002 0.7390625
1 0.6562500000000002 0.746875 0.6500000000000001 0.746875 0.6500000000000001 0.7609375 0.6562500000000002 0.7609375
1 0.6625000000000002 0.746875 0.6562500000000002 0.746875 0.6562500000000002 0.759375 0.6625000000000002 0.759375
1 0.6359375000000002 0.76875 0.6296875000000002 0.76875 0.6296875000000002 0.78125 0.6359375000000002 0.78125
1 0.6421875000000001 0.76875 0.6359375000000002 0.76875 0.6359375000000002 0.78125 0.6421875000000001 0.78125
1 0.6546875000000002 0.76875 0.6500000000000001 0.76875 0.6500000000000001 0.7828125 0.6546875000000002 0.7828125
1 0.6625000000000002 0.76875 0.6546875000000002 0.76875 0.6546875000000002 0.7828125 0.6625000000000002 0.7828125
1 0.6625000000000002 0.790625 0.6546875000000002 0.790625 0.6546875000000002 0.803125 0.6625000000000002 0.803125
1 0.6562500000000002 0.790625 0.6515625000000002 0.790625 0.6515625000000002 0.8046875 0.6562500000000002 0.8046875
1 0.6437500000000002 0.790625 0.6359375000000002 0.790625 0.6359375000000002 0.803125 0.6437500000000002 0.803125
1 0.6359375000000002 0.7890625 0.6296875000000002 0.7890625 0.6296875000000002 0.8046875 0.6359375000000002 0.8046875
1 0.6359375000000002 0.8109375 0.6296875000000002 0.8109375 0.6296875000000002 0.8234375 0.6359375000000002 0.8234375
1 0.6421875000000001 0.8125 0.6359375000000002 0.8125 0.6359375000000002 0.825 0.6421875000000001 0.825
1 0.6562500000000002 0.8125 0.6500000000000001 0.8125 0.6500000000000001 0.825 0.6562500000000002 0.825
1 0.6625000000000002 0.8125 0.6546875000000002 0.8125 0.6546875000000002 0.825 0.6625000000000002 0.825
1 0.6625000000000002 0.83125 0.6562500000000002 0.83125 0.6562500000000002 0.846875 0.6625000000000002 0.846875
1 0.6562500000000002 0.8328125 0.6500000000000001 0.8328125 0.6500000000000001 0.846875 0.6562500000000002 0.846875
1 0.6421875000000001 0.8328125 0.6359375000000002 0.8328125 0.6359375000000002 0.8453125 0.6421875000000001 0.8453125
1 0.6359375000000002 0.8328125 0.6296875000000002 0.8328125 0.6296875000000002 0.846875 0.6359375000000002 0.846875
1 0.6359375000000002 0.8546875 0.6296875000000002 0.8546875 0.6296875000000002 0.8671875 0.6359375000000002 0.8671875
1 0.6421875000000001 0.8546875 0.6359375000000002 0.8546875 0.6359375000000002 0.86875 0.6421875000000001 0.86875
1 0.6562500000000002 0.8546875 0.6500000000000001 0.8546875 0.6500000000000001 0.8671875 0.6562500000000002 0.8671875
1 0.6625000000000002 0.8546875 0.6546875000000002 0.8546875 0.6546875000000002 0.86875 0.6625000000000002 0.86875
1 0.6625000000000002 0.8765625 0.6546875000000002 0.8765625 0.6546875000000002 0.890625 0.6625000000000002 0.890625
1 0.6546875000000002 0.8765625 0.6500000000000001 0.8765625 0.6500000000000001 0.890625 0.6546875000000002 0.890625
1 0.6421875000000001 0.8765625 0.6359375000000002 0.8765625 0.6359375000000002 0.890625 0.6421875000000001 0.890625
1 0.6359375000000002 0.8765625 0.6296875000000002 0.8765625 0.6296875000000002 0.890625 0.6359375000000002 0.890625
1 0.6421875000000001 0.8984375 0.6359375000000002 0.8984375 0.6359375000000002 0.9125 0.6421875000000001 0.9125
1 0.6359375000000002 0.8984375 0.6296875000000002 0.8984375 0.6296875000000002 0.9109375 0.6359375000000002 0.9109375
1 0.6546875000000002 0.8984375 0.6500000000000001 0.8984375 0.6500000000000001 0.9125 0.6546875000000002 0.9125
1 0.6625000000000002 0.8984375 0.6562500000000002 0.8984375 0.6562500000000002 0.9109375 0.6625000000000002 0.9109375
1 0.6625000000000002 0.91875 0.6562500000000002 0.91875 0.6562500000000002 0.9328125 0.6625000000000002 0.9328125
1 0.6562500000000002 0.9203125 0.6500000000000001 0.9203125 0.6500000000000001 0.934375 0.6562500000000002 0.934375
1 0.6421875000000001 0.9203125 0.6359375000000002 0.9203125 0.6359375000000002 0.9328125 0.6421875000000001 0.9328125
1 0.6359375000000002 0.91875 0.6296875000000002 0.91875 0.6296875000000002 0.9328125 0.6359375000000002 0.9328125
1 0.6359375000000002 0.940625 0.6296875000000002 0.940625 0.6296875000000002 0.9546875 0.6359375000000002 0.9546875
1 0.6421875000000001 0.940625 0.6359375000000002 0.940625 0.6359375000000002 0.9546875 0.6421875000000001 0.9546875
1 0.6562500000000002 0.940625 0.6500000000000001 0.940625 0.6500000000000001 0.95625 0.6562500000000002 0.95625
1 0.6625000000000002 0.940625 0.6562500000000002 0.940625 0.6562500000000002 0.95625 0.6625000000000002 0.95625
1 0.6625000000000002 0.9625 0.6562500000000002 0.9625 0.6562500000000002 0.9765625 0.6625000000000002 0.9765625
1 0.6562500000000002 0.9625 0.6500000000000001 0.9625 0.6500000000000001 0.9765625 0.6562500000000002 0.9765625
1 0.6421875000000001 0.9625 0.6359375000000002 0.9625 0.6359375000000002 0.975 0.6421875000000001 0.975
1 0.6359375000000002 0.9625 0.6296875000000002 0.9625 0.6296875000000002 0.9765625 0.6359375000000002 0.9765625
1 0.6359375000000002 0.98125 0.6296875000000002 0.98125 0.6296875000000002 0.9953125 0.6359375000000002 0.9953125
1 0.6421875000000001 0.9796875 0.6359375000000002 0.9796875 0.6359375000000002 0.9953125 0.6421875000000001 0.9953125
1 0.6546875000000002 0.98125 0.6500000000000001 0.98125 0.6500000000000001 0.9953125 0.6546875000000002 0.9953125
1 0.6625000000000002 0.98125 0.6562500000000002 0.98125 0.6562500000000002 0.9953125 0.6625000000000002 0.9953125
1 0.721875 0.6375 0.7171875 0.6375 0.7171875 0.653125 0.721875 0.653125
1 0.7296875 0.6375000000000001 0.7234375 0.6375 0.7234375 0.6515625 0.7296875 0.6515625000000002
1 0.7234375 0.6578125 0.7171875 0.6578125 0.7171875 0.6734375 0.7234375 0.6734375
1 0.7296875 0.6578125000000001 0.7234375 0.6578125 0.7234375 0.6734375000000001 0.7296875 0.6734375000000001
1 0.728125 0.6796875000000001 0.71875 0.6796875 0.71875 0.6953125000000001 0.728125 0.6953125000000002
1 0.7234375 0.7046875 0.7171875 0.7046875 0.7171875 0.7171875 0.7234375 0.7171875
1 0.7296875 0.7046875000000001 0.725 0.7046875 0.725 0.7187500000000001 0.7296875 0.7187500000000002
1 0.7234375000000001 0.725 0.715625 0.725 0.7156250000000001 0.7390625 0.7234375000000002 0.7390625
1 0.7312500000000001 0.7250000000000001 0.7234375 0.725 0.7234375000000001 0.7406250000000001 0.7312500000000002 0.7406250000000002
1 0.7234375000000002 0.7453125 0.7171875000000002 0.7453125 0.7171875000000002 0.7609375 0.7234375000000002 0.7609375
1 0.7312500000000002 0.7468750000000001 0.7250000000000002 0.746875 0.7250000000000002 0.7625000000000001 0.7312500000000002 0.7625000000000002
1 0.7234375000000002 0.7671875 0.7171875000000002 0.7671875 0.7171875000000002 0.7828125 0.7234375000000002 0.7828125
1 0.7296875000000002 0.7671875000000001 0.7250000000000002 0.7671875 0.7250000000000002 0.7828125000000001 0.7296875000000002 0.7828125000000001
1 0.7218750000000002 0.7890625 0.7171875000000002 0.7890625 0.7171875000000002 0.803125 0.7218750000000002 0.803125
1 0.7296875000000002 0.7906250000000001 0.7234375000000002 0.790625 0.7234375000000002 0.8046875 0.7296875000000002 0.8046875
1 0.7234375000000002 0.809375 0.7171875000000002 0.809375 0.7171875000000002 0.825 0.7234375000000002 0.825
1 0.7296875000000002 0.8125 0.7234375000000002 0.8125 0.7234375000000002 0.825 0.7296875000000002 0.825
1 0.7234375000000002 0.83125 0.7171875000000002 0.83125 0.7171875000000002 0.846875 0.7234375000000002 0.846875
1 0.7312500000000002 0.8328125 0.7250000000000002 0.8328125 0.7250000000000002 0.8453125 0.7312500000000002 0.8453125
1 0.7234375000000002 0.8546875 0.7171875000000002 0.8546875 0.7171875000000002 0.8671875 0.7234375000000002 0.8671875
1 0.7312500000000002 0.853125 0.7234375000000002 0.853125 0.7234375000000002 0.86875 0.7312500000000002 0.86875
1 0.7234375000000002 0.8765625 0.7156250000000002 0.8765625 0.7156250000000002 0.890625 0.7234375000000002 0.890625
1 0.7312500000000002 0.8765625 0.7250000000000002 0.8765625 0.7250000000000002 0.890625 0.7312500000000002 0.890625
1 0.7234375000000002 0.91875 0.7171875000000002 0.91875 0.7171875000000002 0.9328125 0.7234375000000002 0.9328125
1 0.7312500000000002 0.91875 0.7250000000000002 0.91875 0.7250000000000002 0.9328125 0.7312500000000002 0.9328125
1 0.7234375000000002 0.8984375 0.7156250000000002 0.8984375 0.7156250000000002 0.9125 0.7234375000000002 0.9125
1 0.7312500000000002 0.896875 0.7234375000000002 0.896875 0.7234375000000002 0.9125 0.7312500000000002 0.9125
1 0.7234375000000002 0.94375 0.7171875000000002 0.94375 0.7171875000000002 0.95625 0.7234375000000002 0.95625
1 0.7296875000000002 0.9421875 0.7234375000000002 0.9421875 0.7234375000000002 0.95625 0.7296875000000002 0.95625
1 0.7234375000000002 0.9625 0.7171875000000002 0.9625 0.7171875000000002 0.9765625 0.7234375000000002 0.9765625
1 0.7281250000000001 0.9625 0.7234375000000002 0.9625 0.7234375000000002 0.9765625 0.7281250000000001 0.9765625
1 0.7234375000000002 0.9828125 0.7171875000000002 0.9828125 0.7171875000000002 0.9953125 0.7234375000000002 0.9953125
1 0.7296875000000002 0.98125 0.7234375000000002 0.98125 0.7234375000000002 0.9953125 0.7296875000000002 0.9953125
1 0.8046875 0.6375000000000002 0.8 0.6375000000000002 0.8 0.6515625000000002 0.8046875 0.6515625000000002
1 0.80625 0.6593750000000002 0.8 0.6593750000000002 0.8 0.6750000000000002 0.80625 0.6750000000000002
1 0.80625 0.6796875000000002 0.8 0.6796875000000002 0.8 0.6937500000000002 0.80625 0.6937500000000002
1 0.80625 0.7031250000000002 0.8 0.7031250000000002 0.8 0.7203125000000001 0.80625 0.7203125000000001
1 0.80625 0.7234375000000002 0.8 0.7234375000000002 0.8 0.7390625000000002 0.80625 0.7390625000000002
1 0.80625 0.7468750000000002 0.8015625 0.7468750000000002 0.8015625 0.7640625000000002 0.80625 0.7640625000000002
1 0.80625 0.7687500000000002 0.8 0.7687500000000002 0.8 0.7812500000000002 0.80625 0.7812500000000002
1 0.80625 0.7906250000000001 0.7984375000000001 0.7906250000000001 0.7984375000000001 0.80625 0.80625 0.80625
1 0.8125 0.6375000000000002 0.80625 0.6375000000000002 0.80625 0.6531250000000002 0.8125 0.6531250000000002
1 0.8125 0.6578125000000001 0.80625 0.6578125000000001 0.80625 0.6734375000000001 0.8125 0.6734375000000001
1 0.8125 0.6812500000000001 0.80625 0.6812500000000001 0.80625 0.6953125000000002 0.8125 0.6953125000000002
1 0.8125 0.7046875000000001 0.80625 0.7046875000000001 0.80625 0.7171875000000002 0.8125 0.7171875000000002
1 0.8125 0.7234375000000002 0.8046875 0.7234375000000002 0.8046875 0.7406250000000002 0.8125 0.7406250000000002
1 0.8125 0.7453125000000002 0.80625 0.7453125000000002 0.80625 0.7593750000000001 0.8125 0.7593750000000001
1 0.8109375 0.7687500000000002 0.80625 0.7687500000000002 0.80625 0.7828125000000001 0.8109375 0.7828125000000001
1 0.8125 0.7890625000000002 0.8046875 0.7890625000000002 0.8046875 0.803125 0.8125 0.803125
1 0.878125 0.6375000000000002 0.871875 0.6375000000000002 0.871875 0.6515625000000002 0.878125 0.6515625000000002
1 0.8859375 0.6375000000000002 0.88125 0.6375000000000002 0.88125 0.6515625000000002 0.8859375 0.6515625000000002
1 0.8953125 0.6375000000000002 0.8890625 0.6375000000000002 0.8890625 0.6515625000000002 0.8953125 0.6515625000000002
1 0.878125 0.6578125000000001 0.871875 0.6578125000000001 0.871875 0.6734375000000001 0.878125 0.6734375000000001
1 0.878125 0.6812500000000001 0.871875 0.6812500000000001 0.871875 0.6953125000000002 0.878125 0.6953125000000002
1 0.8875 0.6796875000000002 0.88125 0.6796875000000002 0.88125 0.6953125000000002 0.8875 0.6953125000000002
1 0.8875 0.6593750000000002 0.88125 0.6593750000000002 0.88125 0.6734375000000001 0.8875 0.6734375000000001
1 0.89375 0.6593750000000002 0.8875 0.6593750000000002 0.8875 0.6734375000000001 0.89375 0.6734375000000001
1 0.89375 0.6796875000000002 0.8875 0.6796875000000002 0.8875 0.6953125000000002 0.89375 0.6953125000000002
1 0.878125 0.7031250000000002 0.871875 0.7031250000000002 0.871875 0.7171875000000002 0.878125 0.7171875000000002
1 0.878125 0.7250000000000002 0.871875 0.7250000000000002 0.871875 0.7390625000000002 0.878125 0.7390625000000002
1 0.878125 0.7468750000000002 0.871875 0.7468750000000002 0.871875 0.7609375000000002 0.878125 0.7609375000000002
1 0.8796875 0.7687500000000002 0.8703125 0.7687500000000002 0.8703125 0.7828125000000001 0.8796875 0.7828125000000001
1 0.878125 0.7906250000000001 0.871875 0.7906250000000001 0.871875 0.8046875 0.878125 0.8046875
1 0.8875 0.7031250000000002 0.8828125 0.7031250000000002 0.8828125 0.7171875000000002 0.8875 0.7171875000000002
1 0.89375 0.7046875000000001 0.8875 0.7046875000000001 0.8875 0.7171875000000002 0.89375 0.7171875000000002
1 0.8875 0.7250000000000002 0.88125 0.7250000000000002 0.88125 0.7390625000000002 0.8875 0.7390625000000002
1 0.89375 0.7250000000000002 0.8875 0.7250000000000002 0.8875 0.7390625000000002 0.89375 0.7390625000000002
1 0.8875 0.7468750000000002 0.88125 0.7468750000000002 0.88125 0.7609375000000002 0.8875 0.7609375000000002
1 0.89375 0.7468750000000002 0.8875 0.7468750000000002 0.8875 0.7609375000000002 0.89375 0.7609375000000002
1 0.8875 0.7671875000000001 0.8828125 0.7671875000000001 0.8828125 0.7828125000000001 0.8875 0.7828125000000001
1 0.89375 0.7687500000000002 0.8875 0.7687500000000002 0.8875 0.7828125000000001 0.89375 0.7828125000000001
1 0.8875 0.7906250000000001 0.88125 0.7906250000000001 0.88125 0.8046875 0.8875 0.8046875
1 0.89375 0.7890625000000002 0.8875 0.7890625000000002 0.8875 0.803125 0.89375 0.803125
1 0.8046875 0.8125 0.8 0.8125 0.8 0.825 0.8046875 0.825
1 0.8125 0.8109375 0.80625 0.8109375 0.80625 0.825 0.8125 0.825
1 0.8046875 0.8328125 0.8 0.8328125 0.8 0.846875 0.8046875 0.846875
1 0.8109375 0.8328125 0.8046875 0.8328125 0.8046875 0.846875 0.8109375 0.846875
1 0.878125 0.8125 0.871875 0.8125 0.871875 0.8234375 0.878125 0.8234375
1 0.8859375 0.8125 0.88125 0.8125 0.88125 0.8234375 0.8859375 0.8234375
1 0.8953125 0.8125 0.8875 0.8125 0.8875 0.8234375 0.8953125 0.8234375
1 0.878125 0.83125 0.871875 0.83125 0.871875 0.846875 0.878125 0.846875
1 0.8875 0.8328125 0.88125 0.8328125 0.88125 0.846875 0.8875 0.846875
1 0.8953125 0.8328125 0.8875 0.8328125 0.8875 0.8453125 0.8953125 0.8453125
1 0.878125 0.853125 0.871875 0.853125 0.871875 0.86875 0.878125 0.86875
1 0.8046875 0.853125 0.8 0.853125 0.8 0.86875 0.8046875 0.86875
1 0.8109375 0.8546875 0.80625 0.8546875 0.80625 0.86875 0.8109375 0.86875
1 0.8875 0.8546875 0.88125 0.8546875 0.88125 0.8671875 0.8875 0.8671875
1 0.8953125 0.8546875 0.8890625 0.8546875 0.8890625 0.8671875 0.8953125 0.8671875
1 0.878125 0.8765625 0.871875 0.8765625 0.871875 0.8890625 0.878125 0.8890625
1 0.80625 0.875 0.8 0.875 0.8 0.890625 0.80625 0.890625
1 0.8125 0.8765625 0.80625 0.8765625 0.80625 0.890625 0.8125 0.890625
1 0.8875 0.8765625 0.88125 0.8765625 0.88125 0.890625 0.8875 0.890625
1 0.89375 0.8765625 0.8875 0.8765625 0.8875 0.8890625 0.89375 0.8890625
1 0.80625 0.896875 0.8 0.896875 0.8 0.9125 0.80625 0.9125
1 0.8109375 0.8984375 0.80625 0.8984375 0.80625 0.9125 0.8109375 0.9125
1 0.878125 0.8984375 0.871875 0.8984375 0.871875 0.9125 0.878125 0.9125
1 0.8875 0.896875 0.88125 0.896875 0.88125 0.9125 0.8875 0.9125
1 0.89375 0.8984375 0.8890625 0.8984375 0.8890625 0.9109375 0.89375 0.9109375
1 0.80625 0.91875 0.8015625 0.91875 0.8015625 0.9328125 0.80625 0.9328125
1 0.8125 0.91875 0.80625 0.91875 0.80625 0.9328125 0.8125 0.9328125
1 0.878125 0.9203125 0.871875 0.9203125 0.871875 0.934375 0.878125 0.934375
1 0.8875 0.9203125 0.88125 0.9203125 0.88125 0.9328125 0.8875 0.9328125
1 0.89375 0.91875 0.8875 0.91875 0.8875 0.9328125 0.89375 0.9328125
1 0.8046875 0.940625 0.8 0.940625 0.8 0.95625 0.8046875 0.95625
1 0.8125 0.940625 0.80625 0.940625 0.80625 0.9546875 0.8125 0.9546875
1 0.80625 0.9609375 0.8 0.9609375 0.8 0.9765625 0.80625 0.9765625
1 0.8109375 0.9625 0.80625 0.9625 0.80625 0.9765625 0.8109375 0.9765625
1 0.8046875 0.98125 0.8 0.98125 0.8 0.9953125 0.8046875 0.9953125
1 0.8125 0.98125 0.8046875 0.98125 0.8046875 0.9953125 0.8125 0.9953125
1 0.878125 0.940625 0.871875 0.940625 0.871875 0.95625 0.878125 0.95625
1 0.878125 0.9625 0.871875 0.9625 0.871875 0.9765625 0.878125 0.9765625
1 0.8796875 0.9828125 0.8734375 0.9828125 0.8734375 0.9953125 0.8796875 0.9953125
1 0.8875 0.940625 0.88125 0.940625 0.88125 0.95625 0.8875 0.95625
1 0.8875 0.9625 0.88125 0.9625 0.88125 0.9765625 0.8875 0.9765625
1 0.8859375 0.98125 0.88125 0.98125 0.88125 0.99375 0.8859375 0.99375
1 0.8921875 0.9828125 0.8875 0.9828125 0.8875 0.9953125 0.8921875 0.9953125
1 0.89375 0.9625 0.8875 0.9625 0.8875 0.9765625 0.89375 0.9765625
1 0.89375 0.940625 0.8875 0.940625 0.8875 0.95625 0.89375 0.95625
2 0.4828125 0.18125000000000005 0.45 0.18125000000000005 0.45 0.2234375000000001 0.4828125 0.2234375000000001