0 0.3265625000000001 0.571875 0.3046875000000001 0.571875 0.3046875000000001 0.5796875 0.3265625000000001 0.5796875
0 0.484375 0.5734375 0.3296875000000001 0.5734375 0.3296875000000001 0.5796875 0.484375 0.5796875
0 0.4859375 0.5453125 0.3843750000000001 0.5453125 0.3843750000000001 0.5515625 0.4859375 0.5515625
0 0.5109375 0.45625 0.50625 0.45625 0.50625 0.5203125 0.5109375 0.5203125
0 0.609375 0.5609375 0.553125 0.5609375 0.553125 0.571875 0.609375 0.571875
0 0.6390625 0.4421875 0.6328125 0.4421875 0.6328125 0.534375 0.6390625 0.534375
0 0.3515625000000001 0.4578125 0.3453125000000001 0.4578125 0.3453125000000001 0.5171875 0.3515625000000001 0.5171875
0 0.2875000000000001 0.453125 0.2812500000000001 0.453125 0.2812500000000001 0.5203125 0.2875000000000001 0.5203125
0 0.71875 0.5859375 0.6875 0.5859375 0.6875 0.5921875 0.71875 0.5921875
0 0.7140625 0.5515625 0.696875 0.5515625 0.696875 0.559375 0.7140625 0.559375
0 0.7546875 0.5531250000000001 0.721875 0.553125 0.721875 0.5593750000000001 0.7546875 0.5593750000000002
0 0.7984375 0.4500000000000002 0.7921875 0.4500000000000002 0.7921875 0.5250000000000001 0.7984375 0.5250000000000001
2 0.3343750000000001 0.3984375 0.2953125000000001 0.3984375 0.2953125000000001 0.4359375 0.3343750000000001 0.4359375
1 0.3546875000000001 0.3859375 0.3218750000000001 0.3859375 0.3218750000000001 0.403125 0.3546875000000001 0.403125
1 0.3343750000000001 0.5984375 0.3140625000000001 0.5984375 0.3140625000000001 0.6125 0.3343750000000001 0.6125