2 0.54375 0.5046875 0.5015625 0.5046875 0.5015625 0.5203125 0.54375 0.5203125
1 0.54375 0.475 0.5140625 0.475 0.5140625 0.509375 0.54375 0.509375
2 0.5421875 0.403125 0.509375 0.403125 0.509375 0.4203125 0.5421875 0.4203125
1 0.5390625 0.3843750000000001 0.5265625 0.3843750000000001 0.5265625 0.4078125 0.5390625 0.4078125
2 0.54375 0.30156250000000007 0.496875 0.30156250000000007 0.496875 0.31718750000000007 0.54375 0.31718750000000007
1 0.5390625 0.2718750000000001 0.521875 0.2718750000000001 0.521875 0.2968750000000001 0.5390625 0.2968750000000001
2 0.546875 0.20468750000000008 0.5 0.20468750000000008 0.5 0.2296875000000001 0.546875 0.2296875000000001
1 0.5390625 0.17812500000000003 0.5203125 0.17812500000000003 0.5203125 0.20312500000000008 0.5390625 0.20312500000000008
2 0.3609375 0.20625 0.3109375 0.20625 0.3109375 0.234375 0.3609375 0.234375
1 0.3375 0.18437500000000004 0.31875 0.18437500000000004 0.31875 0.2046875 0.3375 0.2046875
1 0.7375 0.2906250000000001 0.6765625 0.2906250000000001 0.6765625 0.3234375000000001 0.7375 0.3234375000000001
1 0.709375 0.3671875000000001 0.671875 0.3671875000000001 0.671875 0.4046875 0.709375 0.4046875
1 0.721875 0.446875 0.6734375 0.446875 0.6734375 0.4828125 0.721875 0.4828125
1 0.721875 0.5265625 0.6734375 0.5265625 0.6734375 0.5625 0.721875 0.5625
1 0.9421875 0.2953125000000001 0.89375 0.2953125000000001 0.89375 0.3265625000000001 0.9421875 0.3265625000000001
1 0.9171875 0.3734375000000001 0.8671875 0.3734375000000001 0.8671875 0.4046875000000002 0.9171875 0.4046875000000002
1 0.9265625 0.44843750000000016 0.8671875 0.44843750000000016 0.8671875 0.4828125000000002 0.9265625 0.4828125000000002
1 0.91875 0.5343750000000002 0.853125 0.5343750000000002 0.853125 0.5640625000000001 0.91875 0.5640625000000001
1 0.7578125000000002 0.7375000000000002 0.7406250000000002 0.7375000000000002 0.7406250000000002 0.7640625000000002 0.7578125000000002 0.7640625000000002
1 0.7546875000000002 0.7953125000000002 0.7421875000000002 0.7953125000000002 0.7421875000000002 0.8203125 0.7546875000000002 0.8203125
1 0.7578125000000002 0.8546875 0.7453125000000002 0.8546875 0.7453125000000002 0.8828125 0.7578125000000002 0.8828125
1 0.7593750000000001 0.9265625 0.7421875000000002 0.9265625 0.7421875000000002 0.9515625 0.7593750000000001 0.9515625
1 0.7546875000000002 0.98125 0.7437500000000001 0.98125 0.7437500000000001 1 0.7546875000000002 1