0 0.434375 0.27187500000000003 0.3015625 0.271875 0.3015625 0.31250000000000006 0.434375 0.3125000000000001
0 0.4328125 0.27343750000000006 0.3265625 0.2734375 0.3265625 0.29375000000000007 0.4328125 0.29375000000000007
0 0.3078125 0.2734375 0.25625 0.2734375 0.25625 0.315625 0.3078125 0.315625
0 0.4328125 0.19218750000000004 0.3734375 0.19218750000000004 0.3734375 0.20312500000000008 0.4328125 0.20312500000000008
0 0.5734375 0.2718750000000001 0.525 0.2718750000000001 0.525 0.31718750000000007 0.5734375 0.31718750000000007
0 0.4296875 0.3656250000000001 0.3843750000000001 0.3656250000000001 0.3843750000000001 0.3906250000000001 0.4296875 0.3906250000000001
0 0.30937500000000007 0.421875 0.2875000000000001 0.421875 0.2875000000000001 0.4796875 0.30937500000000007 0.4796875
0 0.40625 0.403125 0.39531250000000007 0.403125 0.39531250000000007 0.5 0.40625 0.5
0 0.446875 0.5078125 0.40625 0.5078125 0.40625 0.540625 0.446875 0.540625
0 0.46875 0.421875 0.446875 0.421875 0.446875 0.4875 0.46875 0.4875
0 0.4953125 0.453125 0.446875 0.453125 0.446875 0.534375 0.4953125 0.534375
0 0.5859375 0.509375 0.509375 0.509375 0.509375 0.540625 0.5859375 0.540625
0 0.6046875 0.3921875000000001 0.584375 0.3921875000000001 0.584375 0.509375 0.6046875 0.509375
0 0.51875 0.5890625 0.4703125 0.5890625 0.4703125 0.6078125 0.51875 0.6078125
0 0.575 0.59375 0.5515625 0.59375 0.5515625 0.696875 0.575 0.696875
0 0.678125 0.5515625 0.66875 0.5515625 0.66875 0.65625 0.678125 0.65625
0 0.8515625 0.1593750000000001 0.8109375 0.1593750000000001 0.8109375 0.3531250000000001 0.8515625 0.3531250000000001
0 0.83125 0.2453125000000001 0.809375 0.2453125000000001 0.809375 0.3515625000000001 0.83125 0.3515625000000001
0 0.3234375000000001 0.5875 0.2875000000000001 0.5875 0.2875000000000001 0.6078125 0.3234375000000001 0.6078125
0 0.2390625000000001 0.6078125 0.2312500000000001 0.6078125 0.2312500000000001 0.7125 0.2390625000000001 0.7125
1 0.3828125 0.17656250000000004 0.378125 0.17656250000000004 0.378125 0.19062500000000004 0.3828125 0.19062500000000004
1 0.390625 0.17656250000000004 0.384375 0.17656250000000004 0.384375 0.19062500000000004 0.390625 0.19062500000000004
1 0.3953125 0.17656250000000004 0.3890625 0.17656250000000004 0.3890625 0.19062500000000004 0.3953125 0.19062500000000004
2 0.4 0.18125000000000005 0.39375 0.18125000000000005 0.39375 0.19062500000000004 0.4 0.19062500000000004
1 0.4046875 0.17500000000000004 0.3984375 0.17500000000000004 0.3984375 0.19062500000000004 0.4046875 0.19062500000000004
1 0.4125 0.17656250000000004 0.4046875 0.17656250000000004 0.4046875 0.19062500000000004 0.4125 0.19062500000000004
1 0.4265625 0.14843750000000006 0.41875 0.14843750000000006 0.41875 0.16406250000000006 0.4265625 0.16406250000000006
1 0.4671875 0.15000000000000005 0.4578125 0.15000000000000005 0.4578125 0.16718750000000004 0.4671875 0.16718750000000004
1 0.4765625 0.14843750000000006 0.4703125 0.14843750000000006 0.4703125 0.16562500000000005 0.4765625 0.16562500000000005
1 0.4703125 0.14843750000000006 0.465625 0.14843750000000006 0.465625 0.16406250000000006 0.4703125 0.16406250000000006
1 0.546875 0.15000000000000008 0.540625 0.15000000000000005 0.540625 0.16406250000000006 0.546875 0.16406250000000008
1 0.540625 0.15000000000000005 0.5359375 0.15000000000000005 0.5359375 0.16406250000000006 0.540625 0.16406250000000006
1 0.5296875 0.14843750000000006 0.525 0.14843750000000006 0.525 0.16250000000000003 0.5296875 0.16250000000000003
1 0.525 0.15000000000000005 0.5203125 0.15000000000000005 0.5203125 0.16406250000000006 0.525 0.16406250000000006
1 0.5203125 0.14843750000000006 0.5140625 0.14843750000000006 0.5140625 0.16406250000000006 0.5203125 0.16406250000000006
1 0.509375 0.14843750000000006 0.503125 0.14843750000000006 0.503125 0.16562500000000005 0.509375 0.16562500000000005
1 0.515625 0.15000000000000005 0.509375 0.15000000000000005 0.509375 0.16250000000000003 0.515625 0.16250000000000003
1 0.5015625 0.14843750000000006 0.4953125 0.14843750000000006 0.4953125 0.16250000000000003 0.5015625 0.16250000000000003
1 0.4953125 0.15000000000000005 0.4859375 0.15000000000000005 0.4859375 0.16406250000000006 0.4953125 0.16406250000000006
1 0.4875 0.15000000000000005 0.4796875 0.15000000000000005 0.4796875 0.16562500000000005 0.4875 0.16562500000000005
2 0.4796875 0.15625000000000006 0.475 0.15625000000000006 0.475 0.15937500000000004 0.4796875 0.15937500000000004
1 0.4328125 0.15312500000000004 0.428125 0.15312500000000004 0.428125 0.16406250000000006 0.4328125 0.16406250000000006
1 0.4375 0.15312500000000004 0.4328125 0.15312500000000004 0.4328125 0.16406250000000006 0.4375 0.16406250000000006
1 0.4546875 0.15312500000000004 0.45 0.15312500000000004 0.45 0.16406250000000006 0.4546875 0.16406250000000006
1 0.4421875 0.15312500000000004 0.4375 0.15312500000000004 0.4375 0.16406250000000006 0.4421875 0.16406250000000006
1 0.45 0.15312500000000004 0.44375 0.15312500000000004 0.44375 0.16562500000000005 0.45 0.16562500000000005
2 0.415625 0.17656250000000004 0.4109375 0.17656250000000004 0.4109375 0.18281250000000004 0.415625 0.18281250000000004
1 0.84375 0.25468750000000007 0.8328125 0.25468750000000007 0.8328125 0.26250000000000007 0.84375 0.26250000000000007
1 0.8453125 0.2453125000000001 0.8328125 0.2453125000000001 0.8328125 0.2578125000000001 0.8453125 0.2578125000000001
1 0.825 0.2968750000000001 0.8140625 0.2968750000000001 0.8140625 0.3062500000000001 0.825 0.3062500000000001
1 0.8234375 0.2890625000000001 0.8140625 0.2890625000000001 0.8140625 0.2968750000000001 0.8234375 0.2968750000000001
1 0.5453125 0.2875000000000001 0.5359375 0.2875000000000001 0.5359375 0.3046875000000001 0.5453125 0.3046875000000001
1 0.5578125 0.2875000000000001 0.55 0.2875000000000001 0.55 0.3046875000000001 0.5578125 0.3046875000000001
1 0.55 0.2875000000000001 0.5453125 0.2875000000000001 0.5453125 0.3046875000000001 0.55 0.3046875000000001
1 0.3875 0.2796875000000001 0.38125 0.2796875000000001 0.38125 0.29375000000000007 0.3875 0.29375000000000007
1 0.3796875 0.2796875000000001 0.3734375 0.2796875000000001 0.3734375 0.2953125000000001 0.3796875 0.2953125000000001
1 0.365625 0.30156250000000007 0.3609375 0.3015625 0.3609375 0.31718750000000007 0.365625 0.31718750000000007
1 0.3734375 0.3000000000000001 0.365625 0.3000000000000001 0.365625 0.31718750000000007 0.3734375 0.31718750000000007
1 0.2859375 0.3 0.28125 0.3 0.28125 0.3140625 0.2859375 0.3140625
1 0.2796875 0.3 0.275 0.3 0.275 0.315625 0.2796875 0.315625
1 0.25 0.340625 0.2421875 0.340625 0.2421875 0.3546875 0.25 0.3546875
1 0.2921875 0.3421875 0.2859375 0.3421875 0.2859375 0.35625 0.2921875 0.35625
1 0.2859375 0.340625 0.278125 0.340625 0.278125 0.35625 0.2859375 0.35625
1 0.278125 0.340625 0.26875 0.340625 0.26875 0.3546875 0.278125 0.3546875
1 0.2671875 0.34375 0.2609375 0.34375 0.2609375 0.3546875 0.2671875 0.3546875
1 0.25625 0.3453125 0.2484375 0.3453125 0.2484375 0.3546875 0.25625 0.3546875
1 0.2609375 0.34375 0.25625 0.34375 0.25625 0.3546875 0.2609375 0.3546875
2 0.259375 0.340625 0.25625 0.340625 0.25625 0.34375 0.259375 0.34375
1 0.4484375 0.34062500000000007 0.440625 0.34062500000000007 0.440625 0.3546875000000001 0.4484375 0.3546875000000001
1 0.4546875 0.3437500000000001 0.4484375 0.3437500000000001 0.4484375 0.3546875000000001 0.4546875 0.3546875000000001
1 0.46875 0.3437500000000001 0.4609375 0.3437500000000001 0.4609375 0.35625000000000007 0.46875 0.35625000000000007
1 0.459375 0.3437500000000001 0.453125 0.3437500000000001 0.453125 0.35625000000000007 0.459375 0.35625000000000007
1 0.4765625 0.34062500000000007 0.4671875 0.34062500000000007 0.4671875 0.3546875000000001 0.4765625 0.3546875000000001
1 0.48125 0.34062500000000007 0.475 0.34062500000000007 0.475 0.35625000000000007 0.48125 0.35625000000000007
1 0.4875 0.34062500000000007 0.4828125 0.34062500000000007 0.4828125 0.3546875000000001 0.4875 0.3546875000000001
1 0.4953125 0.34062500000000007 0.4890625 0.34062500000000007 0.4890625 0.3546875000000001 0.4953125 0.3546875000000001
1 0.5 0.34062500000000007 0.49375 0.34062500000000007 0.49375 0.3546875000000001 0.5 0.3546875000000001
1 0.5046875 0.34062500000000007 0.5 0.34062500000000007 0.5 0.3546875000000001 0.5046875 0.3546875000000001
1 0.5125 0.34062500000000007 0.50625 0.34062500000000007 0.50625 0.3546875000000001 0.5125 0.3546875000000001
1 0.54375 0.34062500000000007 0.5375 0.34062500000000007 0.5375 0.3546875000000001 0.54375 0.3546875000000001
1 0.55 0.34062500000000007 0.5421875 0.34062500000000007 0.5421875 0.3546875000000001 0.55 0.3546875000000001
1 0.528125 0.34062500000000007 0.5234375 0.34062500000000007 0.5234375 0.3546875000000001 0.528125 0.3546875000000001
1 0.5328125 0.3421875000000001 0.528125 0.3421875000000001 0.528125 0.35625000000000007 0.5328125 0.35625000000000007
1 0.5203125 0.34062500000000007 0.5140625 0.34062500000000007 0.5140625 0.35625000000000007 0.5203125 0.35625000000000007
1 0.525 0.3390625000000001 0.51875 0.3390625000000001 0.51875 0.3546875000000001 0.525 0.3546875000000001
1 0.39062500000000006 0.3593750000000001 0.384375 0.3593750000000001 0.384375 0.3750000000000001 0.3906250000000001 0.3750000000000001
2 0.3921875 0.3546875000000001 0.3875 0.3546875000000001 0.3875 0.3609375000000001 0.3921875 0.3609375000000001
1 0.3859375000000001 0.3656250000000001 0.37968750000000007 0.3656250000000001 0.37968750000000007 0.37968750000000007 0.3859375000000001 0.37968750000000007
1 0.3937500000000001 0.45 0.3828125000000001 0.45 0.3828125000000001 0.4578125 0.3937500000000001 0.4578125
1 0.39531250000000007 0.4421875 0.3859375000000001 0.4421875 0.3859375000000001 0.45 0.39531250000000007 0.45
1 0.459375 0.4375 0.45 0.4375 0.45 0.4484375 0.459375 0.4484375
1 0.48125 0.4859375 0.4734375 0.4859375 0.4734375 0.4984375 0.48125 0.4984375
1 0.4828125 0.4796875 0.4765625 0.4796875 0.4765625 0.49375 0.4828125 0.49375
2 0.4828125 0.475 0.478125 0.475 0.478125 0.48125 0.4828125 0.48125
1 0.4609375 0.45625 0.45 0.45625 0.45 0.4703125 0.4609375 0.4703125
1 0.459375 0.45 0.4484375 0.45 0.4484375 0.4578125 0.459375 0.4578125
1 0.4796875 0.4921875 0.4703125 0.4921875 0.4703125 0.503125 0.4796875 0.503125
1 0.4328125 0.5171875 0.425 0.5171875 0.425 0.53125 0.4328125 0.53125
1 0.425 0.515625 0.41875 0.515625 0.41875 0.53125 0.425 0.53125
1 0.5546875 0.515625 0.55 0.515625 0.55 0.53125 0.5546875 0.53125
1 0.5484375 0.515625 0.5421875 0.515625 0.5421875 0.5296875 0.5484375 0.5296875
1 0.5984375 0.4359375 0.5875 0.4359375 0.5875 0.4484375 0.5984375 0.4484375
1 0.5984375 0.45625 0.5875 0.45625 0.5875 0.465625 0.5984375 0.465625
1 0.5984375 0.4484375 0.5859375 0.4484375 0.5859375 0.45625 0.5984375 0.45625
1 0.3546875000000001 0.5046875 0.31718750000000007 0.5046875 0.31718750000000007 0.534375 0.3546875000000001 0.534375
2 0.3390625000000001 0.5109375 0.3296875000000001 0.5109375 0.3296875000000001 0.525 0.3390625000000001 0.525
1 0.3500000000000001 0.5109375 0.3437500000000001 0.5109375 0.3437500000000001 0.525 0.3500000000000001 0.525
1 0.3437500000000001 0.5125 0.3390625000000001 0.5125 0.3390625000000001 0.5265625 0.3437500000000001 0.5265625
1 0.27812500000000007 0.5234375 0.27031250000000007 0.5234375 0.27031250000000007 0.5390625 0.27812500000000007 0.5390625
1 0.2890625000000001 0.521875 0.2843750000000001 0.521875 0.2843750000000001 0.5375 0.2890625000000001 0.5375
1 0.2843750000000001 0.5234375 0.2765625000000001 0.5234375 0.2765625000000001 0.5375 0.2843750000000001 0.5375
0 0.26250000000000007 0.5140625 0.2328125000000001 0.5140625 0.2328125000000001 0.5484375 0.26250000000000007 0.5484375
1 0.2562500000000001 0.5234375 0.2515625000000001 0.5234375 0.2515625000000001 0.5375 0.2562500000000001 0.5375
0 0.2984375000000001 0.4859375 0.2921875000000001 0.4859375 0.2921875000000001 0.5109375 0.2984375000000001 0.5109375
1 0.2328125000000001 0.653125 0.2218750000000001 0.653125 0.2218750000000001 0.6625 0.2328125000000001 0.6625
1 0.2328125000000001 0.64375 0.2218750000000001 0.64375 0.2218750000000001 0.653125 0.2328125000000001 0.653125
1 0.2312500000000001 0.6640625 0.2218750000000001 0.6640625 0.2218750000000001 0.671875 0.2312500000000001 0.671875
2 0.3000000000000001 0.5734375 0.2921875000000001 0.5734375 0.2921875000000001 0.5875 0.3000000000000001 0.5875
1 0.31718750000000007 0.571875 0.30937500000000007 0.571875 0.30937500000000007 0.5875 0.31718750000000007 0.5875
1 0.3031250000000001 0.5734375 0.2984375000000001 0.5734375 0.2984375000000001 0.5859375 0.3031250000000001 0.5859375
1 0.3078125000000001 0.5734375 0.3031250000000001 0.5734375 0.3031250000000001 0.5875 0.3078125000000001 0.5875
1 0.35625000000000007 0.55625 0.3468750000000001 0.55625 0.3468750000000001 0.5734375 0.35625000000000007 0.5734375
1 0.3578125000000001 0.559375 0.3531250000000001 0.559375 0.3531250000000001 0.5703125 0.3578125000000001 0.5703125
1 0.3625000000000001 0.5609375 0.3593750000000001 0.5609375 0.3593750000000001 0.571875 0.3625000000000001 0.571875
1 0.3859375000000001 0.559375 0.3812500000000001 0.559375 0.3812500000000001 0.571875 0.3859375000000001 0.571875
1 0.3781250000000001 0.559375 0.3734375000000001 0.559375 0.3734375000000001 0.571875 0.3781250000000001 0.571875
1 0.3734375000000001 0.55625 0.3671875000000001 0.55625 0.3671875000000001 0.571875 0.3734375000000001 0.571875
1 0.3671875000000001 0.559375 0.3625000000000001 0.559375 0.3625000000000001 0.571875 0.3671875000000001 0.571875
1 0.3968750000000001 0.55625 0.3906250000000001 0.55625 0.3906250000000001 0.571875 0.3968750000000001 0.571875
1 0.3906250000000001 0.559375 0.3843750000000001 0.559375 0.3843750000000001 0.571875 0.3906250000000001 0.571875
1 0.4046875 0.5609375 0.3984375000000001 0.5609375 0.3984375000000001 0.5703125 0.4046875 0.5703125
1 0.434375 0.5609375 0.428125 0.5609375 0.428125 0.575 0.434375 0.575
1 0.409375 0.559375 0.403125 0.559375 0.403125 0.5703125 0.409375 0.5703125
1 0.428125 0.5609375 0.4234375 0.5609375 0.4234375 0.5734375 0.428125 0.5734375
1 0.4234375 0.559375 0.41875 0.559375 0.41875 0.571875 0.4234375 0.571875
1 0.41875 0.559375 0.4109375 0.559375 0.4109375 0.571875 0.41875 0.571875
1 0.490625 0.5734375 0.4828125 0.5734375 0.4828125 0.5875 0.490625 0.5875
1 0.503125 0.571875 0.496875 0.571875 0.496875 0.5859375 0.503125 0.5859375
1 0.496875 0.571875 0.490625 0.571875 0.490625 0.5875 0.496875 0.5875
1 0.6671875 0.6046875 0.6578125 0.6046875 0.6578125 0.6125 0.6671875 0.6125
1 0.66875 0.5953125 0.659375 0.5953125 0.659375 0.6046875 0.66875 0.6046875
2 0.83125 0.6531250000000002 0.821875 0.6531250000000002 0.821875 0.6656250000000001 0.83125 0.6656250000000001
1 0.8359375 0.6515625000000002 0.8296875 0.6515625000000002 0.8296875 0.6656250000000001 0.8359375 0.6656250000000001
1 0.8421875 0.6515625000000002 0.8359375 0.6515625000000002 0.8359375 0.6656250000000001 0.8421875 0.6656250000000001
1 0.56875 0.6765625 0.55625 0.6765625 0.55625 0.6859375 0.56875 0.6859375
1 0.56875 0.6359375 0.5578125 0.6359375 0.5578125 0.646875 0.56875 0.646875
2 0.5625 0.63125 0.5578125 0.63125 0.5578125 0.6375 0.5625 0.6375
2 0.5671875 0.6515625 0.559375 0.6515625 0.559375 0.6578125 0.5671875 0.6578125
1 0.5671875 0.646875 0.5578125 0.646875 0.5578125 0.653125 0.5671875 0.653125
1 0.5671875 0.6578125 0.55625 0.6578125 0.55625 0.6671875 0.5671875 0.6671875
1 0.56875 0.665625 0.5578125 0.665625 0.5578125 0.6765625 0.56875 0.6765625