0 0.725 0.3500000000000001 0.625 0.3500000000000001 0.625 0.5328125 0.725 0.5328125
0 0.628125 0.5359375 0.4140625 0.5359375 0.4140625 0.7078125 0.628125 0.7078125
0 0.625 0.553125 0.2656250000000001 0.553125 0.2656250000000001 0.590625 0.625 0.590625
0 0.625 0.5375 0.459375 0.5375 0.459375 0.584375 0.625 0.584375
0 0.4203125 0.5546875 0.2656250000000001 0.5546875 0.2656250000000001 0.5828125 0.4203125 0.5828125
0 0.33281250000000007 0.5984375 0.2578125000000001 0.5984375 0.2578125000000001 0.7078125 0.33281250000000007 0.7078125
0 0.18750000000000008 0.596875 0.1218750000000001 0.596875 0.1218750000000001 0.7046875 0.18750000000000008 0.7046875
0 0.33906250000000004 0.3546875 0.3171875 0.3546875 0.31718750000000007 0.415625 0.3390625000000001 0.415625
0 0.3390625000000001 0.471875 0.3187500000000001 0.471875 0.3187500000000001 0.534375 0.3390625000000001 0.534375
0 0.7234375 0.3531250000000001 0.6265625 0.3531250000000001 0.6265625 0.415625 0.7234375 0.415625
0 0.721875 0.45625 0.625 0.45625 0.625 0.53125 0.721875 0.53125
0 0.846875 0.5953125000000001 0.765625 0.5953125000000001 0.765625 0.7234375000000002 0.846875 0.7234375000000002
0 0.9578125 0.6015625000000002 0.86875 0.6015625000000002 0.86875 0.7203125000000001 0.9578125 0.7203125000000001
0 0.95625 0.5281250000000002 0.94375 0.5281250000000002 0.94375 0.7343750000000002 0.95625 0.7343750000000002
0 0.7781250000000001 0.5281250000000002 0.765625 0.5281250000000002 0.7656250000000001 0.7265625000000002 0.7781250000000002 0.7265625000000002