0 0.4265625000000002 0.76875 0.3828125000000001 0.76875 0.3828125000000001 0.8234375 0.4265625000000002 0.8234375
0 0.6171875000000002 0.7953125 0.5703125000000002 0.7953125 0.5703125000000002 0.878125 0.6171875000000002 0.878125
0 0.5687500000000002 0.771875 0.5046875000000002 0.771875 0.5046875000000002 0.871875 0.5687500000000002 0.871875
0 0.4296875 0.56875 0.3812500000000001 0.56875 0.3812500000000001 0.634375 0.4296875 0.634375
0 0.6 0.39062500000000006 0.2078125000000001 0.390625 0.2078125000000001 0.5140625 0.6 0.5140625
0 0.38281250000000006 0.35781250000000003 0.2078125 0.3578125 0.20781250000000004 0.45625 0.3828125000000001 0.45625
0 0.6625 0.3906250000000001 0.5171875 0.3906250000000001 0.5171875 0.4609375 0.6625 0.4609375
0 0.5703125 0.37187500000000007 0.515625 0.37187500000000007 0.515625 0.453125 0.5703125 0.453125
0 0.6640625 0.3687500000000001 0.61875 0.3687500000000001 0.61875 0.453125 0.6640625 0.453125
0 0.675 0.2156250000000001 0.6265625 0.2156250000000001 0.6265625 0.3765625000000001 0.675 0.3765625000000001
0 0.5609375 0.2171875000000001 0.48125 0.2171875000000001 0.48125 0.2468750000000001 0.5609375 0.2468750000000001
0 0.4265625 0.3703125000000001 0.4015625 0.3703125000000001 0.4015625 0.4203125 0.4265625 0.4203125
0 0.4265625 0.15937500000000004 0.3859375 0.15937500000000004 0.3859375 0.22031250000000008 0.4265625 0.22031250000000008
0 0.2078125 0.234375 0.14531250000000004 0.234375 0.14531250000000004 0.359375 0.2078125 0.359375
0 0.45 0.2593750000000001 0.4390625 0.2593750000000001 0.4390625 0.3312500000000001 0.45 0.3312500000000001
0 0.5609375 0.3437500000000001 0.48125 0.3437500000000001 0.48125 0.3734375000000001 0.5609375 0.3734375000000001
0 0.94375 0.3921875000000001 0.790625 0.3921875000000001 0.790625 0.5171875000000001 0.94375 0.5171875000000001
0 0.90625 0.3921875000000001 0.8328125 0.3921875000000001 0.8328125 0.4625000000000002 0.90625 0.4625000000000002
0 0.8140625 0.3343750000000001 0.80625 0.3343750000000001 0.80625 0.5109375000000002 0.8140625 0.5109375000000002
0 0.940625 0.3234375000000001 0.934375 0.3234375000000001 0.934375 0.5171875000000001 0.940625 0.5171875000000001
0 0.9015625 0.5625000000000002 0.8375 0.5625000000000002 0.8375 0.6015625000000002 0.9015625 0.6015625000000002