1 0.4390625 0.478125 0.428125 0.478125 0.428125 0.503125 0.4390625 0.503125
0 0.43125 0.5703125 0.3890625000000001 0.5703125 0.3890625000000001 0.6109375 0.43125 0.6109375
0 0.3062500000000001 0.534375 0.2578125000000001 0.534375 0.2578125000000001 0.578125 0.3062500000000001 0.578125
0 0.2687500000000001 0.596875 0.2578125000000001 0.596875 0.2578125000000001 0.690625 0.2687500000000001 0.690625
0 0.4234375 0.678125 0.3234375000000001 0.678125 0.3234375000000001 0.7125 0.4234375 0.7125
0 0.4218750000000001 0.7078125 0.30156250000000007 0.7078125 0.30156250000000007 0.7375 0.42187500000000017 0.7375
0 0.3046875000000001 0.70625 0.2718750000000001 0.70625 0.2718750000000001 0.7375 0.3046875000000001 0.7375
0 0.3312500000000001 0.5828125 0.3078125000000001 0.5828125 0.3078125000000001 0.6078125 0.3312500000000001 0.6078125
0 0.5265625 0.4 0.4140625 0.4 0.4140625 0.43125 0.5265625 0.43125
0 0.43125 0.2515625000000001 0.384375 0.2515625000000001 0.384375 0.30156250000000007 0.43125 0.30156250000000007
0 0.3703125 0.30156250000000007 0.3140625 0.3015625 0.3140625 0.35781250000000003 0.3703125 0.3578125000000001
1 0.3140625000000001 0.515625 0.3062500000000001 0.515625 0.3062500000000001 0.53125 0.3140625000000001 0.53125
1 0.3187500000000001 0.515625 0.3125000000000001 0.515625 0.3125000000000001 0.5328125 0.3187500000000001 0.5328125
1 0.2578125000000001 0.6375 0.2484375000000001 0.6375 0.2484375000000001 0.653125 0.2578125000000001 0.653125
1 0.2609375000000001 0.6328125 0.2531250000000001 0.6328125 0.2531250000000001 0.640625 0.2609375000000001 0.640625
1 0.32500000000000007 0.5765625 0.3203125000000001 0.5765625 0.3203125000000001 0.584375 0.32500000000000007 0.584375
2 0.3234375000000001 0.515625 0.31718750000000007 0.515625 0.31718750000000007 0.525 0.3234375000000001 0.525
0 0.5296875 0.578125 0.5109375 0.578125 0.5109375 0.7140625 0.5296875 0.7140625
0 0.5125000000000001 0.7109375 0.4328125 0.7109375 0.4328125000000001 0.7390625 0.5125000000000002 0.7390625
1 0.4359375 0.5625 0.43125 0.5625 0.43125 0.575 0.4359375 0.575
1 0.44375 0.5625 0.4390625 0.5625 0.4390625 0.571875 0.44375 0.571875
1 0.45 0.559375 0.446875 0.559375 0.446875 0.571875 0.45 0.571875
1 0.459375 0.5578125 0.453125 0.5578125 0.453125 0.5734375 0.459375 0.5734375
2 0.4640625 0.5578125 0.459375 0.5578125 0.459375 0.56875 0.4640625 0.56875
0 0.43125 0.6078125 0.41875 0.6078125 0.41875 0.6796875 0.43125 0.6796875
1 0.32500000000000007 0.621875 0.3203125000000001 0.621875 0.3203125000000001 0.6359375 0.32500000000000007 0.6359375
1 0.33281250000000007 0.6234375 0.32500000000000007 0.6234375 0.32500000000000007 0.6359375 0.33281250000000007 0.6359375
1 0.2687500000000001 0.690625 0.2562500000000001 0.690625 0.2562500000000001 0.7015625 0.2687500000000001 0.7015625
1 0.3750000000000001 0.68125 0.3671875000000001 0.68125 0.3671875000000001 0.7 0.3750000000000001 0.7
1 0.3578125000000001 0.7078125 0.3531250000000001 0.7078125 0.3531250000000001 0.728125 0.3578125000000001 0.728125
1 0.2953125000000001 0.5625 0.2890625000000001 0.5625 0.2890625000000001 0.5765625 0.2953125000000001 0.5765625
1 0.3109375000000001 0.6171875 0.3062500000000001 0.6171875 0.3062500000000001 0.628125 0.3109375000000001 0.628125
1 0.2921875000000001 0.715625 0.28593750000000007 0.715625 0.28593750000000007 0.7265625 0.2921875000000001 0.7265625
1 0.3000000000000001 0.6875 0.29375000000000007 0.6875 0.29375000000000007 0.7015625 0.3000000000000001 0.7015625
1 0.37968750000000007 0.6890625 0.3734375000000001 0.6890625 0.3734375000000001 0.7 0.37968750000000007 0.7
1 0.4750000000000001 0.7140625 0.4671875 0.7140625 0.4671875000000001 0.728125 0.4750000000000002 0.728125
1 0.525 0.634375 0.5125 0.634375 0.5125 0.65625 0.525 0.65625
1 0.428125 0.6375 0.41875 0.6375 0.41875 0.65 0.428125 0.65
0 0.646875 0.66875 0.6078125 0.66875 0.6078125 0.690625 0.646875 0.690625
0 0.7125 0.5171875 0.6234375 0.5171875 0.6234375 0.5453125 0.7125 0.5453125
0 0.7390625 0.5000000000000001 0.6875 0.5 0.6875 0.5250000000000001 0.7390625 0.5250000000000001
1 0.646875 0.6609375 0.6390625 0.6609375 0.6390625 0.6796875 0.646875 0.6796875
1 0.7296875 0.6796875000000001 0.7203125 0.6796875 0.7203125 0.7015625000000001 0.7296875 0.7015625000000002
1 0.815625 0.5921875000000002 0.8046875 0.5921875000000002 0.8046875 0.6078125000000002 0.815625 0.6078125000000002
1 0.7859375 0.5656250000000002 0.778125 0.5656250000000002 0.778125 0.5812500000000002 0.7859375 0.5812500000000002
0 0.825 0.5921875000000002 0.8078125 0.5921875000000002 0.8078125 0.6281250000000002 0.825 0.6281250000000002
0 0.8265625 0.6328125000000002 0.809375 0.6328125000000002 0.809375 0.6562500000000002 0.8265625 0.6562500000000002
0 0.8046875 0.3703125000000001 0.759375 0.3703125000000001 0.759375 0.40156250000000016 0.8046875 0.40156250000000016
0 0.825 0.2953125000000001 0.80625 0.2953125000000001 0.80625 0.3734375000000001 0.825 0.3734375000000001
0 0.7375 0.30937500000000007 0.721875 0.30937500000000007 0.721875 0.3531250000000001 0.7375 0.3531250000000001
0 0.7375 0.3000000000000001 0.68125 0.3000000000000001 0.68125 0.3109375000000001 0.7375 0.3109375000000001
0 0.721875 0.3687500000000001 0.6234375 0.3687500000000001 0.6234375 0.4015625 0.721875 0.4015625
0 0.7234375 0.3531250000000001 0.6546875 0.3531250000000001 0.6546875 0.3812500000000001 0.7234375 0.3812500000000001
0 0.6296875 0.3687500000000001 0.603125 0.3687500000000001 0.603125 0.3968750000000001 0.6296875 0.3968750000000001
0 0.603125 0.3046875000000001 0.5875 0.3046875000000001 0.5875 0.3578125000000001 0.603125 0.3578125000000001
0 0.63125 0.2515625000000001 0.590625 0.2515625000000001 0.590625 0.2953125000000001 0.63125 0.2953125000000001
0 0.6484375 0.28593750000000007 0.628125 0.28593750000000007 0.628125 0.3109375000000001 0.6484375 0.3109375000000001
1 0.7828125 0.41718750000000016 0.7765625 0.41718750000000016 0.7765625 0.4312500000000002 0.7828125 0.4312500000000002
1 0.6671875 0.515625 0.6625 0.515625 0.6625 0.5359375 0.6671875 0.5359375
1 0.6734375 0.5265625 0.665625 0.5265625 0.665625 0.534375 0.6734375 0.534375
1 0.734375 0.5015625000000001 0.725 0.5015625 0.725 0.5171875000000001 0.734375 0.5171875000000001
1 0.7390625 0.5062500000000002 0.73125 0.5062500000000002 0.73125 0.5171875000000001 0.7390625 0.5171875000000001
1 0.81875 0.3265625000000001 0.8078125 0.3265625000000001 0.8078125 0.3375000000000001 0.81875 0.3375000000000001
1 0.7875 0.3734375000000001 0.778125 0.3734375000000001 0.778125 0.3906250000000001 0.7875 0.3906250000000001
1 0.6671875 0.4078125 0.659375 0.4078125 0.659375 0.421875 0.6671875 0.421875
1 0.675 0.4078125 0.66875 0.4078125 0.66875 0.4203125 0.675 0.4203125
1 0.68125 0.409375 0.671875 0.409375 0.671875 0.4234375 0.68125 0.4234375
1 0.690625 0.4078125 0.68125 0.4078125 0.68125 0.4234375 0.690625 0.4234375
1 0.6265625 0.4109375 0.61875 0.4109375 0.61875 0.425 0.6265625 0.425
1 0.6375 0.4078125 0.628125 0.4078125 0.628125 0.4234375 0.6375 0.4234375
1 0.64375 0.409375 0.6359375 0.409375 0.6359375 0.421875 0.64375 0.421875
1 0.65 0.4109375 0.64375 0.4109375 0.64375 0.425 0.65 0.425
1 0.7328125 0.3234375000000001 0.721875 0.3234375000000001 0.721875 0.3375000000000001 0.7328125 0.3375000000000001
1 0.6484375 0.2750000000000001 0.640625 0.2750000000000001 0.640625 0.2890625000000001 0.6484375 0.2890625000000001
1 0.61875 0.2406250000000001 0.6109375 0.2406250000000001 0.6109375 0.2562500000000001 0.61875 0.2562500000000001
1 0.590625 0.32500000000000007 0.578125 0.32500000000000007 0.578125 0.3390625000000001 0.590625 0.3390625000000001
1 0.7015625 0.2828125000000001 0.6921875 0.2828125000000001 0.6921875 0.30156250000000007 0.7015625 0.30156250000000007
1 0.70625 0.2843750000000001 0.6984375 0.2843750000000001 0.6984375 0.3000000000000001 0.70625 0.3000000000000001
1 0.6859375 0.28593750000000007 0.678125 0.28593750000000007 0.678125 0.30156250000000007 0.6859375 0.30156250000000007
1 0.6890625 0.3515625000000001 0.6828125 0.3515625000000001 0.6828125 0.3671875000000001 0.6890625 0.3671875000000001
1 0.784375 0.2515625000000001 0.778125 0.2515625000000001 0.778125 0.2671875000000001 0.784375 0.2671875000000001
1 0.6765625 0.3734375000000001 0.665625 0.3734375000000001 0.665625 0.3890625000000001 0.6765625 0.3890625000000001
1 0.6203125 0.3750000000000001 0.6125 0.3750000000000001 0.6125 0.3890625000000001 0.6203125 0.3890625000000001