0 0.25625000000000003 0.303125 0.2046875 0.303125 0.20468750000000005 0.3703125 0.2562500000000001 0.3703125
0 0.3062500000000001 0.3765625 0.2656250000000001 0.3765625 0.2656250000000001 0.4203125 0.3062500000000001 0.4203125
0 0.540625 0.6 0.2593750000000001 0.6 0.2593750000000001 0.659375 0.540625 0.659375
0 0.5421875 0.5484375 0.4125 0.5484375 0.4125 0.60625 0.5421875 0.60625
0 0.5875 0.421875 0.540625 0.421875 0.540625 0.5578125 0.5875 0.5578125
0 0.26250000000000007 0.5984375 0.2156250000000001 0.5984375 0.2156250000000001 0.659375 0.26250000000000007 0.659375
1 0.2453125000000001 0.609375 0.23437500000000008 0.609375 0.23437500000000008 0.6328125 0.2453125000000001 0.6328125
1 0.3968750000000001 0.6109375 0.3890625000000001 0.6109375 0.3890625000000001 0.6328125 0.3968750000000001 0.6328125
1 0.48125 0.5671875 0.46875 0.5671875 0.46875 0.5890625 0.48125 0.5890625
1 0.303125 0.2984375 0.2953125 0.2984375 0.2953125 0.3203125 0.303125 0.3203125
2 0.3109375 0.3 0.3046875 0.3 0.3046875 0.3109375 0.3109375 0.3109375
1 0.2953125 0.3 0.2875 0.3 0.2875 0.31875 0.2953125 0.31875
1 0.2640625 0.3 0.2546875 0.3 0.2546875 0.3171875 0.2640625 0.3171875
1 0.2734375 0.296875 0.2640625 0.296875 0.2640625 0.31875 0.2734375 0.31875
1 0.30781250000000004 0.353125 0.3 0.353125 0.30000000000000004 0.371875 0.3078125000000001 0.371875
1 0.5734375 0.478125 0.5609375 0.478125 0.5609375 0.4953125 0.5734375 0.4953125
0 0.7171875 0.3765625000000001 0.6640625 0.3765625000000001 0.6640625 0.60625 0.7171875 0.60625
1 0.6765625 0.4765625 0.6640625 0.4765625 0.6640625 0.4921875 0.6765625 0.4921875
0 0.8515625 0.6000000000000001 0.7140625 0.6 0.7140625 0.6875000000000001 0.8515625 0.6875000000000002
1 0.796875 0.6406250000000002 0.784375 0.6406250000000002 0.784375 0.6640625000000002 0.796875 0.6640625000000002