0 0.471875 0.5484375 0.3140625000000001 0.5484375 0.3140625000000001 0.5578125 0.471875 0.5578125
0 0.3140625000000001 0.7859375 0.2828125000000001 0.7859375 0.2828125000000001 0.7953125 0.3140625000000001 0.7953125
0 0.50625 0.53125 0.45625 0.53125 0.45625 0.54375 0.50625 0.54375
0 0.6296875000000001 0.659375 0.621875 0.659375 0.6218750000000001 0.728125 0.6296875000000002 0.728125
0 0.7078125000000002 0.75 0.6703125000000002 0.75 0.6703125000000002 0.7640625 0.7078125000000002 0.7640625
1 0.4015625 0.53125 0.38750000000000007 0.53125 0.38750000000000007 0.55 0.4015625 0.55
1 0.3281250000000001 0.73125 0.3203125000000001 0.73125 0.3203125000000001 0.753125 0.3281250000000001 0.753125
1 0.2812500000000001 0.859375 0.2687500000000001 0.859375 0.2687500000000001 0.884375 0.2812500000000001 0.884375
1 0.3062500000000001 0.8625 0.28593750000000007 0.8625 0.28593750000000007 0.890625 0.3062500000000001 0.890625
1 0.3515625 0.26875 0.3109375 0.26875 0.3109375 0.2921875 0.3515625 0.2921875
0 0.4875 0.24218750000000006 0.3140625 0.2421875 0.3140625 0.2515625 0.4875 0.2515625000000001
0 0.26875 0.06875000000000002 0.2609375 0.06875000000000002 0.2609375 0.13906250000000003 0.26875 0.13906250000000003
0 0.740625 0.2062500000000001 0.6640625 0.2062500000000001 0.6640625 0.2140625000000001 0.740625 0.2140625000000001
0 0.7421875 0.17968750000000008 0.7046875 0.17968750000000008 0.7046875 0.18906250000000008 0.7421875 0.18906250000000008
0 0.7046875 0.17968750000000008 0.6890625 0.17968750000000008 0.6890625 0.1906250000000001 0.7046875 0.1906250000000001
0 0.7796875 0.05312500000000009 0.7703125 0.05312500000000009 0.7703125 0.1515625000000001 0.7796875 0.1515625000000001
0 0.609375 0.19375000000000006 0.54375 0.19375000000000003 0.54375 0.20468750000000008 0.609375 0.20468750000000008
0 0.4875 0.2078125000000001 0.375 0.2078125000000001 0.375 0.2171875000000001 0.4875 0.2171875000000001
0 0.521875 0.07031250000000007 0.5171875 0.07031250000000007 0.5171875 0.13906250000000003 0.521875 0.13906250000000003
0 0.64375 0.045312500000000075 0.6375 0.045312500000000075 0.6375 0.15625000000000008 0.64375 0.15625000000000008
0 0.2828125 0.24375 0.265625 0.24375 0.265625 0.2515625 0.2828125 0.2515625
0 0.321875 0.0031250000000000353 0.2625 0.003125000000000032 0.2625 0.048437500000000036 0.321875 0.04843750000000004
1 0.50625 0.015625000000000062 0.490625 0.015625000000000062 0.490625 0.05937500000000007 0.50625 0.05937500000000007
0 0.51875 0.015625000000000062 0.50625 0.015625000000000062 0.50625 0.042187500000000065 0.51875 0.042187500000000065
2 0.3109375 0.271875 0.3015625 0.271875 0.3015625 0.2875 0.3109375 0.2875