0 0.5515625000000001 0.725 0.29375000000000007 0.725 0.29375000000000007 0.7375 0.5515625000000002 0.7375
0 0.2906250000000001 0.7234375 0.24375000000000008 0.7234375 0.24375000000000008 0.740625 0.2906250000000001 0.740625
0 0.21093750000000008 0.428125 0.19375000000000003 0.428125 0.19375000000000006 0.56875 0.21093750000000008 0.56875
0 0.6515625 0.440625 0.6390625 0.440625 0.6390625 0.5546875 0.6515625 0.5546875
0 0.803125 0.6546875000000001 0.6890625 0.6546875 0.6890625 0.6687500000000001 0.803125 0.6687500000000002
0 0.8640625 0.40156250000000016 0.85 0.40156250000000016 0.85 0.5968750000000002 0.8640625 0.5968750000000002
0 0.546875 0.621875 0.35625000000000007 0.621875 0.35625000000000007 0.65 0.546875 0.65
1 0.3015625 0.2953125 0.2734375 0.2953125 0.2734375 0.3328125 0.3015625 0.3328125
1 0.425 0.38906250000000003 0.3359375000000001 0.3890625 0.3359375000000001 0.43125 0.425 0.43125
2 0.3343750000000001 0.6453125 0.2921875000000001 0.6453125 0.2921875000000001 0.703125 0.3343750000000001 0.703125
1 0.4109375 0.6546875 0.3375000000000001 0.6546875 0.3375000000000001 0.6953125 0.4109375 0.6953125
1 0.8046875 0.2796875000000001 0.69375 0.2796875000000001 0.69375 0.33281250000000007 0.8046875 0.33281250000000007
1 0.659375 0.3921875000000001 0.584375 0.3921875000000001 0.584375 0.43125 0.659375 0.43125
2 0.8546875 0.2750000000000001 0.8203125 0.2750000000000001 0.8203125 0.3281250000000001 0.8546875 0.3281250000000001
2 0.32500000000000007 0.34375 0.2921875 0.34375 0.29218750000000004 0.4296875 0.32500000000000007 0.4296875
2 0.3484375 0.315625 0.3203125 0.315625 0.3203125 0.353125 0.3484375 0.353125
2 0.5984375 0.3734375000000001 0.5484375 0.3734375000000001 0.5484375 0.4359375 0.5984375 0.4359375
2 0.27968750000000003 0.3515625 0.209375 0.3515625 0.20937500000000003 0.390625 0.2796875000000001 0.390625
2 0.3437500000000001 0.3828125 0.3062500000000001 0.3828125 0.3062500000000001 0.4296875 0.3437500000000001 0.4296875