0 0.4984375 0.17343750000000005 0.415625 0.17343750000000005 0.415625 0.49375 0.4984375 0.49375
0 0.4703125 0.17500000000000004 0.4171875 0.17500000000000004 0.4171875 0.3656250000000001 0.4703125 0.3656250000000001
0 0.43125 0.2078125000000001 0.415625 0.2078125000000001 0.415625 0.3312500000000001 0.43125 0.3312500000000001
0 0.396875 0.059375000000000046 0.353125 0.059375000000000046 0.353125 0.21093750000000006 0.396875 0.21093750000000008
0 0.396875 0.06250000000000004 0.378125 0.06250000000000004 0.378125 0.22031250000000008 0.396875 0.22031250000000008
0 0.353125 0.11875000000000005 0.290625 0.11875000000000005 0.290625 0.17343750000000005 0.353125 0.17343750000000005
0 0.346875 0.15156250000000004 0.2953125 0.15156250000000004 0.2953125 0.17343750000000005 0.346875 0.17343750000000005
0 0.2921875 0.13593750000000004 0.1953125 0.13593750000000004 0.1953125 0.17812500000000003 0.2921875 0.17812500000000003
0 0.2546875 0.12968750000000004 0.1953125 0.12968750000000004 0.19531250000000003 0.284375 0.2546875 0.284375
0 0.2625 0.13281250000000006 0.1953125 0.13281250000000006 0.19531250000000003 0.2765625 0.2625 0.2765625
0 0.2625 0.2109375 0.19062500000000004 0.2109375 0.19062500000000004 0.2328125 0.2625 0.2328125
0 0.22656250000000008 0.4828125 0.19375000000000003 0.4828125 0.19375000000000006 0.55 0.22656250000000008 0.55
0 0.3812500000000001 0.5453125 0.2562500000000001 0.5453125 0.2562500000000001 0.5890625 0.3812500000000001 0.5890625
0 0.2250000000000001 0.4265625 0.18906250000000005 0.4265625 0.18906250000000005 0.490625 0.2250000000000001 0.490625
0 0.22343750000000004 0.2875 0.19687500000000005 0.2875 0.19687500000000005 0.4328125 0.2234375000000001 0.4328125
0 0.34843750000000007 0.40625 0.2953125000000001 0.40625 0.2953125000000001 0.41875 0.34843750000000007 0.41875
0 0.4562500000000001 0.6640625 0.421875 0.6640625 0.4218750000000001 0.884375 0.45625000000000016 0.884375
0 0.2140625000000001 0.6796875 0.18906250000000008 0.6796875 0.18906250000000008 0.878125 0.2140625000000001 0.878125
2 0.3062500000000001 0.3890625 0.2968750000000001 0.3890625 0.2968750000000001 0.40625 0.3062500000000001 0.40625
1 0.3359375000000001 0.390625 0.3281250000000001 0.390625 0.3281250000000001 0.4125 0.3359375000000001 0.4125
1 0.3234375000000001 0.3890625 0.3140625000000001 0.3890625 0.3140625000000001 0.4078125 0.3234375000000001 0.4078125
1 0.3140625000000001 0.3890625 0.3062500000000001 0.3890625 0.3062500000000001 0.4078125 0.3140625000000001 0.4078125
1 0.19843750000000004 0.34375 0.18593750000000003 0.34375 0.18593750000000003 0.3609375 0.19843750000000004 0.3609375
1 0.19687500000000005 0.3609375 0.18437500000000004 0.3609375 0.18437500000000004 0.3734375 0.19687500000000005 0.3734375
1 0.19843750000000004 0.4453125 0.18593750000000003 0.4453125 0.18593750000000003 0.4609375 0.19843750000000004 0.4609375
1 0.19843750000000004 0.4578125 0.18437500000000004 0.4578125 0.18437500000000004 0.4671875 0.19843750000000004 0.4671875
1 0.19531250000000006 0.490625 0.18125000000000005 0.490625 0.18125000000000005 0.509375 0.19531250000000006 0.509375
1 0.19375000000000003 0.521875 0.17968750000000006 0.521875 0.17968750000000006 0.5375 0.19375000000000003 0.5375
1 0.19375000000000003 0.5109375 0.18125000000000005 0.5109375 0.18125000000000005 0.525 0.19375000000000003 0.525
1 0.19531250000000006 0.25625 0.18281250000000004 0.25625 0.18281250000000004 0.26875 0.19531250000000006 0.26875
1 0.19531250000000006 0.2421875 0.18437500000000004 0.2421875 0.18437500000000004 0.2546875 0.19531250000000006 0.2546875
1 0.19843750000000002 0.17343750000000005 0.1828125 0.17343750000000005 0.18281250000000002 0.19062500000000004 0.19843750000000004 0.19062500000000004
1 0.19687500000000005 0.2 0.18281250000000004 0.2 0.18281250000000004 0.2109375 0.19687500000000005 0.2109375
1 0.19687500000000005 0.19375000000000003 0.18281250000000004 0.19375000000000003 0.18281250000000004 0.2015625 0.19687500000000005 0.2015625
2 0.1937500000000001 0.7890625 0.1781250000000001 0.7890625 0.1781250000000001 0.80625 0.1937500000000001 0.80625
1 0.1937500000000001 0.7453125 0.1781250000000001 0.7453125 0.1781250000000001 0.7625 0.1937500000000001 0.7625
1 0.1937500000000001 0.765625 0.1781250000000001 0.765625 0.1781250000000001 0.7796875 0.1937500000000001 0.7796875
1 0.1937500000000001 0.7765625 0.17968750000000008 0.7765625 0.17968750000000008 0.7875 0.1937500000000001 0.7875
1 0.4500000000000002 0.7734375 0.43750000000000017 0.7734375 0.43750000000000017 0.7875 0.4500000000000002 0.7875
1 0.4500000000000002 0.7609375 0.4390625000000002 0.7609375 0.4390625000000002 0.7734375 0.4500000000000002 0.7734375
1 0.3296875000000001 0.5640625 0.3203125000000001 0.5640625 0.3203125000000001 0.5828125 0.3296875000000001 0.5828125
1 0.3187500000000001 0.5609375 0.3078125000000001 0.5609375 0.3078125000000001 0.5828125 0.3187500000000001 0.5828125
0 0.340625 0.21875 0.325 0.21875 0.325 0.2765625 0.340625 0.2765625
0 0.7390625 0.2218750000000001 0.725 0.2218750000000001 0.725 0.27812500000000007 0.7390625 0.27812500000000007
1 0.2328125 0.2171875 0.21875 0.2171875 0.21875 0.225 0.2328125 0.225
1 0.234375 0.2265625 0.221875 0.2265625 0.221875 0.2359375 0.234375 0.2359375
1 0.334375 0.2328125 0.31875 0.2328125 0.31875 0.2484375 0.334375 0.2484375
1 0.3328125 0.2484375 0.321875 0.2484375 0.321875 0.2578125 0.3328125 0.2578125
1 0.3140625 0.13125000000000003 0.3046875 0.13125000000000003 0.3046875 0.15156250000000004 0.3140625 0.15156250000000004
1 0.3234375 0.13125000000000003 0.3140625 0.13125000000000003 0.3140625 0.15156250000000004 0.3234375 0.15156250000000004
1 0.3359375 0.12968750000000004 0.3265625 0.12968750000000004 0.3265625 0.15156250000000004 0.3359375 0.15156250000000004
1 0.421875 0.2312500000000001 0.4109375 0.2312500000000001 0.4109375 0.2468750000000001 0.421875 0.2468750000000001
1 0.4234375 0.21250000000000008 0.4109375 0.21250000000000008 0.4109375 0.22812500000000008 0.4234375 0.22812500000000008
1 0.4640625 0.27031250000000007 0.45 0.27031250000000007 0.45 0.2828125000000001 0.4640625 0.2828125000000001
1 0.4640625 0.25468750000000007 0.4515625 0.25468750000000007 0.4515625 0.27031250000000007 0.4640625 0.27031250000000007
1 0.4921875 0.3296875000000001 0.4796875 0.3296875000000001 0.4796875 0.3437500000000001 0.4921875 0.3437500000000001
1 0.49375 0.31718750000000007 0.48125 0.31718750000000007 0.48125 0.3312500000000001 0.49375 0.3312500000000001
1 0.3265625 0.10312500000000005 0.3171875 0.10312500000000005 0.3171875 0.12187500000000004 0.3265625 0.12187500000000004
1 0.334375 0.10312500000000005 0.3265625 0.10312500000000005 0.3265625 0.12187500000000004 0.334375 0.12187500000000004
1 0.39375 0.08593750000000004 0.3765625 0.08593750000000004 0.3765625 0.10156250000000004 0.39375 0.10156250000000004
1 0.3890625 0.07187500000000005 0.375 0.07187500000000005 0.375 0.08281250000000004 0.3890625 0.08281250000000004
1 0.3890625 0.12656250000000005 0.3734375 0.12656250000000005 0.3734375 0.14062500000000006 0.3890625 0.14062500000000006
1 0.3890625 0.11093750000000005 0.375 0.11093750000000005 0.375 0.12343750000000005 0.3890625 0.12343750000000005
1 0.7328125 0.23437500000000008 0.7203125 0.23437500000000008 0.7203125 0.2500000000000001 0.7328125 0.2500000000000001
1 0.73125 0.2468750000000001 0.71875 0.2468750000000001 0.71875 0.2640625000000001 0.73125 0.2640625000000001