0 0.4109375 0.475 0.3906250000000001 0.475 0.3906250000000001 0.571875 0.4109375 0.571875
0 0.409375 0.590625 0.3890625000000001 0.590625 0.3890625000000001 0.6265625 0.409375 0.6265625
0 0.5921875000000001 0.7046875 0.4296875 0.7046875 0.4296875000000001 0.81875 0.5921875000000002 0.81875
0 0.5421875 0.703125 0.4453125 0.703125 0.4453125000000001 0.7640625 0.5421875000000002 0.7640625
0 0.7265625 0.3234375000000001 0.621875 0.3234375000000001 0.621875 0.6718750000000001 0.7265625 0.6718750000000002
0 0.6875 0.3265625000000001 0.621875 0.3265625000000001 0.621875 0.6140625 0.6875 0.6140625
0 0.6578125 0.4671875 0.6171875 0.4671875 0.6171875 0.603125 0.6578125 0.603125
1 0.3890625000000001 0.3765625000000001 0.37968750000000007 0.3765625000000001 0.37968750000000007 0.40625 0.3890625000000001 0.40625
1 0.4015625 0.37968750000000007 0.3890625000000001 0.37968750000000007 0.3890625000000001 0.40625 0.4015625 0.40625
1 0.3890625000000001 0.5015625 0.37187500000000007 0.5015625 0.37187500000000007 0.515625 0.3890625000000001 0.515625
1 0.3906250000000001 0.484375 0.37187500000000007 0.484375 0.37187500000000007 0.503125 0.3906250000000001 0.503125
1 0.5046875000000002 0.7703125 0.49531250000000016 0.7703125 0.49531250000000016 0.7984375 0.5046875000000002 0.7984375
1 0.5281250000000002 0.7734375 0.5156250000000002 0.7734375 0.5156250000000002 0.796875 0.5281250000000002 0.796875
1 0.5156250000000002 0.771875 0.5031250000000002 0.771875 0.5031250000000002 0.8 0.5156250000000002 0.8
1 0.4906250000000001 0.715625 0.478125 0.715625 0.4781250000000001 0.74375 0.4906250000000002 0.74375
1 0.5000000000000001 0.7171875 0.4890625 0.7171875 0.48906250000000007 0.74375 0.5000000000000002 0.74375
1 0.4296875 0.2062500000000001 0.4234375 0.2062500000000001 0.4234375 0.2312500000000001 0.4296875 0.2312500000000001
1 0.6765625 0.459375 0.65625 0.459375 0.65625 0.478125 0.6765625 0.478125
1 0.6734375 0.4453125 0.65625 0.4453125 0.65625 0.4625 0.6734375 0.4625
1 0.6765625 0.43125 0.6546875 0.43125 0.6546875 0.446875 0.6765625 0.446875
1 0.6421875 0.490625 0.6234375 0.490625 0.6234375 0.5046875 0.6421875 0.5046875
1 0.6421875 0.471875 0.625 0.471875 0.625 0.4921875 0.6421875 0.4921875
1 0.7125 0.46875 0.69375 0.46875 0.69375 0.4921875 0.7125 0.4921875
1 0.7125 0.5015625 0.6921875 0.5015625 0.6921875 0.5171875 0.7125 0.5171875
1 0.7125 0.4875 0.69375 0.4875 0.69375 0.5046875 0.7125 0.5046875