0 0.4 0.08906250000000004 0.3890625 0.08906250000000004 0.3890625 0.3218750000000001 0.4 0.3218750000000001
0 0.4015625 0.3265625000000001 0.3890625 0.3265625000000001 0.38906250000000003 0.4984375 0.4015625 0.4984375
0 0.11562500000000006 0.325 0.10156250000000004 0.325 0.10156250000000007 0.5765625 0.11562500000000009 0.5765625
0 0.11250000000000004 0.2609375 0.10468750000000004 0.2609375 0.10468750000000004 0.31875 0.11250000000000004 0.31875
0 0.3015625 0.045312500000000026 0.225 0.04531250000000002 0.225 0.056250000000000036 0.3015625 0.05625000000000004
0 0.46875 0.046875000000000056 0.4578125 0.046875000000000056 0.4578125 0.14218750000000005 0.46875 0.14218750000000005
0 0.4671875 0.15625000000000006 0.459375 0.15625000000000006 0.459375 0.28593750000000007 0.4671875 0.28593750000000007
0 0.6203125 0.3265625000000001 0.5671875 0.3265625000000001 0.5671875 0.3343750000000001 0.6203125 0.3343750000000001
0 0.73125 0.10312500000000009 0.7265625 0.10312500000000009 0.7265625 0.2609375000000001 0.73125 0.2609375000000001
0 0.9265625 0.004687500000000109 0.8515625 0.004687500000000104 0.8515625 0.012500000000000108 0.9265625 0.012500000000000112
1 0.9421875 0.7390625000000002 0.9328125 0.7390625000000002 0.9328125 0.7671875000000001 0.9421875 0.7671875000000001
1 0.946875 0.7375000000000002 0.9390625 0.7375000000000002 0.9390625 0.7671875000000001 0.946875 0.7671875000000001
1 0.965625 0.7406250000000002 0.953125 0.7406250000000002 0.953125 0.7656250000000002 0.965625 0.7656250000000002
1 0.978125 0.7406250000000002 0.9640625 0.7406250000000002 0.9640625 0.7687500000000002 0.978125 0.7687500000000002
1 0.925 0.7375000000000002 0.9140625 0.7375000000000002 0.9140625 0.7671875000000001 0.925 0.7671875000000001
1 0.93125 0.7421875000000002 0.9234375 0.7421875000000002 0.9234375 0.7656250000000002 0.93125 0.7656250000000002
1 0.8703125 0.7968750000000002 0.8625 0.7968750000000002 0.8625 0.8171875 0.8703125 0.8171875
1 0.875 0.7968750000000002 0.86875 0.7968750000000002 0.86875 0.81875 0.875 0.81875
1 0.8828125 0.7968750000000002 0.8734375 0.7968750000000002 0.8734375 0.8234375 0.8828125 0.8234375
1 0.915625 0.7968750000000002 0.90625 0.7968750000000002 0.90625 0.821875 0.915625 0.821875
1 0.9234375 0.7953125000000002 0.9140625 0.7953125000000002 0.9140625 0.8203125 0.9234375 0.8203125
1 0.8921875 0.7968750000000002 0.884375 0.7968750000000002 0.884375 0.8203125 0.8921875 0.8203125
1 0.9015625 0.7984375000000001 0.89375 0.7984375000000001 0.89375 0.8203125 0.9015625 0.8203125
1 0.9109375 0.7703125000000002 0.9046875 0.7703125000000002 0.9046875 0.7968750000000002 0.9109375 0.7968750000000002
1 0.9171875 0.7687500000000002 0.9109375 0.7687500000000002 0.9109375 0.7921875000000002 0.9171875 0.7921875000000002
1 0.925 0.7703125000000002 0.9171875 0.7703125000000002 0.9171875 0.7968750000000002 0.925 0.7968750000000002
1 0.9421875 0.7687500000000002 0.934375 0.7687500000000002 0.934375 0.7921875000000002 0.9421875 0.7921875000000002
1 0.9515625 0.7703125000000002 0.940625 0.7703125000000002 0.940625 0.7968750000000002 0.9515625 0.7968750000000002
1 0.903125 0.7687500000000002 0.89375 0.7687500000000002 0.89375 0.7968750000000002 0.903125 0.7968750000000002
1 0.8625 0.7406250000000002 0.8546875 0.7406250000000002 0.8546875 0.7640625000000002 0.8625 0.7640625000000002
1 0.8734375 0.7390625000000002 0.8625 0.7390625000000002 0.8625 0.7640625000000002 0.8734375 0.7640625000000002
1 0.60625 0.6109375 0.5984375 0.6109375 0.5984375 0.6390625 0.60625 0.6390625
1 0.61875 0.6125 0.60625 0.6125 0.60625 0.6375 0.61875 0.6375
1 0.665625 0.6125 0.6609375 0.6125 0.6609375 0.6328125 0.665625 0.6328125
1 0.6734375 0.609375 0.665625 0.609375 0.665625 0.63125 0.6734375 0.63125
1 0.6828125 0.609375 0.675 0.609375 0.675 0.6359375 0.6828125 0.6359375
1 0.690625 0.609375 0.6828125 0.609375 0.6828125 0.634375 0.690625 0.634375
1 0.696875 0.609375 0.690625 0.609375 0.690625 0.6359375 0.696875 0.6359375
1 0.7125 0.609375 0.703125 0.609375 0.703125 0.6328125 0.7125 0.6328125
1 0.7234375 0.609375 0.7125 0.609375 0.7125 0.634375 0.7234375 0.634375