0 0.35625000000000007 0.4765625 0.2671875000000001 0.4765625 0.2671875000000001 0.525 0.35625000000000007 0.525
0 0.3546875000000001 0.4765625 0.30937500000000007 0.4765625 0.30937500000000007 0.525 0.3546875000000001 0.525
0 0.30937500000000007 0.4765625 0.2671875000000001 0.4765625 0.2671875000000001 0.5234375 0.30937500000000007 0.5234375
0 0.4296875 0.3781250000000001 0.3984375000000001 0.3781250000000001 0.3984375000000001 0.4671875 0.4296875 0.4671875
0 0.515625 0.3390625000000001 0.4671875 0.3390625000000001 0.4671875 0.3890625000000001 0.515625 0.3890625000000001
2 0.6609375 0.3593750000000001 0.6265625 0.3593750000000001 0.6265625 0.3937500000000001 0.6609375 0.3937500000000001
2 0.54375 0.3531250000000001 0.5109375 0.3531250000000001 0.5109375 0.3921875000000001 0.54375 0.3921875000000001
0 0.634375 0.478125 0.3937500000000001 0.478125 0.3937500000000001 0.6328125 0.634375 0.6328125
0 0.6328125 0.4765625 0.453125 0.4765625 0.453125 0.621875 0.6328125 0.621875
0 0.546875 0.4765625 0.4390625 0.4765625 0.4390625 0.58125 0.546875 0.58125
0 0.5359375 0.475 0.4390625 0.475 0.4390625 0.54375 0.5359375 0.54375
2 0.4859375 0.475 0.4640625 0.475 0.4640625 0.509375 0.4859375 0.509375
0 0.6625 0.3921875000000001 0.6328125 0.3921875000000001 0.6328125 0.4546875 0.6625 0.4546875
0 0.6359375 0.453125 0.5390625 0.453125 0.5390625 0.5796875 0.6359375 0.5796875
0 0.4578125 0.32500000000000007 0.4078125 0.32500000000000007 0.4078125 0.3625000000000001 0.4578125 0.3625000000000001
0 0.521875 0.30937500000000007 0.4359375 0.30937500000000007 0.4359375 0.33281250000000007 0.521875 0.33281250000000007
1 0.45625 0.29375000000000007 0.446875 0.29375000000000007 0.446875 0.3109375000000001 0.45625 0.3109375000000001
1 0.4640625 0.2953125000000001 0.4546875 0.2953125000000001 0.4546875 0.3109375000000001 0.4640625 0.3109375000000001
1 0.4921875 0.2921875000000001 0.48125 0.2921875000000001 0.48125 0.30937500000000007 0.4921875 0.30937500000000007
2 0.4703125 0.2921875000000001 0.4640625 0.2921875000000001 0.4640625 0.3000000000000001 0.4703125 0.3000000000000001
2 0.4796875 0.29375000000000007 0.4734375 0.29375000000000007 0.4734375 0.3062500000000001 0.4796875 0.3062500000000001
2 0.496875 0.2906250000000001 0.4921875 0.2906250000000001 0.4921875 0.3000000000000001 0.496875 0.3000000000000001
2 0.509375 0.2843750000000001 0.5 0.2843750000000001 0.5 0.29375000000000007 0.509375 0.29375000000000007
2 0.515625 0.2843750000000001 0.509375 0.2843750000000001 0.509375 0.29375000000000007 0.515625 0.29375000000000007
1 0.6421875 0.3593750000000001 0.6359375 0.3593750000000001 0.6359375 0.3750000000000001 0.6421875 0.3750000000000001
1 0.6515625 0.3578125000000001 0.6421875 0.3578125000000001 0.6421875 0.3734375000000001 0.6515625 0.3734375000000001
1 0.534375 0.3515625000000001 0.525 0.3515625000000001 0.525 0.3687500000000001 0.534375 0.3687500000000001
1 0.5234375 0.3531250000000001 0.515625 0.3531250000000001 0.515625 0.3687500000000001 0.5234375 0.3687500000000001
1 0.509375 0.3265625000000001 0.496875 0.3265625000000001 0.496875 0.34062500000000007 0.509375 0.34062500000000007
1 0.628125 0.35625000000000007 0.6203125 0.35625000000000007 0.6203125 0.3703125000000001 0.628125 0.3703125000000001
0 0.771875 0.48125000000000007 0.690625 0.48125 0.690625 0.5312500000000001 0.771875 0.5312500000000002
1 0.746875 0.4937500000000002 0.7375 0.4937500000000002 0.7375 0.5093750000000001 0.746875 0.5093750000000001
0 0.809375 0.3656250000000001 0.771875 0.3656250000000001 0.771875 0.48750000000000016 0.809375 0.48750000000000016
1 0.8 0.4125000000000002 0.7828125 0.4125000000000002 0.7828125 0.4343750000000002 0.8 0.4343750000000002
2 0.8390625 0.2296875000000001 0.8171875 0.2296875000000001 0.8171875 0.2593750000000001 0.8390625 0.2593750000000001
2 0.8171875 0.23593750000000008 0.8109375 0.23593750000000008 0.8109375 0.2656250000000001 0.8171875 0.2656250000000001
2 0.8421875 0.2390625000000001 0.834375 0.2390625000000001 0.834375 0.2656250000000001 0.8421875 0.2656250000000001
2 0.8109375 0.22031250000000008 0.778125 0.22031250000000008 0.778125 0.2609375000000001 0.8109375 0.2609375000000001
1 0.79375 0.21875000000000008 0.7875 0.21875000000000008 0.7875 0.23593750000000008 0.79375 0.23593750000000008
1 0.803125 0.2171875000000001 0.79375 0.2171875000000001 0.79375 0.23593750000000008 0.803125 0.23593750000000008
1 0.778125 0.2171875000000001 0.76875 0.2171875000000001 0.76875 0.23593750000000008 0.778125 0.23593750000000008
0 0.534375 0.3968750000000001 0.5234375 0.3968750000000001 0.5234375 0.4484375 0.534375 0.4484375
1 0.3703125000000001 0.71875 0.3656250000000001 0.71875 0.3656250000000001 0.7328125 0.3703125000000001 0.7328125
1 0.37187500000000007 0.740625 0.3656250000000001 0.740625 0.3656250000000001 0.75625 0.37187500000000007 0.75625
1 0.37187500000000007 0.765625 0.3656250000000001 0.765625 0.3656250000000001 0.78125 0.37187500000000007 0.78125
1 0.37187500000000007 0.790625 0.3656250000000001 0.790625 0.3656250000000001 0.8078125 0.37187500000000007 0.8078125
1 0.43437500000000007 0.7171875 0.4265625 0.7171875 0.42656250000000007 0.73125 0.4343750000000002 0.73125
1 0.42656250000000007 0.71875 0.4203125 0.71875 0.4203125000000001 0.73125 0.4265625000000002 0.73125
1 0.4343750000000002 0.740625 0.4265625000000002 0.740625 0.4265625000000002 0.7546875 0.4343750000000002 0.7546875
1 0.43281250000000016 0.7640625 0.4281250000000002 0.7640625 0.4281250000000002 0.778125 0.43281250000000016 0.778125
1 0.4359375000000002 0.790625 0.4281250000000002 0.790625 0.4281250000000002 0.8046875 0.4359375000000002 0.8046875
1 0.42968750000000017 0.790625 0.4234375000000002 0.790625 0.4234375000000002 0.8046875 0.42968750000000017 0.8046875
1 0.42968750000000017 0.7640625 0.4203125000000002 0.7640625 0.4203125000000002 0.778125 0.42968750000000017 0.778125
1 0.4265625000000002 0.740625 0.4203125000000002 0.740625 0.4203125000000002 0.75625 0.4265625000000002 0.75625
1 0.4140625000000001 0.7171875 0.40625 0.7171875 0.4062500000000001 0.7328125 0.41406250000000017 0.7328125
1 0.3984375000000001 0.71875 0.3937500000000001 0.71875 0.3937500000000001 0.7328125 0.3984375000000001 0.7328125
1 0.4046875000000001 0.71875 0.4 0.71875 0.4000000000000001 0.73125 0.4046875000000002 0.73125
1 0.3921875000000001 0.7203125 0.38750000000000007 0.7203125 0.38750000000000007 0.734375 0.3921875000000001 0.734375
1 0.3859375000000001 0.7171875 0.3765625000000001 0.7171875 0.3765625000000001 0.734375 0.3859375000000001 0.734375
1 0.3859375000000001 0.740625 0.3781250000000001 0.740625 0.3781250000000001 0.75625 0.3859375000000001 0.75625
1 0.3859375000000001 0.7640625 0.3781250000000001 0.7640625 0.3781250000000001 0.7796875 0.3859375000000001 0.7796875
1 0.38750000000000007 0.790625 0.37968750000000007 0.790625 0.37968750000000007 0.80625 0.38750000000000007 0.80625
1 0.3937500000000001 0.790625 0.3890625000000001 0.790625 0.3890625000000001 0.80625 0.3937500000000001 0.80625
1 0.40156250000000016 0.7921875 0.39531250000000007 0.7921875 0.39531250000000007 0.8078125 0.40156250000000016 0.8078125
1 0.4078125000000002 0.7921875 0.40156250000000016 0.7921875 0.40156250000000016 0.80625 0.4078125000000002 0.80625
1 0.4156250000000002 0.790625 0.4078125000000002 0.790625 0.4078125000000002 0.80625 0.4156250000000002 0.80625
1 0.3921875000000001 0.7640625 0.3859375000000001 0.7640625 0.3859375000000001 0.78125 0.3921875000000001 0.78125
1 0.3984375000000001 0.7640625 0.3921875000000001 0.7640625 0.3921875000000001 0.7796875 0.3984375000000001 0.7796875
1 0.4046875000000002 0.765625 0.3984375000000001 0.765625 0.3984375000000001 0.7796875 0.4046875000000002 0.7796875
1 0.4125000000000002 0.7640625 0.40625000000000017 0.7640625 0.40625000000000017 0.778125 0.4125000000000002 0.778125
1 0.3906250000000001 0.740625 0.38750000000000007 0.740625 0.38750000000000007 0.75625 0.3906250000000001 0.75625
1 0.3984375000000001 0.740625 0.3937500000000001 0.740625 0.3937500000000001 0.75625 0.3984375000000001 0.75625
1 0.4046875000000002 0.7421875 0.4000000000000002 0.7421875 0.4000000000000002 0.75625 0.4046875000000002 0.75625
1 0.41406250000000017 0.740625 0.40625000000000017 0.740625 0.40625000000000017 0.75625 0.41406250000000017 0.75625
1 0.5265625000000002 0.7296875 0.5171875000000001 0.7296875 0.5171875000000001 0.7453125 0.5265625000000002 0.7453125
1 0.5296875000000002 0.7640625 0.5203125000000002 0.7640625 0.5203125000000002 0.7796875 0.5296875000000002 0.7796875
1 0.5312500000000002 0.7921875 0.5234375000000002 0.7921875 0.5234375000000002 0.8078125 0.5312500000000002 0.8078125
1 0.5703125000000002 0.765625 0.5625000000000002 0.765625 0.5625000000000002 0.778125 0.5703125000000002 0.778125
1 0.5609375000000002 0.7640625 0.5546875000000002 0.7640625 0.5546875000000002 0.7796875 0.5609375000000002 0.7796875
1 0.5625000000000002 0.7921875 0.5578125000000002 0.7921875 0.5578125000000002 0.80625 0.5625000000000002 0.80625
1 0.5718750000000001 0.7921875 0.5640625000000001 0.7921875 0.5640625000000001 0.8078125 0.5718750000000001 0.8078125
1 0.5578125000000002 0.73125 0.5546875000000002 0.73125 0.5546875000000002 0.7453125 0.5578125000000002 0.7453125
1 0.5671875000000002 0.7296875 0.5593750000000002 0.7296875 0.5593750000000002 0.7453125 0.5671875000000002 0.7453125
1 0.6171875000000001 0.71875 0.6125 0.71875 0.6125 0.7328125 0.6171875000000002 0.7328125
1 0.6250000000000001 0.7171875 0.61875 0.7171875 0.6187500000000001 0.7328125 0.6250000000000002 0.7328125
1 0.6406250000000001 0.71875 0.6359375 0.71875 0.6359375 0.734375 0.6406250000000002 0.734375
1 0.6484375000000001 0.7171875 0.6421875 0.7171875 0.6421875000000001 0.734375 0.6484375000000002 0.734375
1 0.6640625000000001 0.71875 0.6578125 0.71875 0.6578125000000001 0.7328125 0.6640625000000002 0.7328125
1 0.6843750000000002 0.740625 0.6765625000000002 0.740625 0.6765625000000002 0.75625 0.6843750000000002 0.75625
1 0.6671875000000002 0.7421875 0.6609375000000002 0.7421875 0.6609375000000002 0.75625 0.6671875000000002 0.75625
1 0.6281250000000002 0.740625 0.6218750000000002 0.740625 0.6218750000000002 0.75625 0.6281250000000002 0.75625
1 0.6203125000000002 0.7421875 0.6156250000000002 0.7421875 0.6156250000000002 0.75625 0.6203125000000002 0.75625
1 0.6234375000000002 0.765625 0.6187500000000001 0.765625 0.6187500000000001 0.7796875 0.6234375000000002 0.7796875
1 0.6296875000000002 0.765625 0.6234375000000002 0.765625 0.6234375000000002 0.7796875 0.6296875000000002 0.7796875
1 0.6453125000000002 0.765625 0.6406250000000002 0.765625 0.6406250000000002 0.7796875 0.6453125000000002 0.7796875
1 0.6515625000000002 0.765625 0.6468750000000002 0.765625 0.6468750000000002 0.7796875 0.6515625000000002 0.7796875
1 0.6703125000000002 0.765625 0.6640625000000002 0.765625 0.6640625000000002 0.7796875 0.6703125000000002 0.7796875
1 0.6765625000000002 0.765625 0.6687500000000002 0.765625 0.6687500000000002 0.7796875 0.6765625000000002 0.7796875
1 0.6937500000000002 0.765625 0.6859375000000002 0.765625 0.6859375000000002 0.778125 0.6937500000000002 0.778125
1 0.6687500000000002 0.79375 0.6640625000000002 0.79375 0.6640625000000002 0.8078125 0.6687500000000002 0.8078125
1 0.6531250000000002 0.79375 0.6468750000000002 0.79375 0.6468750000000002 0.8078125 0.6531250000000002 0.8078125
1 0.6453125000000002 0.7921875 0.6406250000000002 0.7921875 0.6406250000000002 0.8078125 0.6453125000000002 0.8078125
1 0.784375 0.6328125000000002 0.778125 0.6328125000000002 0.778125 0.6468750000000002 0.784375 0.6468750000000002
1 0.5578125 0.578125 0.546875 0.578125 0.546875 0.6 0.5578125 0.6
1 0.596875 0.5390625 0.5828125 0.5390625 0.5828125 0.5625 0.596875 0.5625
1 0.4875 0.509375 0.4765625 0.509375 0.4765625 0.5296875 0.4875 0.5296875
1 0.4984375 0.5109375 0.4890625 0.5109375 0.4890625 0.525 0.4984375 0.525
1 0.5125 0.5203125 0.5046875 0.5203125 0.5046875 0.53125 0.5125 0.53125
1 0.5234375 0.5046875 0.515625 0.5046875 0.515625 0.5296875 0.5234375 0.5296875
1 0.5140625 0.50625 0.503125 0.50625 0.503125 0.51875 0.5140625 0.51875
1 0.5046875 0.5375 0.49375 0.5375 0.49375 0.559375 0.5046875 0.559375
1 0.4546875 0.5734375 0.440625 0.5734375 0.440625 0.5953125 0.4546875 0.5953125
1 0.4 0.4125 0.3859375000000001 0.4125 0.3859375000000001 0.43125 0.4 0.43125
1 0.525 0.4078125 0.5109375 0.4078125 0.5109375 0.4296875 0.525 0.4296875
1 0.6515625 0.409375 0.6375 0.409375 0.6375 0.43125 0.6515625 0.43125
1 0.8453125 0.17343750000000008 0.8375 0.17343750000000008 0.8375 0.18906250000000008 0.8453125 0.18906250000000008
1 0.7796875 0.16562500000000008 0.76875 0.16562500000000008 0.76875 0.18906250000000008 0.7796875 0.18906250000000008
1 0.7921875 0.16562500000000008 0.78125 0.16562500000000008 0.78125 0.1906250000000001 0.7921875 0.1906250000000001
1 0.7265625 0.16406250000000008 0.7140625 0.16406250000000008 0.7140625 0.18750000000000008 0.7265625 0.18750000000000008
1 0.7328125 0.16562500000000008 0.7265625 0.16562500000000008 0.7265625 0.1859375000000001 0.7328125 0.1859375000000001
1 0.7421875 0.1625000000000001 0.7359375 0.1625000000000001 0.7359375 0.18906250000000008 0.7421875 0.18906250000000008
1 0.7515625 0.16562500000000008 0.7453125 0.16562500000000008 0.7453125 0.18750000000000008 0.7515625 0.18750000000000008
1 0.7640625 0.16562500000000008 0.7546875 0.16562500000000008 0.7546875 0.18906250000000008 0.7640625 0.18906250000000008
1 0.709375 0.1625000000000001 0.7015625 0.1625000000000001 0.7015625 0.1859375000000001 0.709375 0.1859375000000001
1 0.5484375 0.16250000000000006 0.5421875 0.16250000000000003 0.5421875 0.18437500000000007 0.5484375 0.1843750000000001
1 0.5671875 0.1625000000000001 0.553125 0.1625000000000001 0.553125 0.1859375000000001 0.5671875 0.1859375000000001
1 0.5734375 0.1625000000000001 0.56875 0.1625000000000001 0.56875 0.1859375000000001 0.5734375 0.1859375000000001
1 0.5828125 0.1625000000000001 0.5765625 0.1625000000000001 0.5765625 0.1843750000000001 0.5828125 0.1843750000000001
1 0.590625 0.1609375000000001 0.5859375 0.1609375000000001 0.5859375 0.1843750000000001 0.590625 0.1843750000000001
1 0.603125 0.1625000000000001 0.59375 0.1625000000000001 0.59375 0.1843750000000001 0.603125 0.1843750000000001
1 0.61875 0.1593750000000001 0.6109375 0.1593750000000001 0.6109375 0.1843750000000001 0.61875 0.1843750000000001
1 0.6296875 0.16562500000000008 0.621875 0.16562500000000008 0.621875 0.1859375000000001 0.6296875 0.1859375000000001