0 0.3171875 0.10000000000000005 0.25 0.10000000000000005 0.25 0.14375000000000004 0.3171875 0.14375000000000004
0 0.3640625 0.0031250000000000375 0.25 0.0031250000000000305 0.25 0.05781250000000003 0.3640625 0.057812500000000044
0 0.4578125 0.0015625000000000504 0.3640625 0.0015625000000000443 0.3640625 0.05000000000000006 0.4578125 0.050000000000000065
0 0.315625 0.18125000000000005 0.2484375 0.18125000000000005 0.2484375 0.225 0.315625 0.225
0 0.2765625 0.240625 0.2484375 0.240625 0.2484375 0.353125 0.2765625 0.353125
0 0.3203125000000001 0.5171875 0.2468750000000001 0.5171875 0.2468750000000001 0.6015625 0.3203125000000001 0.6015625
0 0.2750000000000001 0.5140625 0.2453125000000001 0.5140625 0.2453125000000001 0.5984375 0.2750000000000001 0.5984375
0 0.503125 0.5984375 0.3187500000000001 0.5984375 0.3187500000000001 0.665625 0.503125 0.665625
0 0.45625 0.43125 0.3671875000000001 0.43125 0.3671875000000001 0.4484375 0.45625 0.4484375
0 0.5921875 0.2406250000000001 0.5484375 0.2406250000000001 0.5484375 0.3125000000000001 0.5921875 0.3125000000000001
0 0.83125 0.2484375000000001 0.625 0.2484375000000001 0.625 0.3125000000000001 0.83125 0.3125000000000001
0 0.8625 0.0625000000000001 0.809375 0.06250000000000008 0.809375 0.21875000000000008 0.8625 0.21875000000000008
0 0.8640625 0.0156250000000001 0.7703125 0.015625000000000094 0.7703125 0.0562500000000001 0.8640625 0.05625000000000011
0 0.7703125 0.0015625000000000892 0.6875 0.001562500000000084 0.6875 0.04687500000000009 0.7703125 0.04687500000000009
0 0.715625 0.11250000000000009 0.6875 0.11250000000000009 0.6875 0.2171875000000001 0.715625 0.2171875000000001
1 0.40625 0.3937500000000001 0.39531250000000007 0.3937500000000001 0.39531250000000007 0.425 0.40625 0.425
1 0.4171875 0.3937500000000001 0.409375 0.3937500000000001 0.409375 0.425 0.4171875 0.425
1 0.2484375 0.31875 0.228125 0.31875 0.228125 0.3390625 0.2484375 0.3390625
1 0.246875 0.2875 0.225 0.2875 0.225 0.30625 0.246875 0.30625
1 0.246875 0.3 0.228125 0.3 0.228125 0.3125 0.246875 0.3125
1 0.2468750000000001 0.5609375 0.22656250000000008 0.5609375 0.22656250000000008 0.5828125 0.2468750000000001 0.5828125
1 0.2468750000000001 0.5359375 0.22656250000000008 0.5359375 0.22656250000000008 0.5546875 0.2468750000000001 0.5546875
1 0.4125 0.6078125 0.39531250000000007 0.6078125 0.39531250000000007 0.6421875 0.4125 0.6421875
0 0.8140625 0.834375 0.7984375000000001 0.834375 0.7984375000000001 0.884375 0.8140625 0.884375
0 0.7343750000000002 0.8453125 0.7140625000000002 0.8453125 0.7140625000000002 0.9140625 0.7343750000000002 0.9140625
1 0.7890625000000002 0.95625 0.7718750000000002 0.95625 0.7718750000000002 0.9921875 0.7890625000000002 0.9921875
1 0.8484375 0.7531250000000002 0.83125 0.7531250000000002 0.83125 0.7875000000000002 0.8484375 0.7875000000000002
0 0.8640625 0.7968750000000002 0.815625 0.7968750000000002 0.815625 0.8296875 0.8640625 0.8296875
1 0.7203125 0.2562500000000001 0.70625 0.2562500000000001 0.70625 0.2890625000000001 0.7203125 0.2890625000000001
1 0.7359375 0.25468750000000007 0.7234375 0.25468750000000007 0.7234375 0.2875000000000001 0.7359375 0.2875000000000001
1 0.578125 0.27812500000000007 0.553125 0.27812500000000007 0.553125 0.3031250000000001 0.578125 0.3031250000000001
1 0.5765625 0.2593750000000001 0.553125 0.2593750000000001 0.553125 0.27812500000000007 0.5765625 0.27812500000000007
1 0.8453125 0.1859375000000001 0.821875 0.1859375000000001 0.821875 0.2062500000000001 0.8453125 0.2062500000000001
1 0.84375 0.1671875000000001 0.821875 0.1671875000000001 0.821875 0.17968750000000008 0.84375 0.17968750000000008
1 0.8453125 0.12343750000000009 0.8234375 0.12343750000000009 0.8234375 0.14218750000000008 0.8453125 0.14218750000000008
1 0.8453125 0.10468750000000009 0.8234375 0.10468750000000009 0.8234375 0.1281250000000001 0.8453125 0.1281250000000001
2 0.83125 0.0953125000000001 0.8234375 0.0953125000000001 0.8234375 0.10468750000000009 0.83125 0.10468750000000009