0 0.3609375 0.03750000000000004 0.2984375 0.03750000000000003 0.2984375 0.13125000000000003 0.3609375 0.13125000000000003
1 0.365625 0.03281250000000004 0.3453125 0.03281250000000004 0.3453125 0.059375000000000046 0.365625 0.059375000000000046
1 0.4015625 0.03125000000000004 0.3765625 0.03125000000000004 0.3765625 0.06250000000000004 0.4015625 0.06250000000000004
1 0.3687500000000001 0.4578125 0.3296875000000001 0.4578125 0.3296875000000001 0.4828125 0.3687500000000001 0.4828125
0 0.4000000000000002 0.83125 0.2875000000000001 0.83125 0.2875000000000001 0.8453125 0.4000000000000002 0.8453125
0 0.45781250000000007 0.584375 0.44375 0.584375 0.4437500000000001 0.771875 0.4578125000000002 0.771875
0 0.6156250000000002 0.878125 0.5562500000000001 0.878125 0.5562500000000001 0.8921875 0.6156250000000002 0.8921875
0 0.6828125000000002 0.8125 0.6187500000000001 0.8125 0.6187500000000001 0.8296875 0.6828125000000002 0.8296875
0 0.6015625000000002 0.809375 0.5750000000000002 0.809375 0.5750000000000002 0.8265625 0.6015625000000002 0.8265625
0 0.7718750000000001 0.6046875000000002 0.7640625 0.6046875000000002 0.7640625000000001 0.7562500000000002 0.7718750000000002 0.7562500000000002
0 0.6734375 0.4 0.3578125000000001 0.4 0.3578125000000001 0.41875 0.6734375 0.41875
0 0.3546875000000001 0.4015625 0.30937500000000007 0.4015625 0.30937500000000007 0.4203125 0.3546875000000001 0.4203125
0 0.671875 0.3468750000000001 0.4703125 0.3468750000000001 0.4703125 0.36406250000000007 0.671875 0.36406250000000007
0 0.71875 0.17187500000000008 0.7109375 0.17187500000000008 0.7109375 0.29375000000000007 0.71875 0.29375000000000007
0 0.403125 0.17187500000000006 0.3921875 0.17187500000000006 0.3921875 0.2953125000000001 0.403125 0.2953125000000001
0 0.271875 0.16093750000000004 0.2609375 0.16093750000000004 0.2609375 0.296875 0.271875 0.296875
2 0.3296875000000001 0.4609375 0.31718750000000007 0.4609375 0.31718750000000007 0.4828125 0.3296875000000001 0.4828125