0 0.5765625 0.19531250000000006 0.5125 0.19531250000000006 0.5125 0.3421875000000001 0.5765625 0.3421875000000001
0 0.575 0.19218750000000007 0.5078125 0.19218750000000004 0.5078125 0.2453125000000001 0.575 0.2453125000000001
0 0.578125 0.2875000000000001 0.5125 0.2875000000000001 0.5125 0.3421875000000001 0.578125 0.3421875000000001
0 0.5125 0.32031250000000006 0.3328125 0.3203125 0.33281250000000007 0.39687500000000003 0.5125 0.3968750000000001
0 0.5140625 0.2921875000000001 0.40625 0.2921875000000001 0.40625 0.3468750000000001 0.5140625 0.3468750000000001
0 0.84375 0.2953125000000001 0.7625 0.2953125000000001 0.7625 0.34062500000000007 0.84375 0.34062500000000007
0 0.8421875 0.2843750000000001 0.8078125 0.2843750000000001 0.8078125 0.34062500000000007 0.8421875 0.34062500000000007
0 0.796875 0.29375000000000007 0.7625 0.29375000000000007 0.7625 0.3437500000000001 0.796875 0.3437500000000001
0 0.7875 0.1906250000000001 0.7453125 0.1906250000000001 0.7453125 0.23593750000000008 0.7875 0.23593750000000008
0 0.3203125 0.18906250000000005 0.2875 0.18906250000000005 0.2875 0.2171875 0.3203125 0.2171875
0 0.3312500000000001 0.4015625 0.2765625000000001 0.4015625 0.2765625000000001 0.4296875 0.3312500000000001 0.4296875
0 0.2953125000000001 0.4265625 0.24375000000000008 0.4265625 0.24375000000000008 0.5109375 0.2953125000000001 0.5109375
0 0.3984375000000001 0.5125 0.2734375000000001 0.5125 0.2734375000000001 0.5640625 0.3984375000000001 0.5640625
0 0.85625 0.2171875000000001 0.825 0.2171875000000001 0.825 0.2812500000000001 0.85625 0.2812500000000001
0 0.3062500000000001 0.6671875 0.23593750000000008 0.6671875 0.23593750000000008 0.6953125 0.3062500000000001 0.6953125
0 0.2953125000000001 0.69375 0.2562500000000001 0.69375 0.2562500000000001 0.7859375 0.2953125000000001 0.7859375
0 0.4906250000000002 0.7890625 0.3218750000000001 0.7890625 0.3218750000000001 0.86875 0.4906250000000002 0.86875
0 0.3812500000000001 0.7875 0.3218750000000001 0.7875 0.3218750000000001 0.8390625 0.3812500000000001 0.8390625
0 0.3968750000000001 0.6265625 0.33281250000000007 0.6265625 0.33281250000000007 0.69375 0.3968750000000001 0.69375
0 0.5453125 0.6796875 0.4890625 0.6796875 0.4890625 0.7203125 0.5453125 0.7203125
0 0.5421875000000002 0.7578125 0.4906250000000002 0.7578125 0.4906250000000002 0.80625 0.5421875000000002 0.80625
0 0.4859375000000002 0.7703125 0.40937500000000016 0.7703125 0.40937500000000016 0.8203125 0.4859375000000002 0.8203125
0 0.4078125 0.6640625 0.3859375000000001 0.6640625 0.3859375000000001 0.70625 0.4078125 0.70625
2 0.3062500000000001 0.3828125 0.2875000000000001 0.3828125 0.2875000000000001 0.40625 0.3062500000000001 0.40625
2 0.27031250000000007 0.4046875 0.2453125000000001 0.4046875 0.2453125000000001 0.4296875 0.27031250000000007 0.4296875
2 0.5140625 0.6890625 0.496875 0.6890625 0.496875 0.7140625 0.5140625 0.7140625
1 0.4875 0.678125 0.48125 0.678125 0.48125 0.6984375 0.4875 0.6984375
1 0.4953125 0.678125 0.4859375 0.678125 0.4859375 0.703125 0.4953125 0.703125
1 0.3531250000000001 0.615625 0.34843750000000007 0.615625 0.34843750000000007 0.6390625 0.3531250000000001 0.6390625
1 0.36406250000000007 0.6109375 0.3546875000000001 0.6109375 0.3546875000000001 0.6359375 0.36406250000000007 0.6359375
1 0.29375000000000007 0.6453125 0.2828125000000001 0.6453125 0.2828125000000001 0.6671875 0.29375000000000007 0.6671875
1 0.2828125000000001 0.64375 0.2734375000000001 0.64375 0.2734375000000001 0.66875 0.2828125000000001 0.66875
2 0.2609375000000001 0.65 0.2500000000000001 0.65 0.2500000000000001 0.6640625 0.2609375000000001 0.6640625
1 0.2734375000000001 0.6453125 0.2609375000000001 0.6453125 0.2609375000000001 0.6640625 0.2734375000000001 0.6640625
1 0.5859375 0.5828125 0.5734375 0.5828125 0.5734375 0.603125 0.5859375 0.603125
1 0.5796875 0.671875 0.5734375 0.671875 0.5734375 0.6921875 0.5796875 0.6921875
1 0.5875 0.671875 0.58125 0.671875 0.58125 0.6953125 0.5875 0.6953125
1 0.596875 0.671875 0.590625 0.671875 0.590625 0.69375 0.596875 0.69375
1 0.646875 0.6234375 0.6359375 0.6234375 0.6359375 0.64375 0.646875 0.64375
2 0.6640625 0.6375 0.64375 0.6375 0.64375 0.659375 0.6640625 0.659375
1 0.6578125 0.621875 0.6484375 0.621875 0.6484375 0.6453125 0.6578125 0.6453125
2 0.5953125 0.690625 0.578125 0.690625 0.578125 0.7109375 0.5953125 0.7109375
0 0.659375 0.7125 0.5671875 0.7125 0.5671875000000001 0.790625 0.6593750000000002 0.790625
1 0.5906250000000002 0.790625 0.5671875000000002 0.790625 0.5671875000000002 0.815625 0.5906250000000002 0.815625
0 0.7140625000000002 0.790625 0.6187500000000001 0.790625 0.6187500000000001 0.8484375 0.7140625000000002 0.8484375
2 0.6437500000000002 0.815625 0.6250000000000002 0.815625 0.6250000000000002 0.8390625 0.6437500000000002 0.8390625
0 0.8109375 0.6843750000000002 0.7703125 0.6843750000000002 0.7703125 0.7203125000000001 0.8109375 0.7203125000000001
0 0.6796875 0.6578125 0.640625 0.6578125 0.640625 0.7125 0.6796875 0.7125
0 0.7859375000000002 0.7906250000000001 0.6875000000000002 0.790625 0.6875000000000002 0.8515625 0.7859375000000002 0.8515625
0 0.7843750000000002 0.7906250000000001 0.7390625000000002 0.7906250000000001 0.7390625000000002 0.8515625 0.7843750000000002 0.8515625
0 0.7203125000000001 0.790625 0.6875000000000002 0.790625 0.6875000000000002 0.8484375 0.7203125000000001 0.8484375
0 0.6296875000000001 0.7171875 0.61875 0.7171875 0.6187500000000001 0.7828125 0.6296875000000002 0.7828125
0 0.765625 0.6781250000000001 0.6796875 0.678125 0.6796875 0.7109375000000001 0.765625 0.7109375000000002
1 0.721875 0.6578125 0.709375 0.6578125 0.709375 0.684375 0.721875 0.684375
0 0.4015625 0.2984375000000001 0.365625 0.2984375000000001 0.365625 0.3437500000000001 0.4015625 0.3437500000000001
2 0.5031250000000002 0.8203125 0.4906250000000002 0.8203125 0.4906250000000002 0.8484375 0.5031250000000002 0.8484375
0 0.3265625 0.2171875 0.31875 0.2171875 0.31875 0.2375 0.3265625 0.2375
0 0.353125 0.2890625 0.3453125 0.2890625 0.3453125 0.3078125 0.353125 0.3078125
1 0.8046875 0.1937500000000001 0.7875 0.1937500000000001 0.7875 0.2078125000000001 0.8046875 0.2078125000000001
1 0.8 0.1859375000000001 0.7875 0.1859375000000001 0.7875 0.1984375000000001 0.8 0.1984375000000001
1 0.8109375 0.2093750000000001 0.7953125 0.2093750000000001 0.7953125 0.22031250000000008 0.8109375 0.22031250000000008
2 0.790625 0.19531250000000008 0.778125 0.19531250000000008 0.778125 0.2234375000000001 0.790625 0.2234375000000001
2 0.528125 0.3390625000000001 0.509375 0.3390625000000001 0.509375 0.37187500000000007 0.528125 0.37187500000000007
1 0.4921875 0.12812500000000004 0.4859375 0.12812500000000004 0.4859375 0.15000000000000005 0.4921875 0.15000000000000005
1 0.728125 0.1296875000000001 0.7171875 0.1296875000000001 0.7171875 0.1531250000000001 0.728125 0.1531250000000001
1 0.7640625 0.17343750000000008 0.75625 0.17343750000000008 0.75625 0.1921875000000001 0.7640625 0.1921875000000001
1 0.853125 0.2593750000000001 0.840625 0.2593750000000001 0.840625 0.2796875000000001 0.853125 0.2796875000000001
1 0.8578125 0.2484375000000001 0.846875 0.2484375000000001 0.846875 0.2687500000000001 0.8578125 0.2687500000000001
1 0.86875 0.23437500000000008 0.85625 0.23437500000000008 0.85625 0.2562500000000001 0.86875 0.2562500000000001
1 0.2921875000000001 0.3671875 0.2812500000000001 0.3671875 0.2812500000000001 0.3921875 0.2921875000000001 0.3921875
1 0.30156250000000007 0.365625 0.2953125000000001 0.365625 0.2953125000000001 0.3859375 0.30156250000000007 0.3859375
1 0.2640625000000001 0.3890625 0.2531250000000001 0.3890625 0.2531250000000001 0.4109375 0.2640625000000001 0.4109375
1 0.2531250000000001 0.3890625 0.24375000000000008 0.3890625 0.24375000000000008 0.409375 0.2531250000000001 0.409375
1 0.2921875000000001 0.5203125 0.2828125000000001 0.5203125 0.2828125000000001 0.540625 0.2921875000000001 0.540625
1 0.2812500000000001 0.5203125 0.2734375000000001 0.5203125 0.2734375000000001 0.5390625 0.2812500000000001 0.5390625
2 0.3734375000000001 0.609375 0.3656250000000001 0.609375 0.3656250000000001 0.621875 0.3734375000000001 0.621875
1 0.6593750000000002 0.7375 0.6453125000000002 0.7375 0.6453125000000002 0.7515625 0.6593750000000002 0.7515625
1 0.5171875000000001 0.8296875 0.5015625000000001 0.8296875 0.5015625000000001 0.840625 0.5171875000000001 0.840625
1 0.5156250000000002 0.81875 0.5015625000000001 0.81875 0.5015625000000001 0.8328125 0.5156250000000002 0.8328125
1 0.5390625 0.3500000000000001 0.5234375 0.3500000000000001 0.5234375 0.3625000000000001 0.5390625 0.3625000000000001
1 0.5375 0.3375000000000001 0.5234375 0.3375000000000001 0.5234375 0.3515625000000001 0.5375 0.3515625000000001
1 0.509375 0.19687500000000005 0.5046875 0.19687500000000005 0.5046875 0.21875000000000008 0.509375 0.21875000000000008
1 0.5203125 0.19531250000000006 0.509375 0.19531250000000006 0.509375 0.21875000000000008 0.5203125 0.21875000000000008
1 0.80625 0.6593750000000002 0.7953125 0.6593750000000002 0.7953125 0.6828125000000002 0.80625 0.6828125000000002