0 0.3421875 0.11562500000000005 0.259375 0.11562500000000005 0.259375 0.17343750000000005 0.3421875 0.17343750000000005
0 0.290625 0.19843750000000004 0.25625 0.19843750000000004 0.25625000000000003 0.3734375 0.2906250000000001 0.3734375
0 0.559375 0.39062500000000006 0.3500000000000001 0.390625 0.3500000000000001 0.4609375 0.559375 0.4609375
0 0.55625 0.34843750000000007 0.38125 0.34843750000000007 0.38125000000000003 0.4140625 0.55625 0.4140625
0 0.3578125000000001 0.3921875 0.2921875000000001 0.3921875 0.2921875000000001 0.459375 0.3578125000000001 0.459375
0 0.4015625 0.17031250000000003 0.359375 0.17031250000000003 0.359375 0.22500000000000003 0.4015625 0.2250000000000001
0 0.6796875 0.1765625000000001 0.634375 0.1765625000000001 0.634375 0.3937500000000001 0.6796875 0.3937500000000001
0 0.8140625 0.3921875000000001 0.675 0.3921875000000001 0.675 0.4593750000000001 0.8140625 0.4593750000000002
0 0.609375 0.2296875000000001 0.5578125 0.2296875000000001 0.5578125 0.3500000000000001 0.609375 0.3500000000000001
0 0.45000000000000007 0.640625 0.4 0.640625 0.4000000000000001 0.83125 0.4500000000000002 0.83125
0 0.36406250000000007 0.8390625 0.2953125000000001 0.8390625 0.2953125000000001 0.93125 0.36406250000000007 0.93125
0 0.4515625000000002 0.840625 0.3187500000000001 0.840625 0.3187500000000001 0.8890625 0.4515625000000002 0.8890625
1 0.3390625 0.06250000000000004 0.33125 0.06250000000000004 0.33125 0.09062500000000004 0.3390625 0.09062500000000004
1 0.35 0.06250000000000004 0.3375 0.06250000000000004 0.3375 0.09375000000000004 0.35 0.09375000000000004
1 0.3859375 0.06250000000000004 0.3734375 0.06250000000000004 0.3734375 0.08906250000000004 0.3859375 0.08906250000000004
1 0.4 0.06250000000000004 0.3859375 0.06250000000000004 0.3859375 0.09218750000000005 0.4 0.09218750000000005
2 0.3578125 0.059375000000000046 0.35 0.059375000000000046 0.35 0.07343750000000004 0.3578125 0.07343750000000004
2 0.4078125 0.06093750000000005 0.3984375 0.06093750000000005 0.3984375 0.07343750000000004 0.4078125 0.07343750000000004
0 0.38125 0.2375000000000001 0.371875 0.2375000000000001 0.371875 0.3375000000000001 0.38125 0.3375000000000001
1 0.3343750000000001 0.4078125 0.3156250000000001 0.4078125 0.3156250000000001 0.4375 0.3343750000000001 0.4375
1 0.34843750000000007 0.4875 0.3343750000000001 0.4875 0.3343750000000001 0.5171875 0.34843750000000007 0.5171875
1 0.3625000000000001 0.4859375 0.3500000000000001 0.4859375 0.3500000000000001 0.51875 0.3625000000000001 0.51875
1 0.3750000000000001 0.4859375 0.3625000000000001 0.4859375 0.3625000000000001 0.515625 0.3750000000000001 0.515625
1 0.4078125 0.490625 0.3968750000000001 0.490625 0.3968750000000001 0.515625 0.4078125 0.515625
1 0.425 0.4890625 0.4125 0.4890625 0.4125 0.5171875 0.425 0.5171875
1 0.4375 0.4890625 0.4265625 0.4890625 0.4265625 0.5171875 0.4375 0.5171875
1 0.5421875 0.7140625 0.5296875 0.7140625 0.5296875000000001 0.7421875 0.5421875000000002 0.7421875
1 0.5593750000000001 0.715625 0.5453125 0.715625 0.5453125000000001 0.746875 0.5593750000000002 0.746875
1 0.5718750000000001 0.7171875 0.559375 0.7171875 0.5593750000000001 0.74375 0.5718750000000001 0.74375
1 0.6078125000000001 0.7171875 0.59375 0.7171875 0.5937500000000001 0.7453125 0.6078125000000002 0.7453125
1 0.6218750000000001 0.71875 0.6078125 0.71875 0.6078125000000001 0.746875 0.6218750000000002 0.746875
1 0.6359375 0.71875 0.621875 0.71875 0.6218750000000001 0.7421875 0.6359375000000002 0.7421875