0 0.33281250000000007 0.3671875 0.2921875000000001 0.3671875 0.2921875000000001 0.546875 0.33281250000000007 0.546875
0 0.5453125 0.5640625 0.3437500000000001 0.5640625 0.3437500000000001 0.6859375 0.5453125 0.6859375
0 0.7046875 0.5609375 0.5375 0.5609375 0.5375 0.6859375 0.7046875 0.6859375
0 0.8828125 0.30937500000000007 0.7734375 0.30937500000000007 0.7734375 0.6015625000000002 0.8828125 0.6015625000000002
0 0.828125 0.3109375000000001 0.775 0.3109375000000001 0.775 0.46093750000000017 0.828125 0.46093750000000017
0 0.7578125 0.2406250000000001 0.6328125 0.2406250000000001 0.6328125 0.29375000000000007 0.7578125 0.29375000000000007
0 0.821875 0.4515625000000002 0.7734375 0.4515625000000002 0.7734375 0.6031250000000001 0.821875 0.6031250000000001
1 0.8125 0.08906250000000009 0.8046875 0.08906250000000009 0.8046875 0.11093750000000009 0.8125 0.11093750000000009
1 0.7078125 0.2156250000000001 0.6984375 0.2156250000000001 0.6984375 0.2390625000000001 0.7078125 0.2390625000000001
1 0.8015625 0.3656250000000001 0.7828125 0.3656250000000001 0.7828125 0.38750000000000007 0.8015625 0.38750000000000007
1 0.8625 0.44062500000000016 0.8375 0.44062500000000016 0.8375 0.4578125000000002 0.8625 0.4578125000000002
1 0.45625 0.628125 0.44375 0.628125 0.44375 0.65625 0.45625 0.65625
1 0.628125 0.628125 0.615625 0.628125 0.615625 0.65625 0.628125 0.65625