0 0.4625 0.09843750000000005 0.446875 0.09843750000000004 0.446875 0.2609375000000001 0.4625 0.2609375000000001
0 0.4890625 0.09375000000000006 0.4453125 0.09375000000000004 0.4453125 0.11406250000000004 0.4890625 0.11406250000000004
0 0.5546875 0.15000000000000008 0.540625 0.15000000000000005 0.540625 0.19531250000000006 0.5546875 0.19531250000000008
0 0.553125 0.18593750000000006 0.540625 0.18593750000000003 0.540625 0.2609375000000001 0.553125 0.2609375000000001
0 0.51875 0.07656250000000006 0.4890625 0.07656250000000006 0.4890625 0.10000000000000005 0.51875 0.10000000000000005
1 0.575 0.2500000000000001 0.56875 0.2500000000000001 0.56875 0.2718750000000001 0.575 0.2718750000000001
1 0.578125 0.29375000000000007 0.56875 0.29375000000000007 0.56875 0.3187500000000001 0.578125 0.3187500000000001
1 0.575 0.3265625000000001 0.56875 0.3265625000000001 0.56875 0.3421875000000001 0.575 0.3421875000000001
1 0.5765625 0.3468750000000001 0.5671875 0.3468750000000001 0.5671875 0.3687500000000001 0.5765625 0.3687500000000001
1 0.5765625 0.10781250000000009 0.5671875 0.10781250000000009 0.5671875 0.1312500000000001 0.5765625 0.1312500000000001
1 0.453125 0.15781250000000005 0.440625 0.15781250000000005 0.440625 0.16718750000000004 0.453125 0.16718750000000004
1 0.5125 0.06562500000000007 0.5046875 0.06562500000000007 0.5046875 0.07968750000000006 0.5125 0.07968750000000006
1 0.6890625 0.5203125 0.68125 0.5203125 0.68125 0.5359375 0.6890625 0.5359375
1 0.6890625 0.546875 0.6828125 0.546875 0.6828125 0.5625 0.6890625 0.5625
1 0.690625 0.421875 0.68125 0.421875 0.68125 0.4421875 0.690625 0.4421875
1 0.6890625 0.6421875 0.6828125 0.6421875 0.6828125 0.65625 0.6890625 0.65625
1 0.6875000000000001 0.7140625 0.6796875 0.7140625 0.6796875000000001 0.7296875 0.6875000000000002 0.7296875
1 0.6875000000000002 0.7390625 0.6828125000000002 0.7390625 0.6828125000000002 0.7546875 0.6875000000000002 0.7546875
1 0.7156250000000002 0.8265625 0.7078125000000002 0.8265625 0.7078125000000002 0.8546875 0.7156250000000002 0.8546875
1 0.7312500000000002 0.825 0.7203125000000001 0.825 0.7203125000000001 0.85 0.7312500000000002 0.85
1 0.7234375000000002 0.8890625 0.7125000000000001 0.8890625 0.7125000000000001 0.915625 0.7234375000000002 0.915625
1 0.7312500000000002 0.890625 0.7218750000000002 0.890625 0.7218750000000002 0.9140625 0.7312500000000002 0.9140625
1 0.3937500000000001 0.6921875 0.3890625000000001 0.6921875 0.3890625000000001 0.70625 0.3937500000000001 0.70625
1 0.39531250000000007 0.7359375 0.38750000000000007 0.7359375 0.38750000000000007 0.753125 0.39531250000000007 0.753125
1 0.3968750000000001 0.5171875 0.3921875000000001 0.5171875 0.3921875000000001 0.5375 0.3968750000000001 0.5375
1 0.3968750000000001 0.546875 0.38750000000000007 0.546875 0.38750000000000007 0.5625 0.3968750000000001 0.5625
1 0.39531250000000007 0.640625 0.3890625000000001 0.640625 0.3890625000000001 0.659375 0.39531250000000007 0.659375
1 0.6437500000000002 0.7671875 0.6328125000000002 0.7671875 0.6328125000000002 0.79375 0.6437500000000002 0.79375
1 0.6500000000000001 0.76875 0.6437500000000002 0.76875 0.6437500000000002 0.7921875 0.6500000000000001 0.7921875
1 0.5781250000000002 0.76875 0.5703125000000002 0.76875 0.5703125000000002 0.79375 0.5781250000000002 0.79375
1 0.5875000000000001 0.76875 0.5781250000000002 0.76875 0.5781250000000002 0.7921875 0.5875000000000001 0.7921875
1 0.5937500000000002 0.7703125 0.5859375000000002 0.7703125 0.5859375000000002 0.7921875 0.5937500000000002 0.7921875
1 0.6062500000000002 0.7671875 0.5984375000000002 0.7671875 0.5984375000000002 0.7921875 0.6062500000000002 0.7921875
1 0.6156250000000002 0.76875 0.6062500000000002 0.76875 0.6062500000000002 0.7921875 0.6156250000000002 0.7921875
1 0.6234375000000002 0.7703125 0.6156250000000002 0.7703125 0.6156250000000002 0.790625 0.6234375000000002 0.790625
1 0.6359375000000002 0.7671875 0.6265625000000001 0.7671875 0.6265625000000001 0.7921875 0.6359375000000002 0.7921875
1 0.5453125000000002 0.76875 0.5375000000000002 0.76875 0.5375000000000002 0.79375 0.5453125000000002 0.79375
1 0.5531250000000002 0.7671875 0.5453125000000002 0.7671875 0.5453125000000002 0.79375 0.5531250000000002 0.79375
1 0.5640625000000001 0.7671875 0.5531250000000002 0.7671875 0.5531250000000002 0.7921875 0.5640625000000001 0.7921875
1 0.48125 0.521875 0.4765625 0.521875 0.4765625 0.5375 0.48125 0.5375
1 0.4875 0.5203125 0.48125 0.5203125 0.48125 0.5375 0.4875 0.5375
1 0.4921875 0.5203125 0.4875 0.5203125 0.4875 0.5359375 0.4921875 0.5359375
1 0.46875 0.5203125 0.4625 0.5203125 0.4625 0.5359375 0.46875 0.5359375
1 0.4734375 0.521875 0.46875 0.521875 0.46875 0.5359375 0.4734375 0.5359375
1 0.4875 0.5453125 0.4828125 0.5453125 0.4828125 0.5609375 0.4875 0.5609375
1 0.49375 0.546875 0.4875 0.546875 0.4875 0.5609375 0.49375 0.5609375
1 0.4828125 0.546875 0.4765625 0.546875 0.4765625 0.5609375 0.4828125 0.5609375
1 0.453125 0.5453125 0.446875 0.5453125 0.446875 0.5609375 0.453125 0.5609375
1 0.4578125 0.546875 0.453125 0.546875 0.453125 0.5609375 0.4578125 0.5609375
1 0.4640625 0.5453125 0.4578125 0.5453125 0.4578125 0.5625 0.4640625 0.5625
1 0.46875 0.5453125 0.4625 0.5453125 0.4625 0.5625 0.46875 0.5625
1 0.4734375 0.5453125 0.46875 0.5453125 0.46875 0.5625 0.4734375 0.5625
1 0.4453125 0.5453125 0.440625 0.5453125 0.440625 0.5625 0.4453125 0.5625
1 0.434375 0.5453125 0.4296875 0.5453125 0.4296875 0.5609375 0.434375 0.5609375
1 0.4390625 0.546875 0.434375 0.546875 0.434375 0.5625 0.4390625 0.5625
1 0.4125 0.5453125 0.40625 0.5453125 0.40625 0.5625 0.4125 0.5625
1 0.4171875 0.5453125 0.4109375 0.5453125 0.4109375 0.5625 0.4171875 0.5625
1 0.4234375 0.5453125 0.415625 0.5453125 0.415625 0.5625 0.4234375 0.5625
1 0.4296875 0.5453125 0.4234375 0.5453125 0.4234375 0.5625 0.4296875 0.5625
1 0.4640625 0.5203125 0.45625 0.5203125 0.45625 0.5359375 0.4640625 0.5359375
1 0.4484375 0.5203125 0.440625 0.5203125 0.440625 0.5375 0.4484375 0.5375
1 0.4515625 0.5203125 0.446875 0.5203125 0.446875 0.5359375 0.4515625 0.5359375
1 0.45625 0.521875 0.4515625 0.521875 0.4515625 0.5359375 0.45625 0.5359375
1 0.434375 0.5203125 0.4296875 0.5203125 0.4296875 0.5359375 0.434375 0.5359375
1 0.440625 0.5203125 0.434375 0.5203125 0.434375 0.5375 0.440625 0.5375
1 0.4296875 0.5203125 0.4234375 0.5203125 0.4234375 0.5359375 0.4296875 0.5359375
1 0.4109375 0.5203125 0.40625 0.5203125 0.40625 0.5359375 0.4109375 0.5359375
1 0.4171875 0.5203125 0.4109375 0.5203125 0.4109375 0.5375 0.4171875 0.5375
1 0.421875 0.521875 0.415625 0.521875 0.415625 0.5375 0.421875 0.5375
1 0.5859375000000002 0.7359375 0.5796875000000001 0.7359375 0.5796875000000001 0.7546875 0.5859375000000002 0.7546875
1 0.5921875000000002 0.7375 0.5859375000000002 0.7375 0.5859375000000002 0.753125 0.5921875000000002 0.753125
1 0.6000000000000002 0.7390625 0.5937500000000002 0.7390625 0.5937500000000002 0.7546875 0.6000000000000002 0.7546875
1 0.6062500000000002 0.7375 0.6000000000000002 0.7375 0.6000000000000002 0.7546875 0.6062500000000002 0.7546875
1 0.6125000000000002 0.7375 0.6046875000000002 0.7375 0.6046875000000002 0.7546875 0.6125000000000002 0.7546875
1 0.6375000000000002 0.7375 0.6328125000000002 0.7375 0.6328125000000002 0.753125 0.6375000000000002 0.753125
1 0.6421875000000001 0.7390625 0.6375000000000002 0.7390625 0.6375000000000002 0.7546875 0.6421875000000001 0.7546875
1 0.6468750000000002 0.7375 0.6406250000000002 0.7375 0.6406250000000002 0.75625 0.6468750000000002 0.75625
1 0.6531250000000002 0.7359375 0.6468750000000002 0.7359375 0.6468750000000002 0.7546875 0.6531250000000002 0.7546875
1 0.6578125000000001 0.7375 0.6515625000000002 0.7375 0.6515625000000002 0.7546875 0.6578125000000001 0.7546875
1 0.6671875000000002 0.7375 0.6609375000000002 0.7375 0.6609375000000002 0.7546875 0.6671875000000002 0.7546875
1 0.6718750000000002 0.7390625 0.6671875000000002 0.7390625 0.6671875000000002 0.75625 0.6718750000000002 0.75625
1 0.6265625000000001 0.7140625 0.6203125 0.7140625 0.6203125 0.7296875 0.6265625000000001 0.7296875
1 0.6328125000000001 0.7125 0.6265625 0.7125 0.6265625000000001 0.73125 0.6328125000000002 0.73125
1 0.6000000000000001 0.7125 0.59375 0.7125 0.5937500000000001 0.73125 0.6000000000000002 0.73125
1 0.6062500000000001 0.7140625 0.6 0.7140625 0.6000000000000001 0.73125 0.6062500000000002 0.73125
1 0.6109375000000001 0.7140625 0.60625 0.7140625 0.6062500000000001 0.73125 0.6109375000000001 0.73125
1 0.6171875000000001 0.7140625 0.6109375 0.7140625 0.6109375000000001 0.73125 0.6171875000000002 0.73125
1 0.621875 0.690625 0.615625 0.690625 0.615625 0.7078125 0.621875 0.7078125
1 0.628125 0.690625 0.621875 0.690625 0.621875 0.70625 0.628125 0.70625
1 0.6328125 0.690625 0.6265625 0.690625 0.6265625 0.7078125 0.6328125 0.7078125
1 0.615625 0.690625 0.6078125 0.690625 0.6078125 0.70625 0.615625 0.70625
1 0.6 0.6890625 0.59375 0.6890625 0.59375 0.70625 0.6 0.70625
1 0.6046875 0.690625 0.5984375 0.690625 0.5984375 0.70625 0.6046875 0.70625
1 0.63125 0.665625 0.625 0.665625 0.625 0.6796875 0.63125 0.6796875
1 0.6359375 0.6640625 0.6296875 0.6640625 0.6296875 0.68125 0.6359375 0.68125
1 0.603125 0.665625 0.596875 0.665625 0.596875 0.6828125 0.603125 0.6828125
1 0.609375 0.6640625 0.603125 0.6640625 0.603125 0.6828125 0.609375 0.6828125
1 0.6140625 0.6640625 0.6078125 0.6640625 0.6078125 0.68125 0.6140625 0.68125
1 0.6203125 0.665625 0.6140625 0.665625 0.6140625 0.68125 0.6203125 0.68125
1 0.634375 0.640625 0.6296875 0.640625 0.6296875 0.6578125 0.634375 0.6578125
1 0.6421875 0.6421875 0.6359375 0.6421875 0.6359375 0.659375 0.6421875 0.659375
1 0.6484375 0.6421875 0.64375 0.6421875 0.64375 0.659375 0.6484375 0.659375
1 0.65625 0.6421875 0.65 0.6421875 0.65 0.659375 0.65625 0.659375
1 0.6609375 0.6421875 0.6546875 0.6421875 0.6546875 0.6578125 0.6609375 0.6578125
1 0.6140625 0.6421875 0.609375 0.6421875 0.609375 0.659375 0.6140625 0.659375
1 0.6203125 0.6421875 0.6140625 0.6421875 0.6140625 0.6578125 0.6203125 0.6578125
1 0.625 0.640625 0.6203125 0.640625 0.6203125 0.65625 0.625 0.65625
1 0.59375 0.6421875 0.5890625 0.6421875 0.5890625 0.659375 0.59375 0.659375
1 0.6 0.6421875 0.59375 0.6421875 0.59375 0.6578125 0.6 0.6578125