0 0.5406250000000001 0.671875 0.515625 0.671875 0.5156250000000001 0.83125 0.5406250000000001 0.83125
0 0.3218750000000001 0.615625 0.29375000000000007 0.615625 0.29375000000000007 0.890625 0.3218750000000001 0.890625
0 0.4953125 0.5296875 0.3375000000000001 0.5296875 0.3375000000000001 0.621875 0.4953125 0.621875
0 0.478125 0.565625 0.3500000000000001 0.565625 0.3500000000000001 0.6203125 0.478125 0.6203125
0 0.5046875 0.3937500000000001 0.465625 0.3937500000000001 0.465625 0.4328125 0.5046875 0.4328125
0 0.33281250000000007 0.0062500000000000385 0.296875 0.006250000000000036 0.29687500000000006 0.4 0.33281250000000007 0.4
0 0.33281250000000007 0.3234375 0.29375 0.3234375 0.29375000000000007 0.396875 0.33281250000000007 0.396875
0 0.56875 0.006250000000000065 0.5078125 0.006250000000000061 0.5078125 0.3343750000000001 0.56875 0.3343750000000001
0 0.54375 0.009375000000000064 0.5078125 0.00937500000000006 0.5078125 0.2296875000000001 0.54375 0.2296875000000001
0 0.340625 0.0031250000000000388 0.2984375 0.003125000000000036 0.2984375 0.11250000000000004 0.340625 0.11250000000000004
0 0.3296875 0.11562500000000005 0.2921875 0.11562500000000005 0.2921875 0.253125 0.3296875 0.253125
0 0.3328125 0.24375 0.2984375 0.24375 0.2984375 0.334375 0.3328125 0.334375