0 0.875 0.37187500000000007 0.7859375 0.37187500000000007 0.7859375 0.5375000000000002 0.875 0.5375000000000002
0 0.546875 0.3078125000000001 0.4359375 0.3078125000000001 0.4359375 0.3937500000000001 0.546875 0.3937500000000001
0 0.5078125 0.32500000000000007 0.4875 0.32500000000000007 0.4875 0.3968750000000001 0.5078125 0.3968750000000001
0 0.7890625000000001 0.5906250000000001 0.2921875000000001 0.590625 0.2921875000000001 0.9609375 0.7890625000000002 0.9609375
0 0.64375 0.5140625 0.4890625 0.5140625 0.4890625 0.709375 0.64375 0.709375
0 0.50625 0.5171875 0.4875 0.5171875 0.4875 0.5890625 0.50625 0.5890625
0 1 0.6546875000000002 0.784375 0.6546875000000002 0.784375 0.8140625 1 0.8140625
0 0.7875000000000001 0.534375 0.6421875 0.534375 0.6421875000000001 0.7437500000000001 0.7875000000000002 0.7437500000000001
0 0.4390625000000001 0.5953125 0.29375000000000007 0.5953125 0.29375000000000007 0.734375 0.4390625000000002 0.734375
0 0.4578125000000002 0.74375 0.3140625000000001 0.74375 0.3140625000000001 0.8484375 0.4578125000000002 0.8484375
0 0.33593750000000006 0.04218750000000003 0.0734375 0.04218750000000001 0.07343750000000006 0.878125 0.3359375000000001 0.878125
0 0.34062500000000007 0.3203125 0.13906250000000003 0.3203125 0.13906250000000006 0.6 0.34062500000000007 0.6
0 0.34062500000000007 0.375 0.16406250000000006 0.375 0.16406250000000006 0.4734375 0.34062500000000007 0.4734375
0 0.3109375000000001 0.434375 0.12343750000000005 0.434375 0.12343750000000006 0.7046875 0.3109375000000001 0.7046875
1 0.5796875000000001 0.86875 0.5656250000000002 0.86875 0.5656250000000002 0.921875 0.5796875000000001 0.921875
1 0.425 0.653125 0.40625 0.653125 0.40625 0.7046875 0.425 0.7046875
1 0.9484375 0.7515625000000001 0.940625 0.7515625000000001 0.940625 0.7968750000000002 0.9484375 0.7968750000000002
1 0.9640625 0.7531250000000002 0.95 0.7531250000000002 0.95 0.7953125000000002 0.9640625 0.7953125000000002
1 0.984375 0.7484375000000002 0.96875 0.7484375000000002 0.96875 0.7937500000000002 0.984375 0.7937500000000002
1 0.665625 0.14062500000000008 0.646875 0.14062500000000008 0.646875 0.1937500000000001 0.665625 0.1937500000000001
1 0.3734375 0.18593750000000003 0.3484375 0.18593750000000003 0.3484375 0.21093750000000006 0.3734375 0.21093750000000008
1 0.375 0.16562500000000005 0.3515625 0.16562500000000005 0.3515625 0.18750000000000006 0.375 0.18750000000000006
1 0.378125 0.13750000000000004 0.3484375 0.13750000000000004 0.3484375 0.15625000000000006 0.378125 0.15625000000000006
1 0.378125 0.11718750000000004 0.346875 0.11718750000000004 0.346875 0.14218750000000005 0.378125 0.14218750000000005
1 0.375 0.08906250000000004 0.3453125 0.08906250000000004 0.3453125 0.11562500000000005 0.375 0.11562500000000005
1 0.06250000000000004 0.3953125 0.025000000000000043 0.3953125 0.02500000000000005 0.4296875 0.06250000000000004 0.4296875
1 0.06093750000000007 0.4953125 0.026562500000000055 0.4953125 0.026562500000000062 0.53125 0.06093750000000007 0.53125
1 0.05937500000000007 0.4640625 0.025000000000000057 0.4640625 0.02500000000000006 0.5015625 0.05937500000000007 0.5015625
1 0.26250000000000007 0.3359375 0.253125 0.3359375 0.25312500000000004 0.375 0.26250000000000007 0.375
1 0.27968750000000003 0.3359375 0.2609375 0.3359375 0.26093750000000004 0.3734375 0.2796875000000001 0.3734375
1 0.2984375 0.3375 0.2796875 0.3375 0.27968750000000003 0.375 0.2984375000000001 0.375
1 0.4859375 0.4359375 0.4515625 0.4359375 0.4515625 0.4734375 0.4859375 0.4734375
1 0.4875 0.4140625 0.4703125 0.4140625 0.4703125 0.4359375 0.4875 0.4359375
1 0.5671875 0.628125 0.5421875 0.628125 0.5421875 0.68125 0.5671875 0.68125
2 0.909375 0.7171875000000002 0.8484375 0.7171875000000002 0.8484375 0.8046875 0.909375 0.8046875
1 0.13750000000000004 0.434375 0.10156250000000004 0.434375 0.10156250000000004 0.4734375 0.13750000000000004 0.4734375
1 0.7234375 0.653125 0.7 0.653125 0.7 0.709375 0.7234375 0.709375
1 0.85 0.4343750000000002 0.8125 0.4343750000000002 0.8125 0.47187500000000016 0.85 0.47187500000000016
1 0.528125 0.2453125000000001 0.4984375 0.2453125000000001 0.4984375 0.3000000000000001 0.528125 0.3000000000000001
2 0.17968750000000008 0.6171875 0.12500000000000008 0.6171875 0.12500000000000008 0.703125 0.17968750000000008 0.703125