0 0.4203125 0.14218750000000005 0.34375 0.14218750000000005 0.34375 0.14843750000000006 0.4203125 0.14843750000000006
2 0.39375 0.10312500000000005 0.3640625 0.10312500000000005 0.3640625 0.13593750000000004 0.39375 0.13593750000000004
0 0.53125 0.18125000000000005 0.453125 0.18125000000000005 0.453125 0.2000000000000001 0.53125 0.2000000000000001
0 0.546875 0.20312500000000008 0.5171875 0.20312500000000008 0.5171875 0.2593750000000001 0.546875 0.2593750000000001
0 0.621875 0.2765625000000001 0.565625 0.2765625000000001 0.565625 0.3343750000000001 0.621875 0.3343750000000001
0 0.6671875 0.1859375000000001 0.621875 0.1859375000000001 0.621875 0.2812500000000001 0.6671875 0.2812500000000001
0 0.5546875 0.3062500000000001 0.5171875 0.3062500000000001 0.5171875 0.3812500000000001 0.5546875 0.3812500000000001
0 0.5171875 0.3000000000000001 0.3984375 0.3000000000000001 0.3984375 0.3375000000000001 0.5171875 0.3375000000000001
0 0.5171875 0.2593750000000001 0.4234375 0.2593750000000001 0.4234375 0.3000000000000001 0.5171875 0.3000000000000001
0 0.4015625 0.3031250000000001 0.378125 0.3031250000000001 0.378125 0.3375000000000001 0.4015625 0.3375000000000001
0 0.31875 0.19375000000000003 0.3015625 0.19375000000000003 0.3015625 0.265625 0.31875 0.265625
2 0.2859375 0.284375 0.2625 0.284375 0.2625 0.321875 0.2859375 0.321875
1 0.3390625 0.334375 0.33125 0.334375 0.33125 0.353125 0.3390625 0.353125
1 0.346875 0.3359375 0.3375 0.3359375 0.3375 0.3546875 0.346875 0.3546875
2 0.3546875 0.3359375 0.3453125 0.3359375 0.3453125 0.346875 0.3546875 0.346875
1 0.321875 0.296875 0.315625 0.296875 0.315625 0.315625 0.321875 0.315625
2 0.325 0.3078125 0.321875 0.3078125 0.321875 0.3171875 0.325 0.3171875
1 0.3140625 0.29375 0.30625 0.29375 0.30625 0.315625 0.3140625 0.315625
1 0.334375 0.296875 0.3265625 0.296875 0.3265625 0.315625 0.334375 0.315625
1 0.39531250000000007 0.3734375000000001 0.38750000000000007 0.3734375000000001 0.38750000000000007 0.3921875000000001 0.39531250000000007 0.3921875000000001
1 0.40625 0.3734375000000001 0.4 0.3734375000000001 0.4 0.3937500000000001 0.40625 0.3937500000000001
1 0.415625 0.37187500000000007 0.4078125 0.37187500000000007 0.4078125 0.3921875000000001 0.415625 0.3921875000000001
1 0.4375 0.3750000000000001 0.428125 0.3750000000000001 0.428125 0.3921875000000001 0.4375 0.3921875000000001
1 0.4484375 0.37187500000000007 0.440625 0.37187500000000007 0.440625 0.3921875000000001 0.4484375 0.3921875000000001
1 0.4546875 0.3734375000000001 0.4484375 0.3734375000000001 0.4484375 0.3906250000000001 0.4546875 0.3906250000000001
1 0.584375 0.3546875000000001 0.5796875 0.3546875000000001 0.5796875 0.3734375000000001 0.584375 0.3734375000000001
1 0.59375 0.35625000000000007 0.5859375 0.35625000000000007 0.5859375 0.3734375000000001 0.59375 0.3734375000000001
1 0.6078125 0.3546875000000001 0.5984375 0.3546875000000001 0.5984375 0.3734375000000001 0.6078125 0.3734375000000001
1 0.3875 0.035937500000000046 0.375 0.035937500000000046 0.375 0.04843750000000004 0.3875 0.04843750000000004
1 0.3875 0.051562500000000046 0.3734375 0.051562500000000046 0.3734375 0.06562500000000004 0.3875 0.06562500000000004
1 0.3875 0.06562500000000004 0.3734375 0.06562500000000004 0.3734375 0.07500000000000004 0.3875 0.07500000000000004
1 0.5609375 0.40625 0.5515625 0.40625 0.5515625 0.4234375 0.5609375 0.4234375
1 0.6125 0.43125 0.60625 0.43125 0.60625 0.45 0.6125 0.45
1 0.7265625 0.3734375000000001 0.71875 0.3734375000000001 0.71875 0.3921875000000001 0.7265625 0.3921875000000001
1 0.7390625 0.3734375000000001 0.73125 0.3734375000000001 0.73125 0.3921875000000001 0.7390625 0.3921875000000001
1 0.7578125 0.3734375000000001 0.753125 0.3734375000000001 0.753125 0.3921875000000001 0.7578125 0.3921875000000001
1 0.771875 0.3734375000000001 0.7625 0.3734375000000001 0.7625 0.3921875000000001 0.771875 0.3921875000000001
1 0.7578125 0.2828125000000001 0.7484375 0.2828125000000001 0.7484375 0.3031250000000001 0.7578125 0.3031250000000001
1 0.7671875 0.2828125000000001 0.7609375 0.2828125000000001 0.7609375 0.30156250000000007 0.7671875 0.30156250000000007
1 0.7859375 0.2828125000000001 0.7765625 0.2828125000000001 0.7765625 0.30156250000000007 0.7859375 0.30156250000000007
1 0.796875 0.2828125000000001 0.7890625 0.2828125000000001 0.7890625 0.30156250000000007 0.796875 0.30156250000000007
0 0.7953125 0.19531250000000008 0.759375 0.19531250000000008 0.759375 0.2656250000000001 0.7953125 0.2656250000000001
1 0.7859375 0.2171875000000001 0.778125 0.2171875000000001 0.778125 0.2250000000000001 0.7859375 0.2250000000000001
1 0.7625 0.05937500000000009 0.753125 0.05937500000000009 0.753125 0.07812500000000008 0.7625 0.07812500000000008
1 0.775 0.05937500000000009 0.765625 0.05937500000000009 0.765625 0.07968750000000009 0.775 0.07968750000000009
2 0.7984375 0.05156250000000009 0.7796875 0.05156250000000009 0.7796875 0.07968750000000009 0.7984375 0.07968750000000009
2 0.7375 0.04375000000000009 0.7171875 0.04375000000000009 0.7171875 0.08125000000000009 0.7375 0.08125000000000009
1 0.5609375 0.09843750000000007 0.553125 0.09843750000000007 0.553125 0.11718750000000008 0.5609375 0.11718750000000008
1 0.48125 0.16406250000000006 0.4734375 0.16406250000000006 0.4734375 0.18125000000000005 0.48125 0.18125000000000005
1 0.4890625 0.16250000000000003 0.4828125 0.16250000000000003 0.4828125 0.18125000000000005 0.4890625 0.18125000000000005
1 0.3671875 0.13281250000000006 0.3625 0.13281250000000006 0.3625 0.14375000000000004 0.3671875 0.14375000000000004
1 0.4359375 0.16406250000000006 0.4296875 0.16406250000000006 0.4296875 0.17812500000000003 0.4359375 0.17812500000000003
1 0.41875 0.2687500000000001 0.4109375 0.2687500000000001 0.4109375 0.2765625000000001 0.41875 0.2765625000000001
0 0.365625 0.20000000000000004 0.359375 0.2 0.359375 0.26250000000000007 0.365625 0.26250000000000007
0 0.3359375 0.225 0.3234375 0.225 0.3234375 0.2609375 0.3359375 0.2609375
0 0.3515625 0.225 0.3375 0.225 0.3375 0.2609375 0.3515625 0.2609375
2 0.55625 0.3421875000000001 0.5375 0.3421875000000001 0.5375 0.3781250000000001 0.55625 0.3781250000000001
2 0.4953125 0.16250000000000003 0.4890625 0.16250000000000003 0.4890625 0.17343750000000005 0.4953125 0.17343750000000005
0 0.7390625 0.30937500000000007 0.7125 0.30937500000000007 0.7125 0.35625000000000007 0.7390625 0.35625000000000007
2 0.7765625 0.28593750000000007 0.76875 0.28593750000000007 0.76875 0.30156250000000007 0.7765625 0.30156250000000007
0 0.3781250000000001 0.615625 0.2968750000000001 0.615625 0.2968750000000001 0.65625 0.3781250000000001 0.65625
0 0.5359375 0.4984375 0.5109375 0.4984375 0.5109375 0.6046875 0.5359375 0.6046875
0 0.63125 0.5015625 0.625 0.5015625 0.625 0.5296875 0.63125 0.5296875
0 0.63125 0.540625 0.6265625 0.540625 0.6265625 0.665625 0.63125 0.665625
2 0.6625 0.50625 0.640625 0.50625 0.640625 0.5375 0.6625 0.5375
2 0.4984375 0.546875 0.490625 0.546875 0.490625 0.5578125 0.4984375 0.5578125
2 0.496875 0.5359375 0.4890625 0.5359375 0.4890625 0.5453125 0.496875 0.5453125
2 0.61875 0.565625 0.6125 0.565625 0.6125 0.5734375 0.61875 0.5734375
2 0.6203125 0.553125 0.6125 0.553125 0.6125 0.5625 0.6203125 0.5625
1 0.509375 0.609375 0.4953125 0.609375 0.4953125 0.621875 0.509375 0.621875
1 0.509375 0.5921875 0.4953125 0.5921875 0.4953125 0.6046875 0.509375 0.6046875
1 0.5125 0.5625 0.503125 0.5625 0.503125 0.5703125 0.5125 0.5703125
1 0.5 0.571875 0.490625 0.571875 0.490625 0.58125 0.5 0.58125
1 0.5015625 0.5609375 0.4921875 0.5609375 0.4921875 0.5703125 0.5015625 0.5703125
1 0.5109375 0.575 0.503125 0.575 0.503125 0.5859375 0.5109375 0.5859375
1 0.625 0.646875 0.6125 0.646875 0.6125 0.6625 0.625 0.6625
1 0.6890625 0.5171875 0.6828125 0.5171875 0.6828125 0.5359375 0.6890625 0.5359375
1 0.696875 0.515625 0.690625 0.515625 0.690625 0.5359375 0.696875 0.5359375
1 0.709375 0.5171875 0.7015625 0.5171875 0.7015625 0.5359375 0.709375 0.5359375
0 0.3765625000000001 0.921875 0.2953125000000001 0.921875 0.2953125000000001 0.9671875 0.3765625000000001 0.9671875
0 0.5359375000000002 0.80625 0.5078125000000002 0.80625 0.5078125000000002 0.9140625 0.5359375000000002 0.9140625
0 0.6296875000000002 0.8125 0.5890625000000002 0.8125 0.5890625000000002 0.9234375 0.6296875000000002 0.9234375
2 0.6203125000000002 0.8625 0.6109375000000001 0.8625 0.6109375000000001 0.8734375 0.6203125000000002 0.8734375
2 0.6187500000000001 0.875 0.6109375000000001 0.875 0.6109375000000001 0.884375 0.6187500000000001 0.884375
1 0.6250000000000002 0.8890625 0.6109375000000001 0.8890625 0.6109375000000001 0.903125 0.6250000000000002 0.903125
1 0.5093750000000001 0.91875 0.4937500000000002 0.91875 0.4937500000000002 0.9296875 0.5093750000000001 0.9296875
1 0.5078125000000002 0.9 0.49531250000000016 0.9 0.49531250000000016 0.9109375 0.5078125000000002 0.9109375
1 0.5000000000000002 0.878125 0.4906250000000002 0.878125 0.4906250000000002 0.8875 0.5000000000000002 0.8875
1 0.5015625000000001 0.86875 0.4906250000000002 0.86875 0.4906250000000002 0.8765625 0.5015625000000001 0.8765625
1 0.5109375000000002 0.86875 0.5031250000000002 0.86875 0.5031250000000002 0.8796875 0.5109375000000002 0.8796875
1 0.5125000000000002 0.8828125 0.5031250000000002 0.8828125 0.5031250000000002 0.890625 0.5125000000000002 0.890625
2 0.4968750000000002 0.84375 0.4890625000000002 0.84375 0.4890625000000002 0.8546875 0.4968750000000002 0.8546875
2 0.4968750000000002 0.8546875 0.4890625000000002 0.8546875 0.4890625000000002 0.865625 0.4968750000000002 0.865625
2 0.6625000000000002 0.8125 0.6421875000000001 0.8125 0.6421875000000001 0.8453125 0.6625000000000002 0.8453125
1 0.6906250000000002 0.8234375 0.6843750000000002 0.8234375 0.6843750000000002 0.8421875 0.6906250000000002 0.8421875
1 0.6984375000000002 0.821875 0.6906250000000002 0.821875 0.6906250000000002 0.8421875 0.6984375000000002 0.8421875
1 0.7109375000000002 0.8234375 0.7031250000000002 0.8234375 0.7031250000000002 0.84375 0.7109375000000002 0.84375
1 0.6125000000000002 0.7375 0.6062500000000002 0.7375 0.6062500000000002 0.7578125 0.6125000000000002 0.7578125
1 0.5609375000000001 0.7125 0.553125 0.7125 0.5531250000000001 0.73125 0.5609375000000002 0.73125
2 0.3656250000000001 0.625 0.35625000000000007 0.625 0.35625000000000007 0.6375 0.3656250000000001 0.6375
2 0.3734375000000001 0.6265625 0.3656250000000001 0.6265625 0.3656250000000001 0.6375 0.3734375000000001 0.6375
2 0.36406250000000007 0.9328125 0.3578125000000001 0.9328125 0.3578125000000001 0.9453125 0.36406250000000007 0.9453125
2 0.37187500000000007 0.934375 0.3656250000000001 0.934375 0.3656250000000001 0.9453125 0.37187500000000007 0.9453125
2 0.33281250000000007 0.8375 0.3203125000000001 0.8375 0.3203125000000001 0.8515625 0.33281250000000007 0.8515625