0 0.56875 0.35625000000000007 0.3328125 0.35625 0.33281250000000007 0.36718750000000006 0.56875 0.3671875000000001
0 0.3296875 0.359375 0.28125 0.359375 0.28125000000000006 0.3703125 0.3296875000000001 0.3703125
0 0.6265625 0.5375 0.6171875 0.5375 0.6171875 0.6328125 0.6265625 0.6328125
0 0.578125 0.6953125 0.33281250000000007 0.6953125 0.33281250000000007 0.70625 0.578125 0.70625
0 0.578125 0.6578125 0.4328125 0.6578125 0.4328125 0.671875 0.578125 0.671875
0 0.25468750000000007 0.525 0.2484375000000001 0.525 0.2484375000000001 0.6375 0.25468750000000007 0.6375
0 0.2843750000000001 0.6953125 0.2328125000000001 0.6953125 0.2328125000000001 0.70625 0.2843750000000001 0.70625
0 0.56875 0.3109375000000001 0.4125 0.3109375000000001 0.4125 0.3187500000000001 0.56875 0.3187500000000001
0 0.6203125 0.28593750000000007 0.5734375 0.28593750000000007 0.5734375 0.2968750000000001 0.6203125 0.2968750000000001
0 0.63125 0.1625000000000001 0.621875 0.1625000000000001 0.621875 0.2531250000000001 0.63125 0.2531250000000001
0 0.5578125 0.2875000000000001 0.525 0.2875000000000001 0.525 0.2953125000000001 0.5578125 0.2953125000000001
0 0.6 0.1671875000000001 0.59375 0.1671875000000001 0.59375 0.2468750000000001 0.6 0.2468750000000001
0 0.8046875 0.3515625000000001 0.6828125 0.3515625000000001 0.6828125 0.3593750000000001 0.8046875 0.3593750000000001
0 0.8390625 0.10312500000000009 0.8328125 0.10312500000000009 0.8328125 0.30937500000000007 0.8390625 0.30937500000000007
0 0.8328125 0.49531250000000016 0.8265625 0.49531250000000016 0.8265625 0.6687500000000002 0.8328125 0.6687500000000002
0 0.7875 0.6953125000000001 0.6828125 0.6953125 0.6828125 0.7015625000000001 0.7875 0.7015625000000002
0 0.6203125000000002 0.9234375 0.5656250000000002 0.9234375 0.5656250000000002 0.934375 0.6203125000000002 0.934375
0 0.5531250000000002 0.95 0.33281250000000007 0.95 0.33281250000000007 0.9578125 0.5531250000000002 0.9578125
0 0.5421875000000002 0.9234375 0.5000000000000002 0.9234375 0.5000000000000002 0.9328125 0.5421875000000002 0.9328125
1 0.6109375 0.2718750000000001 0.596875 0.2718750000000001 0.596875 0.28593750000000007 0.6109375 0.28593750000000007
2 0.334375 0.048437500000000036 0.2484375 0.048437500000000036 0.2484375 0.09687500000000003 0.334375 0.09687500000000004
1 0.3 0.026562500000000034 0.2859375 0.026562500000000034 0.2859375 0.048437500000000036 0.3 0.048437500000000036
2 0.3531250000000001 0.4203125 0.2515625000000001 0.4203125 0.2515625000000001 0.4921875 0.3531250000000001 0.4921875
1 0.30156250000000007 0.4015625 0.28593750000000007 0.4015625 0.28593750000000007 0.421875 0.30156250000000007 0.421875
1 0.3281250000000001 0.4078125 0.3140625000000001 0.4078125 0.3140625000000001 0.4296875 0.3281250000000001 0.4296875
1 0.5828125000000002 0.746875 0.5703125000000002 0.746875 0.5703125000000002 0.765625 0.5828125000000002 0.765625
1 0.578125 0.40625 0.55625 0.40625 0.55625 0.4296875 0.578125 0.4296875
2 0.39375 0.10000000000000005 0.334375 0.10000000000000005 0.334375 0.15156250000000004 0.39375 0.15156250000000004
2 0.3296875 0.12031250000000004 0.2859375 0.12031250000000004 0.2859375 0.14062500000000006 0.3296875 0.14062500000000006