1 0.2640625000000001 0.4015625 0.2234375000000001 0.4015625 0.2234375000000001 0.45625 0.2640625000000001 0.45625
1 0.415625 0.46875 0.37968750000000007 0.46875 0.37968750000000007 0.5234375 0.415625 0.5234375
2 0.2890625000000001 0.4609375 0.20468750000000008 0.4609375 0.20468750000000008 0.5328125 0.2890625000000001 0.5328125
0 0.7828125 0.5390625000000002 0.7625 0.5390625000000002 0.7625 0.7093750000000002 0.7828125 0.7093750000000002
0 0.6953125000000002 0.8109375 0.5921875000000002 0.8109375 0.5921875000000002 0.8328125 0.6953125000000002 0.8328125
0 0.4671875000000002 0.85 0.27031250000000007 0.85 0.27031250000000007 0.8765625 0.4671875000000002 0.8765625
0 0.4656250000000002 0.7515625 0.3296875000000001 0.7515625 0.3296875000000001 0.775 0.4656250000000002 0.775
0 0.2296875000000001 0.859375 0.20468750000000008 0.859375 0.20468750000000008 0.871875 0.2296875000000001 0.871875
0 0.459375 0.53125 0.3312500000000001 0.53125 0.3312500000000001 0.5515625 0.459375 0.5515625
0 0.509375 0.528125 0.4703125 0.528125 0.4703125 0.5484375 0.509375 0.5484375
0 0.5453125 0.521875 0.5296875 0.521875 0.5296875 0.578125 0.5453125 0.578125
0 0.5453125000000001 0.66875 0.528125 0.66875 0.5281250000000001 0.7265625 0.5453125000000002 0.7265625
1 0.7609375000000002 0.878125 0.7093750000000002 0.878125 0.7093750000000002 0.9140625 0.7609375000000002 0.9140625