0 0.803125 0.5781250000000001 0.6890625 0.578125 0.6890625 0.6703125000000001 0.803125 0.6703125000000002
0 0.8625 0.40625000000000017 0.8015625 0.40625000000000017 0.8015625 0.5781250000000002 0.8625 0.5781250000000002
0 0.628125 0.43125 0.5546875 0.43125 0.5546875 0.5484375 0.628125 0.5484375
0 0.5578125 0.571875 0.3140625000000001 0.571875 0.3140625000000001 0.6875 0.5578125 0.6875
0 0.5578125 0.54375 0.4078125 0.54375 0.4078125 0.63125 0.5578125 0.63125
0 0.32500000000000007 0.5703125 0.2468750000000001 0.5703125 0.2468750000000001 0.6921875 0.32500000000000007 0.6921875
0 0.3375 0.321875 0.2421875 0.321875 0.24218750000000006 0.40625 0.3375000000000001 0.40625
0 0.2750000000000001 0.428125 0.23437500000000008 0.428125 0.23437500000000008 0.5453125 0.2750000000000001 0.5453125
1 0.3765625000000001 0.4609375 0.34843750000000007 0.4609375 0.34843750000000007 0.509375 0.3765625000000001 0.509375
0 0.3843750000000001 0.4375 0.37187500000000007 0.4375 0.37187500000000007 0.53125 0.3843750000000001 0.53125
2 0.8546875 0.2828125000000001 0.8125 0.2828125000000001 0.8125 0.3546875000000001 0.8546875 0.3546875000000001
2 0.815625 0.2609375000000001 0.7578125 0.2609375000000001 0.7578125 0.3468750000000001 0.815625 0.3468750000000001
2 0.815625 0.2890625000000001 0.7953125 0.2890625000000001 0.7953125 0.3531250000000001 0.815625 0.3531250000000001
2 0.86875 0.2812500000000001 0.8546875 0.2812500000000001 0.8546875 0.3531250000000001 0.86875 0.3531250000000001
1 0.7890625 0.2515625000000001 0.7703125 0.2515625000000001 0.7703125 0.2906250000000001 0.7890625 0.2906250000000001
1 0.7640625 0.2500000000000001 0.7421875 0.2500000000000001 0.7421875 0.2921875000000001 0.7640625 0.2921875000000001
1 0.84375 0.46875000000000017 0.81875 0.46875000000000017 0.81875 0.5109375000000002 0.84375 0.5109375000000002
1 0.7609375 0.6000000000000002 0.7328125 0.6000000000000002 0.7328125 0.6468750000000002 0.7609375 0.6468750000000002
1 0.6109375 0.4609375 0.5765625 0.4609375 0.5765625 0.50625 0.6109375 0.50625
1 0.4984375000000001 0.7140625 0.4671875 0.7140625 0.4671875000000001 0.753125 0.4984375000000002 0.753125
1 0.4140625000000001 0.7125 0.38750000000000007 0.7125 0.38750000000000007 0.7515625 0.41406250000000017 0.7515625
1 0.4468750000000001 0.7125 0.4203125 0.7125 0.4203125000000001 0.753125 0.4468750000000002 0.753125
1 0.4687500000000001 0.7140625 0.446875 0.7140625 0.4468750000000001 0.7515625 0.46875000000000017 0.7515625
1 0.3750000000000001 0.4453125 0.35625000000000007 0.4453125 0.35625000000000007 0.475 0.3750000000000001 0.475
2 0.425 0.3671875000000001 0.3734375000000001 0.3671875000000001 0.3734375000000001 0.428125 0.425 0.428125
1 0.415625 0.3593750000000001 0.3875 0.3593750000000001 0.38750000000000007 0.3968750000000001 0.415625 0.3968750000000001
1 0.37187500000000007 0.36250000000000004 0.3484375 0.3625 0.34843750000000007 0.4 0.37187500000000007 0.4
1 0.384375 0.36250000000000004 0.3625 0.3625 0.36250000000000004 0.39843750000000006 0.3843750000000001 0.3984375000000001
1 0.309375 0.24375 0.2921875 0.24375 0.2921875 0.2828125 0.309375 0.2828125
1 0.33125 0.246875 0.309375 0.246875 0.309375 0.2859375 0.33125 0.2859375
1 0.2390625 0.24375 0.21875 0.24375 0.21875 0.2828125 0.2390625 0.2828125
1 0.259375 0.2421875 0.2359375 0.2421875 0.2359375 0.28125 0.259375 0.28125
2 0.2703125 0.2390625 0.2578125 0.2390625 0.2578125 0.2515625 0.2703125 0.2515625
2 0.3515625 0.2421875 0.334375 0.2421875 0.334375 0.2609375 0.3515625 0.2609375
2 0.2703125 0.2671875 0.2625 0.2671875 0.2625 0.2828125 0.2703125 0.2828125
2 0.2859375 0.271875 0.278125 0.271875 0.278125 0.2859375 0.2859375 0.2859375
2 0.278125 0.271875 0.2703125 0.271875 0.2703125 0.284375 0.278125 0.284375
1 0.24375000000000008 0.475 0.2156250000000001 0.475 0.2156250000000001 0.51875 0.24375000000000008 0.51875