1 0.2265625 0.12812500000000004 0.2015625 0.12812500000000004 0.2015625 0.16250000000000003 0.2265625 0.16250000000000003
0 0.35 0.13281250000000006 0.2375 0.13281250000000006 0.2375 0.14687500000000003 0.35 0.14687500000000003
1 0.3046875 0.10468750000000004 0.28125 0.10468750000000004 0.28125 0.13281250000000006 0.3046875 0.13281250000000006
1 0.03125000000000001 0.025 0.006250000000000003 0.025 0.0062500000000000056 0.0625 0.031250000000000014 0.0625
0 0.1015625 0.1609375 0.03281250000000002 0.1609375 0.03281250000000002 0.1734375 0.1015625 0.1734375
1 0.07656250000000002 0.1296875 0.059375000000000025 0.1296875 0.059375000000000025 0.159375 0.07656250000000002 0.159375
1 0.026562500000000034 0.25 0.0031250000000000305 0.25 0.0031250000000000327 0.2875 0.026562500000000034 0.2875
0 0.10312500000000005 0.4609375 0.05937500000000007 0.4609375 0.05937500000000007 0.471875 0.10312500000000005 0.471875
1 0.08437500000000006 0.4296875 0.06718750000000004 0.4296875 0.06718750000000005 0.45625 0.08437500000000006 0.45625
1 0.2218750000000001 0.434375 0.19375000000000003 0.434375 0.19375000000000003 0.4671875 0.2218750000000001 0.4671875
1 0.4734375 0.15156250000000004 0.4515625 0.15156250000000004 0.4515625 0.17812500000000003 0.4734375 0.17812500000000003
1 0.5578125 0.03125000000000007 0.540625 0.03125000000000007 0.540625 0.09062500000000007 0.5578125 0.09062500000000007
1 0.446875 0.19843750000000004 0.4234375 0.19843750000000004 0.4234375 0.22812500000000008 0.446875 0.22812500000000008
1 0.4640625 0.19843750000000004 0.4421875 0.19843750000000004 0.4421875 0.22812500000000008 0.4640625 0.22812500000000008
1 0.4875 0.2000000000000001 0.4671875 0.2000000000000001 0.4671875 0.2312500000000001 0.4875 0.2312500000000001
1 0.59375 0.2015625000000001 0.546875 0.2015625000000001 0.546875 0.22812500000000008 0.59375 0.22812500000000008
1 0.621875 0.2000000000000001 0.6046875 0.2000000000000001 0.6046875 0.2296875000000001 0.621875 0.2296875000000001
1 0.2359375 0.203125 0.19687500000000005 0.203125 0.19687500000000005 0.23125 0.2359375 0.23125
1 0.2671875 0.2 0.246875 0.2 0.246875 0.2328125 0.2671875 0.2328125
1 0.30000000000000004 0.321875 0.275 0.321875 0.275 0.3765625 0.3000000000000001 0.3765625
1 0.15156250000000004 0.3890625 0.12968750000000004 0.3890625 0.12968750000000004 0.428125 0.15156250000000004 0.428125
1 0.037500000000000054 0.434375 0.017187500000000057 0.434375 0.017187500000000057 0.4875 0.037500000000000054 0.4875
1 0.3671875 0.25000000000000006 0.346875 0.25 0.346875 0.28906250000000006 0.3671875 0.2890625000000001
1 0.3750000000000001 0.415625 0.34843750000000007 0.415625 0.34843750000000007 0.4421875 0.3750000000000001 0.4421875
1 0.453125 0.3359375000000001 0.4265625 0.3359375000000001 0.4265625 0.3765625000000001 0.453125 0.3765625000000001
1 0.45 0.4734375 0.3609375000000001 0.4734375 0.3609375000000001 0.50625 0.45 0.50625
1 0.4234375 0.5078125 0.3343750000000001 0.5078125 0.3343750000000001 0.5375 0.4234375 0.5375
0 0.0421875 0.012500000000000006 0.03125 0.012500000000000006 0.03125000000000001 0.1109375 0.04218750000000001 0.1109375
0 0.3484375 0.16250000000000003 0.08125000000000002 0.1625 0.08125000000000002 0.17500000000000002 0.3484375 0.17500000000000004
0 0.403125 0.028125000000000046 0.3890625 0.028125000000000046 0.3890625 0.09375000000000004 0.403125 0.09375000000000004
0 0.496875 0.18437500000000004 0.4265625 0.18437500000000004 0.4265625 0.19218750000000004 0.496875 0.19218750000000004
2 0.1140625 1.2055116929106758e-17 0.0828125 1.0141606305439019e-17 0.0828125 0.023437500000000014 0.1140625 0.023437500000000017
0 0.5703125 0.0031250000000000687 0.5609375 0.003125000000000068 0.5609375 0.12031250000000009 0.5703125 0.12031250000000009
2 0.02812500000000001 0.0640625 0.010937500000000008 0.0640625 0.01093750000000001 0.0828125 0.02812500000000001 0.0828125
0 0.014062500000000044 0.303125 0.0015625000000000367 0.303125 0.0015625000000000424 0.39375 0.01406250000000005 0.39375
0 0.30781250000000004 0.2890625 0.3 0.2890625 0.30000000000000004 0.4046875 0.3078125000000001 0.4046875
0 0.2484375000000001 0.46875 0.17812500000000003 0.46875 0.17812500000000003 0.4828125 0.2484375000000001 0.4828125
0 0.37812500000000004 0.3218750000000001 0.36875 0.3218750000000001 0.36875 0.3921875000000001 0.3781250000000001 0.3921875000000001
0 0.4609375 0.29375000000000007 0.453125 0.29375000000000007 0.453125 0.4203125 0.4609375 0.4203125
0 0.09218750000000003 0.25 0.023437500000000035 0.25 0.023437500000000035 0.2890625 0.09218750000000005 0.2890625
0 0.3937500000000001 0.45 0.3390625000000001 0.45 0.3390625000000001 0.45625 0.3937500000000001 0.45625
0 0.428125 0.446875 0.40625 0.446875 0.40625 0.4578125 0.428125 0.4578125
0 0.16562500000000005 0.3609375 0.14375000000000004 0.3609375 0.14375000000000004 0.4453125 0.16562500000000005 0.4453125
0 0.04687500000000004 0.3171875 0.03750000000000003 0.3171875 0.03750000000000004 0.3859375 0.04687500000000004 0.3859375
0 0.8015625 0.050000000000000086 0.75625 0.050000000000000086 0.75625 0.06250000000000008 0.8015625 0.06250000000000008
0 0.8859375 0.07812500000000011 0.8703125 0.07812500000000011 0.8703125 0.4671875000000002 0.8859375 0.4671875000000002
1 0.871875 0.2531250000000001 0.853125 0.2531250000000001 0.853125 0.2921875000000001 0.871875 0.2921875000000001
1 0.725 0.018750000000000086 0.6921875 0.018750000000000083 0.6921875 0.04843750000000009 0.725 0.04843750000000009
1 0.12031250000000009 0.76875 0.08750000000000009 0.76875 0.08750000000000009 0.8 0.12031250000000009 0.8
1 0.27031250000000007 0.778125 0.23437500000000008 0.778125 0.23437500000000008 0.8125 0.27031250000000007 0.8125
1 0.2875000000000001 0.653125 0.2671875000000001 0.653125 0.2671875000000001 0.7421875 0.2875000000000001 0.7421875
0 0.3000000000000001 0.596875 0.28593750000000007 0.596875 0.28593750000000007 0.7640625 0.3000000000000001 0.7640625
1 0.3125000000000001 0.646875 0.2968750000000001 0.646875 0.2968750000000001 0.7484375 0.3125000000000001 0.7484375
1 0.3843750000000001 0.6921875 0.3656250000000001 0.6921875 0.3656250000000001 0.7203125 0.3843750000000001 0.7203125
0 0.3968750000000001 0.6234375 0.38750000000000007 0.6234375 0.38750000000000007 0.7875 0.3968750000000001 0.7875
1 0.4140625000000001 0.71875 0.3937500000000001 0.71875 0.3937500000000001 0.7515625 0.41406250000000017 0.7515625
1 0.4109375000000002 0.8890625 0.3890625000000001 0.8890625 0.3890625000000001 0.9265625 0.4109375000000002 0.9265625
1 0.2406250000000001 0.9109375 0.2250000000000001 0.9109375 0.2250000000000001 0.940625 0.2406250000000001 0.940625
1 0.10625000000000014 0.9296875 0.09218750000000012 0.9296875 0.09218750000000012 0.9578125 0.10625000000000014 0.9578125
1 0.4203125 0.5671875 0.3859375000000001 0.5671875 0.3859375000000001 0.5953125 0.4203125 0.5953125
1 0.5953125 0.5609375 0.5609375 0.5609375 0.5609375 0.59375 0.5953125 0.59375
0 0.5390625 0.590625 0.4953125 0.590625 0.4953125 0.60625 0.5390625 0.60625
0 0.6171875000000001 0.6296875 0.609375 0.6296875 0.6093750000000001 0.8421875 0.6171875000000002 0.8421875
1 0.6046875 0.7140625 0.5828125 0.7140625 0.5828125000000001 0.7515625 0.6046875000000002 0.7515625
0 0.4234375000000001 0.628125 0.4125 0.628125 0.4125000000000001 0.8390625 0.4234375000000002 0.8390625
0 0.4234375000000002 0.84375 0.4125000000000002 0.84375 0.4125000000000002 0.98125 0.4234375000000002 0.98125
0 0.3609375000000001 0.5984375 0.3187500000000001 0.5984375 0.3187500000000001 0.609375 0.3609375000000001 0.609375
0 0.2531250000000001 0.8421875 0.24375000000000008 0.8421875 0.24375000000000008 1 0.2531250000000001 1
0 0.2171875000000001 0.8125 0.1687500000000001 0.8125 0.1687500000000001 0.8296875 0.2171875000000001 0.8296875
0 0.007812500000000114 0.85 0.0015625000000001042 0.85 0.001562500000000113 1 0.007812500000000121 1
0 0.009375000000000102 0.8125 9.950255243072244e-17 0.8125 1.0122471199202341e-16 0.840625 0.009375000000000102 0.840625
0 0.06562500000000009 0.8 0.0250000000000001 0.8 0.0250000000000001 0.8140625 0.06562500000000009 0.8140625
0 0.12031250000000011 0.8453125 0.11250000000000009 0.8453125 0.11250000000000011 1 0.12031250000000013 1