0 0.584375 0.5078125 0.2734375000000001 0.5078125 0.2734375000000001 0.528125 0.584375 0.528125
0 0.5859375 0.4875 0.4640625 0.4875 0.4640625 0.496875 0.5859375 0.496875
0 0.615625 0.3375000000000001 0.6046875 0.3375000000000001 0.6046875 0.425 0.615625 0.425
1 0.54375 0.471875 0.509375 0.471875 0.509375 0.4921875 0.54375 0.4921875
1 0.4609375 0.496875 0.4171875 0.496875 0.4171875 0.515625 0.4609375 0.515625
1 0.653125 0.3656250000000001 0.6375 0.3656250000000001 0.6375 0.3921875000000001 0.653125 0.3921875000000001
0 0.778125 0.4875000000000001 0.690625 0.4875 0.690625 0.5000000000000001 0.778125 0.5000000000000002
1 0.7453125 0.46562500000000007 0.7234375 0.465625 0.7234375 0.4921875000000001 0.7453125 0.49218750000000017
1 0.8078125 0.3609375000000001 0.7890625 0.3609375000000001 0.7890625 0.40156250000000016 0.8078125 0.40156250000000016
0 0.7234375000000002 0.80625 0.5921875000000002 0.80625 0.5921875000000002 0.8140625 0.7234375000000002 0.8140625
1 0.6687500000000002 0.7890625 0.6468750000000002 0.7890625 0.6468750000000002 0.8078125 0.6687500000000002 0.8078125
1 0.7406250000000001 0.7093750000000002 0.7296875 0.7093750000000002 0.7296875 0.7296875000000002 0.7406250000000002 0.7296875000000002
0 0.51875 0.4578125 0.471875 0.4578125 0.471875 0.471875 0.51875 0.471875
1 0.5140625 0.4453125 0.5046875 0.4453125 0.5046875 0.4609375 0.5140625 0.4609375
1 0.6078125 0.36406250000000007 0.59375 0.36406250000000007 0.59375 0.3843750000000001 0.6078125 0.3843750000000001
0 0.7234375000000002 0.828125 0.3921875000000001 0.828125 0.3921875000000001 0.840625 0.7234375000000002 0.840625
1 0.5890625000000002 0.8125 0.5421875000000002 0.8125 0.5421875000000002 0.83125 0.5890625000000002 0.83125
0 0.7500000000000001 0.6875000000000002 0.7390625 0.6875000000000002 0.7390625000000001 0.7734375000000002 0.7500000000000002 0.7734375000000002
0 0.6609375 0.3078125000000001 0.6484375 0.3078125000000001 0.6484375 0.4515625 0.6609375 0.4515625
0 0.8140625 0.30937500000000007 0.6484375 0.30937500000000007 0.6484375 0.32500000000000007 0.8140625 0.32500000000000007
0 0.7203125 0.4390625 0.65 0.4390625 0.65 0.446875 0.7203125 0.446875
1 0.640625 0.6125 0.6046875 0.6125 0.6046875 0.6421875 0.640625 0.6421875
1 0.590625 0.6140625 0.5578125 0.6140625 0.5578125 0.64375 0.590625 0.64375
1 0.71875 0.571875 0.703125 0.571875 0.703125 0.603125 0.71875 0.603125
1 0.7328125 0.5703125000000001 0.7171875 0.5703125 0.7171875 0.6031250000000001 0.7328125 0.6031250000000001
1 0.7515625 0.5687500000000002 0.73125 0.5687500000000002 0.73125 0.6031250000000001 0.7515625 0.6031250000000001
1 0.7859375 0.5703125000000002 0.75625 0.5703125000000002 0.75625 0.6015625000000002 0.7859375 0.6015625000000002
1 0.575 0.20468750000000008 0.55 0.20468750000000008 0.55 0.23593750000000008 0.575 0.23593750000000008
1 0.628125 0.2078125000000001 0.590625 0.2078125000000001 0.590625 0.2375000000000001 0.628125 0.2375000000000001