0 0.346875 0.17187500000000006 0.30625 0.17187500000000006 0.30625 0.228125 0.346875 0.228125
0 0.2640625000000001 0.4140625 0.2234375000000001 0.4140625 0.2234375000000001 0.459375 0.2640625000000001 0.459375
0 0.2796875000000001 0.46875 0.26250000000000007 0.46875 0.26250000000000007 0.53125 0.2796875000000001 0.53125
0 0.2640625000000001 0.4703125 0.2296875000000001 0.4703125 0.2296875000000001 0.56875 0.2640625000000001 0.56875
0 0.3046875000000001 0.571875 0.28593750000000007 0.571875 0.28593750000000007 0.653125 0.3046875000000001 0.653125
0 0.86875 0.6421875000000001 0.2093750000000001 0.6421875 0.2093750000000001 0.828125 0.86875 0.828125
0 0.3218750000000001 0.7265625 0.21250000000000008 0.7265625 0.21250000000000008 0.75 0.3218750000000001 0.75
0 0.4046875000000002 0.7265625 0.3453125000000001 0.7265625 0.3453125000000001 0.7515625 0.4046875000000002 0.7515625
0 0.6109375000000001 0.7734375 0.3281250000000001 0.7734375 0.3281250000000001 0.8015625 0.6109375000000001 0.8015625
0 0.7859375000000001 0.6203125 0.6125 0.6203125 0.6125 0.8109375 0.7859375000000002 0.8109375
0 0.76875 0.6125 0.7046875 0.6125 0.7046875000000001 0.7578125000000001 0.7687500000000002 0.7578125000000002
0 0.8328125 0.6687500000000002 0.7796875 0.6687500000000002 0.7796875000000001 0.7578125000000002 0.8328125 0.7578125000000002
0 0.89375 0.49218750000000017 0.78125 0.49218750000000017 0.78125 0.6078125000000002 0.89375 0.6078125000000002
0 0.8578125 0.5062500000000002 0.7828125 0.5062500000000002 0.7828125 0.5984375000000002 0.8578125 0.5984375000000002
2 0.88125 0.3078125000000001 0.8375 0.3078125000000001 0.8375 0.3859375000000001 0.88125 0.3859375000000001
0 0.5484375 0.3359375000000001 0.375 0.3359375000000001 0.37500000000000006 0.4703125 0.5484375 0.4703125
2 0.521875 0.4265625 0.4640625 0.4265625 0.4640625 0.4734375 0.521875 0.4734375
2 0.6296875 0.3750000000000001 0.55625 0.3750000000000001 0.55625 0.4765625 0.6296875 0.4765625
0 0.53125 0.5140625 0.5140625 0.5140625 0.5140625 0.653125 0.53125 0.653125
0 0.39687500000000003 0.29218750000000004 0.3015625 0.2921875 0.30156250000000007 0.46875 0.3968750000000001 0.46875
0 0.3031250000000001 0.434375 0.28593750000000007 0.434375 0.28593750000000007 0.5296875 0.3031250000000001 0.5296875
0 0.7625 0.35625000000000007 0.6859375 0.35625000000000007 0.6859375 0.49687500000000007 0.7625 0.4968750000000002
2 0.8453125 0.43750000000000017 0.765625 0.43750000000000017 0.765625 0.5093750000000001 0.8453125 0.5093750000000001
1 0.321875 0.2203125 0.3 0.2203125 0.3 0.240625 0.321875 0.240625
1 0.3203125 0.19531250000000006 0.3 0.19531250000000006 0.3 0.21875 0.3203125 0.21875
1 0.2296875000000001 0.3890625 0.22031250000000008 0.3890625 0.22031250000000008 0.41875 0.2296875000000001 0.41875
1 0.24375000000000008 0.3890625 0.2296875000000001 0.3890625 0.2296875000000001 0.415625 0.24375000000000008 0.415625
1 0.4921875 0.2906250000000001 0.478125 0.2906250000000001 0.478125 0.3312500000000001 0.4921875 0.3312500000000001
1 0.525 0.2921875000000001 0.50625 0.2921875000000001 0.50625 0.3312500000000001 0.525 0.3312500000000001
1 0.5421875 0.2906250000000001 0.521875 0.2906250000000001 0.521875 0.3343750000000001 0.5421875 0.3343750000000001
1 0.478125 0.409375 0.4640625 0.409375 0.4640625 0.4375 0.478125 0.4375
1 0.496875 0.409375 0.4796875 0.409375 0.4796875 0.4375 0.496875 0.4375
1 0.5109375 0.4078125 0.4953125 0.4078125 0.4953125 0.4421875 0.5109375 0.4421875
1 0.5875 0.35625000000000007 0.5703125 0.35625000000000007 0.5703125 0.38750000000000007 0.5875 0.38750000000000007
1 0.5984375 0.3515625000000001 0.584375 0.3515625000000001 0.584375 0.38750000000000007 0.5984375 0.38750000000000007
2 0.609375 0.3468750000000001 0.5984375 0.3468750000000001 0.5984375 0.36406250000000007 0.609375 0.36406250000000007
2 0.5 0.3125000000000001 0.49375 0.3125000000000001 0.49375 0.3203125000000001 0.5 0.3203125000000001
2 0.503125 0.29375000000000007 0.49375 0.29375000000000007 0.49375 0.3078125000000001 0.503125 0.3078125000000001
1 0.728125 0.3312500000000001 0.715625 0.3312500000000001 0.715625 0.3671875000000001 0.728125 0.3671875000000001
2 0.74375 0.3218750000000001 0.7328125 0.3218750000000001 0.7328125 0.3421875000000001 0.74375 0.3421875000000001
1 0.715625 0.3421875000000001 0.7 0.3421875000000001 0.7 0.3687500000000001 0.715625 0.3687500000000001
1 0.8515625 0.3578125000000001 0.8328125 0.3578125000000001 0.8328125 0.3812500000000001 0.8515625 0.3812500000000001
1 0.853125 0.3359375000000001 0.8328125 0.3359375000000001 0.8328125 0.3578125000000001 0.853125 0.3578125000000001
1 0.834375 0.5312500000000002 0.81875 0.5312500000000002 0.81875 0.5468750000000002 0.834375 0.5468750000000002
1 0.7109375000000002 0.759375 0.6984375000000002 0.759375 0.6984375000000002 0.7828125 0.7109375000000002 0.7828125
1 0.7359375000000001 0.6984375 0.721875 0.6984375 0.721875 0.7296875 0.7359375000000001 0.7296875000000002
2 0.2953125000000001 0.696875 0.2812500000000001 0.696875 0.2812500000000001 0.7140625 0.2953125000000001 0.7140625
1 0.26250000000000007 0.6984375 0.2484375000000001 0.6984375 0.2484375000000001 0.725 0.26250000000000007 0.725
1 0.27812500000000007 0.69375 0.26250000000000007 0.69375 0.26250000000000007 0.7265625 0.27812500000000007 0.7265625
2 0.4671875 0.2890625000000001 0.4296875 0.2890625000000001 0.4296875 0.33281250000000007 0.4671875 0.33281250000000007