0 0.3125000000000001 0.4140625 0.2953125000000001 0.4140625 0.2953125000000001 0.4625 0.3125000000000001 0.4625
0 0.2828125000000001 0.4140625 0.2328125000000001 0.4140625 0.2328125000000001 0.4609375 0.2828125000000001 0.4609375
0 0.4578125 0.35625000000000007 0.4328125 0.35625000000000007 0.4328125 0.4078125 0.4578125 0.4078125
0 0.521875 0.3546875000000001 0.459375 0.3546875000000001 0.459375 0.415625 0.521875 0.415625
0 0.35937500000000006 0.3578125 0.3140625 0.3578125 0.3140625 0.4625 0.3593750000000001 0.4625
0 0.3609375 0.359375 0.3125 0.359375 0.31250000000000006 0.4265625 0.3609375000000001 0.4265625
0 0.35781250000000003 0.3546875 0.3140625 0.3546875 0.3140625 0.396875 0.3578125000000001 0.396875
0 0.3281250000000001 0.5640625 0.2734375000000001 0.5640625 0.2734375000000001 0.609375 0.3281250000000001 0.609375
1 0.3125000000000001 0.5390625 0.3046875000000001 0.5390625 0.3046875000000001 0.5625 0.3125000000000001 0.5625
1 0.3187500000000001 0.5421875 0.3109375000000001 0.5421875 0.3109375000000001 0.5609375 0.3187500000000001 0.5609375
1 0.4953125 0.509375 0.4875 0.509375 0.4875 0.528125 0.4953125 0.528125
1 0.5046875 0.5109375 0.4953125 0.5109375 0.4953125 0.5296875 0.5046875 0.5296875
0 0.509375 0.534375 0.4515625 0.534375 0.4515625 0.5859375 0.509375 0.5859375
0 0.603125 0.5796875 0.53125 0.5796875 0.53125 0.6078125 0.603125 0.6078125
1 0.5609375 0.5515625 0.5484375 0.5515625 0.5484375 0.578125 0.5609375 0.578125
0 0.7015625 0.540625 0.6296875 0.540625 0.6296875 0.609375 0.7015625 0.609375
0 0.646875 0.08281250000000008 0.5609375 0.08281250000000007 0.5609375 0.11718750000000008 0.646875 0.11718750000000008
0 0.6859375 0.15000000000000008 0.6203125 0.15000000000000008 0.6203125 0.1828125000000001 0.6859375 0.1828125000000001
0 0.7046875 0.09375000000000008 0.61875 0.09375000000000007 0.61875 0.1437500000000001 0.7046875 0.1437500000000001
0 0.50625 0.12343750000000005 0.4734375 0.12343750000000005 0.4734375 0.16093750000000004 0.50625 0.16093750000000004
0 0.671875 0.35625000000000007 0.6265625 0.35625000000000007 0.6265625 0.4078125 0.671875 0.4078125
0 0.8578125 0.3453125000000001 0.7953125 0.3453125000000001 0.7953125 0.3968750000000001 0.8578125 0.3968750000000001
0 0.840625 0.15000000000000008 0.7953125 0.15000000000000008 0.7953125 0.18750000000000008 0.840625 0.18750000000000008