0 0.2375000000000001 0.7171875 0.14218750000000008 0.7171875 0.14218750000000008 0.746875 0.2375000000000001 0.746875
0 0.5937500000000001 0.7203125 0.2406250000000001 0.7203125 0.2406250000000001 0.7375 0.5937500000000002 0.7375
0 0.5953125 0.621875 0.434375 0.621875 0.434375 0.6421875 0.5953125 0.6421875
0 0.6453125 0.37187500000000007 0.6328125 0.37187500000000007 0.6328125 0.5875 0.6453125 0.5875
0 0.18593750000000003 0.20625 0.12343750000000005 0.20625 0.12343750000000005 0.26875 0.18593750000000003 0.26875
0 0.12187500000000007 0.3140625 0.10781250000000005 0.3140625 0.10781250000000006 0.6421875 0.1218750000000001 0.6421875
0 0.9234375 0.7437500000000001 0.6765625000000002 0.74375 0.6765625000000002 0.7578125000000001 0.9234375 0.7578125000000002
0 0.975 0.27031250000000007 0.9625 0.27031250000000007 0.9625 0.6875000000000002 0.975 0.6875000000000002
1 0.3843750000000001 0.7703125 0.34062500000000007 0.7703125 0.34062500000000007 0.8171875 0.3843750000000001 0.8171875
1 0.4546875000000002 0.7703125 0.39531250000000007 0.7703125 0.39531250000000007 0.8140625 0.4546875000000002 0.8140625
1 0.19062500000000002 0.17500000000000002 0.1671875 0.175 0.16718750000000002 0.2046875 0.19062500000000004 0.2046875