2 0.4453125 0.27031250000000007 0.415625 0.27031250000000007 0.415625 0.3234375000000001 0.4453125 0.3234375000000001
1 0.465625 0.2734375000000001 0.4453125 0.2734375000000001 0.4453125 0.3218750000000001 0.465625 0.3218750000000001
1 0.478125 0.2734375000000001 0.459375 0.2734375000000001 0.459375 0.3296875000000001 0.478125 0.3296875000000001
1 0.7375 0.0015625000000000886 0.7078125 0.0015625000000000868 0.7078125 0.04843750000000009 0.7375 0.04843750000000009
1 0.7578125 0.0015625000000000912 0.73125 0.0015625000000000894 0.73125 0.05312500000000009 0.7578125 0.05312500000000009
0 0.4921875 0.04375000000000005 0.45625 0.04375000000000005 0.45625 0.23437500000000008 0.4921875 0.23437500000000008
0 0.5015625 0.3781250000000001 0.45625 0.3781250000000001 0.45625 0.5140625 0.5015625 0.5140625
0 0.5265625 0.596875 0.45625 0.596875 0.4562500000000001 0.8953125 0.5265625000000002 0.8953125
0 0.6343750000000001 0.8984375 0.5250000000000001 0.8984375 0.5250000000000001 1 0.6343750000000001 1
0 0.7421875000000001 0.3734375000000001 0.6671875 0.3734375000000001 0.6671875 0.8984375 0.7421875000000002 0.8984375
0 0.7437500000000001 0.6062500000000001 0.6328125 0.60625 0.6328125000000001 0.8984375 0.7437500000000001 0.8984375
0 0.74375 0.3750000000000001 0.6546875 0.3750000000000001 0.6546875 0.5109375 0.74375 0.5109375000000002
1 0.4546875 0.44375 0.421875 0.44375 0.421875 0.475 0.4546875 0.475
1 0.45625 0.4140625 0.421875 0.4140625 0.421875 0.45625 0.45625 0.45625
1 0.4562500000000001 0.70625 0.421875 0.70625 0.4218750000000001 0.74375 0.45625000000000016 0.74375
1 0.45625000000000016 0.7453125 0.42187500000000017 0.7453125 0.42187500000000017 0.7875 0.45625000000000016 0.7875
1 0.7125 0.65625 0.675 0.65625 0.675 0.690625 0.7125 0.690625
1 0.7140625 0.6140625 0.6734375 0.6140625 0.6734375 0.653125 0.7140625 0.653125
1 0.7125 0.5703125 0.675 0.5703125 0.675 0.615625 0.7125 0.615625
2 0.7171875 0.6234375 0.7078125 0.6234375 0.7078125 0.634375 0.7171875 0.634375
1 0.44843750000000016 0.9125 0.43281250000000016 0.9125 0.43281250000000016 0.96875 0.44843750000000016 0.96875
1 0.47656250000000017 0.9171875 0.4500000000000002 0.9171875 0.4500000000000002 0.96875 0.47656250000000017 0.96875
2 0.4437500000000002 0.9640625 0.4359375000000002 0.9640625 0.4359375000000002 0.9765625 0.4437500000000002 0.9765625
1 0.3937500000000001 0.915625 0.3765625000000001 0.915625 0.3765625000000001 0.9703125 0.3937500000000001 0.9703125
1 0.40937500000000016 0.91875 0.38750000000000007 0.91875 0.38750000000000007 0.9671875 0.40937500000000016 0.9671875
0 0.6 0.09218750000000006 0.559375 0.09218750000000006 0.559375 0.1859375000000001 0.6 0.1859375000000001
2 0.7109375 8.543824934676456e-17 0.684375 8.381176531664698e-17 0.684375 0.050000000000000086 0.7109375 0.050000000000000086
1 0.4578125 0.10312500000000005 0.415625 0.10312500000000005 0.415625 0.14218750000000005 0.4578125 0.14218750000000005
1 0.4578125 0.13750000000000004 0.421875 0.13750000000000004 0.421875 0.16718750000000004 0.4578125 0.16718750000000004
2 0.4343750000000002 0.9296875 0.4031250000000002 0.9296875 0.4031250000000002 0.9671875 0.4343750000000002 0.9671875