0 0.55 0.2062500000000001 0.4546875 0.2062500000000001 0.4546875 0.4671875 0.55 0.4671875
0 0.503125 0.17656250000000004 0.3296875 0.17656250000000004 0.3296875 0.27343750000000006 0.503125 0.2734375000000001
0 0.459375 0.453125 5.5491808086364444e-17 0.453125 6.276314845630185e-17 0.571875 0.459375 0.571875
0 0.4578125 0.4 0.2984375000000001 0.4 0.2984375000000001 0.5078125 0.4578125 0.5078125
0 0.048437500000000015 0.1203125 1.4734031802241592e-17 0.1203125 2.114429239152852e-17 0.225 0.04843750000000002 0.225
0 0.8140625 0.4593750000000001 0.6703125 0.459375 0.6703125 0.5765625000000001 0.8140625 0.5765625000000002
0 0.8984375 0.2328125000000001 0.8109375 0.2328125000000001 0.8109375 0.46093750000000017 0.8984375 0.46093750000000017
1 0.4046875 0.12968750000000004 0.3796875 0.12968750000000004 0.3796875 0.16718750000000004 0.4046875 0.16718750000000004
1 0.4234375 0.12968750000000004 0.4046875 0.12968750000000004 0.4046875 0.17187500000000006 0.4234375 0.17187500000000006
1 0.01406250000000001 0.06875 8.419446744138053e-18 0.06875 1.1098361617272889e-17 0.1125 0.01406250000000001 0.1125
1 0.3906250000000001 0.4453125 0.37187500000000007 0.4453125 0.37187500000000007 0.4765625 0.3906250000000001 0.4765625
2 0.440625 0.12968750000000004 0.4265625 0.12968750000000004 0.4265625 0.14687500000000003 0.440625 0.14687500000000003