0 0.4328125 0.03437500000000005 0.3953125 0.034375000000000044 0.3953125 0.10781250000000005 0.4328125 0.10781250000000005
0 0.396875 0.12187500000000004 0.3578125 0.12187500000000004 0.3578125 0.259375 0.396875 0.2593750000000001
0 0.5890625 0.2468750000000001 0.5203125 0.2468750000000001 0.5203125 0.32500000000000007 0.5890625 0.32500000000000007
0 0.55625 0.13281250000000006 0.525 0.13281250000000006 0.525 0.24218750000000008 0.55625 0.24218750000000008
0 0.534375 0.2828125000000001 0.3953125 0.2828125000000001 0.39531250000000007 0.4046875 0.534375 0.4046875
0 0.53125 0.2843750000000001 0.453125 0.2843750000000001 0.453125 0.3625000000000001 0.53125 0.3625000000000001
0 0.51875 0.24375000000000008 0.490625 0.24375000000000008 0.490625 0.3265625000000001 0.51875 0.3265625000000001
0 0.44375 0.2828125000000001 0.396875 0.2828125000000001 0.396875 0.3609375000000001 0.44375 0.3609375000000001
0 0.6125 0.3265625000000001 0.5234375 0.3265625000000001 0.5234375 0.3984375000000001 0.6125 0.3984375000000001
0 0.78125 0.10781250000000009 0.74375 0.10781250000000009 0.74375 0.2765625000000001 0.78125 0.2765625000000001
0 0.7453125 0.028125000000000084 0.6109375 0.028125000000000077 0.6109375 0.09687500000000007 0.7453125 0.09687500000000009
0 0.73125 0.07500000000000008 0.63125 0.07500000000000007 0.63125 0.09687500000000007 0.73125 0.09687500000000009
0 0.478125 0.02968750000000005 0.396875 0.029687500000000044 0.396875 0.06406250000000005 0.478125 0.06406250000000006
0 0.503125 0.07343750000000007 0.4625 0.07343750000000007 0.4625 0.13906250000000003 0.503125 0.13906250000000003
2 0.609375 0.3656250000000001 0.55625 0.3656250000000001 0.55625 0.3921875000000001 0.609375 0.3921875000000001
1 0.46875 0.3734375000000001 0.459375 0.3734375000000001 0.459375 0.3906250000000001 0.46875 0.3906250000000001
1 0.4875 0.33281250000000007 0.484375 0.33281250000000007 0.484375 0.3515625000000001 0.4875 0.3515625000000001
1 0.4953125 0.33281250000000007 0.4875 0.33281250000000007 0.4875 0.3515625000000001 0.4953125 0.3515625000000001
1 0.459375 0.37187500000000007 0.453125 0.37187500000000007 0.453125 0.3906250000000001 0.459375 0.3906250000000001
1 0.5484375 0.29375000000000007 0.5421875 0.29375000000000007 0.5421875 0.3109375000000001 0.5484375 0.3109375000000001
1 0.54375 0.32500000000000007 0.5359375 0.32500000000000007 0.5359375 0.3421875000000001 0.54375 0.3421875000000001
1 0.5578125 0.2921875000000001 0.55 0.2921875000000001 0.55 0.3125000000000001 0.5578125 0.3125000000000001
1 0.571875 0.2921875000000001 0.5640625 0.2921875000000001 0.5640625 0.30937500000000007 0.571875 0.30937500000000007
1 0.58125 0.29375000000000007 0.5734375 0.29375000000000007 0.5734375 0.30937500000000007 0.58125 0.30937500000000007
1 0.4234375 0.33281250000000007 0.415625 0.33281250000000007 0.415625 0.3500000000000001 0.4234375 0.3500000000000001
2 0.365625 0.19531250000000006 0.353125 0.19531250000000006 0.353125 0.20625000000000004 0.365625 0.2062500000000001
1 0.365625 0.18593750000000003 0.3546875 0.18593750000000003 0.3546875 0.19062500000000004 0.365625 0.19062500000000004
1 0.365625 0.17500000000000004 0.3546875 0.17500000000000004 0.3546875 0.18750000000000006 0.365625 0.18750000000000006
1 0.5453125 0.10000000000000006 0.5328125 0.10000000000000005 0.5328125 0.10781250000000006 0.5453125 0.10781250000000009
1 0.5453125 0.09062500000000007 0.534375 0.09062500000000007 0.534375 0.10156250000000007 0.5453125 0.10156250000000008
1 0.546875 0.06875000000000006 0.534375 0.06875000000000006 0.534375 0.07812500000000007 0.546875 0.07812500000000007
1 0.546875 0.05156250000000007 0.5328125 0.05156250000000007 0.5328125 0.06250000000000007 0.546875 0.06250000000000007
1 0.5453125 0.042187500000000065 0.534375 0.042187500000000065 0.534375 0.05312500000000007 0.5453125 0.05312500000000007
1 0.5453125 0.021875000000000068 0.5328125 0.021875000000000068 0.5328125 0.032812500000000064 0.5453125 0.032812500000000064
1 0.5484375 0.012500000000000067 0.5359375 0.012500000000000067 0.5359375 0.023437500000000066 0.5484375 0.023437500000000066
1 0.4578125 0.039062500000000056 0.4484375 0.039062500000000056 0.4484375 0.05937500000000005 0.4578125 0.05937500000000007
1 0.4640625 0.04218750000000006 0.4578125 0.04218750000000006 0.4578125 0.057812500000000065 0.4640625 0.057812500000000065
2 0.471875 0.04062500000000006 0.465625 0.04062500000000006 0.465625 0.05156250000000007 0.471875 0.05156250000000007
2 0.3984375 0.2796875000000001 0.3796875 0.2796875000000001 0.3796875 0.3531250000000001 0.3984375 0.3531250000000001
1 0.396875 0.30156250000000007 0.384375 0.30156250000000007 0.384375 0.3109375000000001 0.396875 0.3109375000000001
1 0.3984375 0.2921875000000001 0.3859375 0.2921875000000001 0.3859375 0.3062500000000001 0.3984375 0.3062500000000001
1 0.3984375 0.27812500000000007 0.3859375 0.27812500000000007 0.3859375 0.29375000000000007 0.3984375 0.29375000000000007
2 0.5875 0.2953125000000001 0.58125 0.2953125000000001 0.58125 0.30156250000000007 0.5875 0.30156250000000007
1 0.5921875 0.3734375000000001 0.5890625 0.3734375000000001 0.5890625 0.3890625000000001 0.5921875 0.3890625000000001
1 0.6078125 0.3734375000000001 0.603125 0.3734375000000001 0.603125 0.3906250000000001 0.6078125 0.3906250000000001
1 0.5984375 0.3734375000000001 0.590625 0.3734375000000001 0.590625 0.3890625000000001 0.5984375 0.3890625000000001
2 0.5234375 0.4921875 0.5171875 0.4921875 0.5171875 0.509375 0.5234375 0.509375
1 0.5328125 0.4859375 0.5234375 0.4859375 0.5234375 0.5171875 0.5328125 0.5171875
1 0.51875 0.4859375 0.5015625 0.4859375 0.5015625 0.5171875 0.51875 0.5171875
2 0.5046875 0.484375 0.4953125 0.484375 0.4953125 0.5203125 0.5046875 0.5203125
2 0.5421875 0.4859375 0.5296875 0.4859375 0.5296875 0.5203125 0.5421875 0.5203125
0 0.5046875 0.6125 0.4765625 0.6125 0.4765625 0.6484375 0.5046875 0.6484375
0 0.51875 0.5453125 0.475 0.5453125 0.475 0.6296875 0.51875 0.6296875
0 0.521875 0.55 0.3812500000000001 0.55 0.3812500000000001 0.6109375 0.521875 0.6109375
0 0.4562500000000001 0.6484375 0.4078125 0.6484375 0.4078125000000001 0.7390625 0.45625000000000016 0.7390625
0 0.5859375000000001 0.684375 0.44375 0.684375 0.4437500000000001 0.73125 0.5859375000000002 0.73125
0 0.5843750000000001 0.684375 0.5 0.684375 0.5000000000000001 0.7328125 0.5843750000000002 0.7328125
0 0.4765625000000001 0.684375 0.440625 0.684375 0.4406250000000001 0.734375 0.47656250000000017 0.734375
1 0.5453125 0.696875 0.534375 0.696875 0.534375 0.7203125 0.5453125 0.7203125
2 0.4140625000000001 0.71875 0.4046875 0.71875 0.4046875000000001 0.73125 0.41406250000000017 0.73125
1 0.415625 0.709375 0.403125 0.709375 0.403125 0.71875 0.415625 0.71875
1 0.415625 0.703125 0.403125 0.703125 0.403125 0.7125 0.415625 0.7125
1 0.415625 0.5265625 0.403125 0.5265625 0.403125 0.546875 0.415625 0.546875
1 0.403125 0.525 0.3921875000000001 0.525 0.3921875000000001 0.5484375 0.403125 0.5484375
1 0.3890625000000001 0.525 0.3781250000000001 0.525 0.3781250000000001 0.546875 0.3890625000000001 0.546875
1 0.65625 0.06406250000000009 0.65 0.06406250000000009 0.65 0.08125000000000009 0.65625 0.08125000000000009
1 0.6640625 0.06250000000000008 0.65625 0.06250000000000008 0.65625 0.08125000000000009 0.6640625 0.08125000000000009
2 0.725 0.05156250000000009 0.6640625 0.05156250000000009 0.6640625 0.08437500000000009 0.725 0.08437500000000009
1 0.7046875 0.06562500000000009 0.6984375 0.06562500000000009 0.6984375 0.08125000000000009 0.7046875 0.08125000000000009
1 0.709375 0.06562500000000009 0.7015625 0.06562500000000009 0.7015625 0.0828125000000001 0.709375 0.0828125000000001
1 0.7203125 0.06406250000000009 0.7140625 0.06406250000000009 0.7140625 0.08125000000000009 0.7203125 0.08125000000000009
1 0.6921875 0.018750000000000083 0.6828125 0.018750000000000083 0.6828125 0.03593750000000009 0.6921875 0.03593750000000009
1 0.6828125 0.018750000000000083 0.675 0.018750000000000083 0.675 0.03593750000000008 0.6828125 0.03593750000000009
2 0.6765625 0.020312500000000084 0.66875 0.020312500000000084 0.66875 0.03437500000000008 0.6765625 0.03437500000000008
1 0.5796875000000001 0.8765625 0.5687500000000002 0.8765625 0.5687500000000002 0.9046875 0.5796875000000001 0.9046875
1 0.5906250000000002 0.875 0.5765625000000002 0.875 0.5765625000000002 0.9078125 0.5906250000000002 0.9078125
1 0.6078125000000002 0.8734375 0.5921875000000002 0.8734375 0.5921875000000002 0.90625 0.6078125000000002 0.90625
1 0.6250000000000002 0.8734375 0.6093750000000002 0.8734375 0.6093750000000002 0.9078125 0.6250000000000002 0.9078125
1 0.6375000000000002 0.875 0.6250000000000002 0.875 0.6250000000000002 0.9109375 0.6375000000000002 0.9109375
1 0.6578125000000001 0.8734375 0.6437500000000002 0.8734375 0.6437500000000002 0.909375 0.6578125000000001 0.909375
1 0.6703125000000002 0.875 0.6546875000000002 0.875 0.6546875000000002 0.9078125 0.6703125000000002 0.9078125
1 0.6890625000000001 0.8765625 0.6718750000000002 0.8765625 0.6718750000000002 0.90625 0.6890625000000001 0.90625
1 0.7015625000000002 0.8734375 0.6890625000000001 0.8734375 0.6890625000000001 0.909375 0.7015625000000002 0.909375
1 0.7218750000000002 0.871875 0.7062500000000002 0.871875 0.7062500000000002 0.9078125 0.7218750000000002 0.9078125
1 0.7359375000000001 0.875 0.7218750000000002 0.875 0.7218750000000002 0.909375 0.7359375000000001 0.909375
1 0.7500000000000002 0.8734375 0.7343750000000002 0.8734375 0.7343750000000002 0.90625 0.7500000000000002 0.90625
1 0.7687500000000002 0.8734375 0.7531250000000002 0.8734375 0.7531250000000002 0.9078125 0.7687500000000002 0.9078125
1 0.7843750000000002 0.8734375 0.7687500000000002 0.8734375 0.7687500000000002 0.90625 0.7843750000000002 0.90625
1 0.5546875000000002 0.875 0.5421875000000002 0.875 0.5421875000000002 0.9046875 0.5546875000000002 0.9046875
1 0.7953125000000002 0.9546875 0.7781250000000002 0.9546875 0.7781250000000002 0.9890625 0.7953125000000002 0.9890625
1 0.8140625 0.9515625 0.8 0.9515625 0.8 0.990625 0.8140625 0.990625