1 0.4015625 0.4796875 0.3687500000000001 0.4796875 0.3687500000000001 0.5140625 0.4015625 0.5140625
1 0.4 0.521875 0.37187500000000007 0.521875 0.37187500000000007 0.5609375 0.4 0.5609375
1 0.4015625 0.5640625 0.38750000000000007 0.5640625 0.38750000000000007 0.596875 0.4015625 0.596875
1 0.4 0.6046875 0.38750000000000007 0.6046875 0.38750000000000007 0.6375 0.4 0.6375
1 0.3984375000000001 0.64375 0.3609375000000001 0.64375 0.3609375000000001 0.6765625 0.3984375000000001 0.6765625
1 0.403125 0.68125 0.3734375000000001 0.68125 0.3734375000000001 0.715625 0.403125 0.715625
1 0.3984375000000001 0.7234375 0.3609375000000001 0.7234375 0.3609375000000001 0.75625 0.3984375000000001 0.75625
1 0.40156250000000016 0.8046875 0.3859375000000001 0.8046875 0.3859375000000001 0.8375 0.40156250000000016 0.8375
1 0.40156250000000016 0.76875 0.3890625000000001 0.76875 0.3890625000000001 0.7984375 0.40156250000000016 0.7984375
1 0.4000000000000002 0.85 0.37187500000000007 0.85 0.37187500000000007 0.88125 0.4000000000000002 0.88125
1 0.3984375000000001 0.8921875 0.3734375000000001 0.8921875 0.3734375000000001 0.91875 0.3984375000000001 0.91875
1 0.3984375000000001 0.9328125 0.3734375000000001 0.9328125 0.3734375000000001 0.9609375 0.3984375000000001 0.9609375
1 0.465625 0.48125 0.4234375 0.48125 0.4234375 0.5125 0.465625 0.5125
1 0.465625 0.559375 0.4234375 0.559375 0.4234375 0.5921875 0.465625 0.5921875
1 0.4640625 0.5265625 0.425 0.5265625 0.425 0.553125 0.4640625 0.553125
1 0.4671875 0.6078125 0.41875 0.6078125 0.41875 0.6328125 0.4671875 0.6328125
1 0.465625 0.6484375 0.4203125 0.6484375 0.4203125 0.675 0.465625 0.675
1 0.465625 0.6859375 0.4203125 0.6859375 0.4203125 0.7203125 0.465625 0.7203125
1 0.4656250000000002 0.7296875 0.4265625000000002 0.7296875 0.4265625000000002 0.7546875 0.4656250000000002 0.7546875
1 0.4625000000000002 0.7671875 0.4203125000000002 0.7671875 0.4203125000000002 0.7984375 0.4625000000000002 0.7984375
1 0.46406250000000016 0.809375 0.42500000000000016 0.809375 0.42500000000000016 0.8359375 0.46406250000000016 0.8359375
1 0.4656250000000002 0.8515625 0.42500000000000016 0.8515625 0.42500000000000016 0.88125 0.4656250000000002 0.88125
1 0.4656250000000002 0.8921875 0.42187500000000017 0.8921875 0.42187500000000017 0.9171875 0.4656250000000002 0.9171875
1 0.4625000000000002 0.934375 0.4203125000000002 0.934375 0.4203125000000002 0.9609375 0.4625000000000002 0.9609375
1 0.5265625 0.4828125 0.4890625 0.4828125 0.4890625 0.5125 0.5265625 0.5125
1 0.5265625 0.525 0.4859375 0.525 0.4859375 0.553125 0.5265625 0.553125
1 0.528125 0.565625 0.4890625 0.565625 0.4890625 0.5890625 0.528125 0.5890625
1 0.528125 0.6078125 0.4828125 0.6078125 0.4828125 0.63125 0.528125 0.63125
1 0.528125 0.6453125 0.484375 0.6453125 0.484375 0.675 0.528125 0.675
1 0.5265625 0.6875 0.4859375 0.6875 0.4859375 0.71875 0.5265625 0.71875
1 0.5265625000000002 0.7671875 0.4812500000000002 0.7671875 0.4812500000000002 0.79375 0.5265625000000002 0.79375
1 0.5296875000000002 0.7296875 0.48437500000000017 0.7296875 0.48437500000000017 0.7609375 0.5296875000000002 0.7609375
1 0.5281250000000002 0.8109375 0.48750000000000016 0.8109375 0.48750000000000016 0.8421875 0.5281250000000002 0.8421875
1 0.5328125000000001 0.8515625 0.48437500000000017 0.8515625 0.48437500000000017 0.878125 0.5328125000000001 0.878125
1 0.5296875000000002 0.890625 0.48437500000000017 0.890625 0.48437500000000017 0.9203125 0.5296875000000002 0.9203125
1 0.5234375000000002 0.934375 0.48750000000000016 0.934375 0.48750000000000016 0.9609375 0.5234375000000002 0.9609375
1 0.5890625 0.4828125 0.56875 0.4828125 0.56875 0.515625 0.5890625 0.515625
1 0.590625 0.521875 0.5515625 0.521875 0.5515625 0.5515625 0.590625 0.5515625
1 0.590625 0.5640625 0.5515625 0.5640625 0.5515625 0.5921875 0.590625 0.5921875
1 0.590625 0.6046875 0.5453125 0.6046875 0.5453125 0.63125 0.590625 0.63125
1 0.590625 0.6421875 0.55 0.6421875 0.55 0.6765625 0.590625 0.6765625
1 0.5890625 0.6890625 0.546875 0.6890625 0.546875 0.7140625 0.5890625 0.7140625
1 0.5890625000000002 0.7640625 0.5468750000000002 0.7640625 0.5468750000000002 0.796875 0.5890625000000002 0.796875
1 0.5890625000000002 0.728125 0.5484375000000001 0.728125 0.5484375000000001 0.7515625 0.5890625000000002 0.7515625
1 0.5890625000000002 0.809375 0.5500000000000002 0.809375 0.5500000000000002 0.840625 0.5890625000000002 0.840625
1 0.5906250000000002 0.846875 0.5500000000000002 0.846875 0.5500000000000002 0.88125 0.5906250000000002 0.88125
1 0.5937500000000002 0.8890625 0.5500000000000002 0.8890625 0.5500000000000002 0.9203125 0.5937500000000002 0.9203125
1 0.5906250000000002 0.9296875 0.5484375000000001 0.9296875 0.5484375000000001 0.959375 0.5906250000000002 0.959375
1 0.6546875 0.4796875 0.621875 0.4796875 0.621875 0.5171875 0.6546875 0.5171875
1 0.6546875 0.5265625 0.6140625 0.5265625 0.6140625 0.55625 0.6546875 0.55625
1 0.65625 0.565625 0.6140625 0.565625 0.6140625 0.59375 0.65625 0.59375
1 0.6546875 0.6078125 0.6125 0.6078125 0.6125 0.6328125 0.6546875 0.6328125
1 0.653125 0.6453125 0.6125 0.6453125 0.6125 0.6734375 0.653125 0.6734375
1 0.6546875 0.6859375 0.6125 0.6859375 0.6125 0.71875 0.6546875 0.71875
1 0.6500000000000001 0.728125 0.6125000000000002 0.728125 0.6125000000000002 0.75625 0.6500000000000001 0.75625
1 0.6531250000000002 0.765625 0.6140625000000002 0.765625 0.6140625000000002 0.7984375 0.6531250000000002 0.7984375
1 0.6515625000000002 0.8125 0.6109375000000001 0.8125 0.6109375000000001 0.8359375 0.6515625000000002 0.8359375
1 0.6515625000000002 0.8515625 0.6125000000000002 0.8515625 0.6125000000000002 0.8765625 0.6515625000000002 0.8765625
1 0.6500000000000001 0.8890625 0.6125000000000002 0.8890625 0.6125000000000002 0.91875 0.6500000000000001 0.91875
1 0.6546875000000002 0.93125 0.6093750000000002 0.93125 0.6093750000000002 0.9640625 0.6546875000000002 0.9640625
1 0.7171875 0.4828125 0.7 0.4828125 0.7 0.5125 0.7171875 0.5125
1 0.7171875 0.5234375 0.6984375 0.5234375 0.6984375 0.5515625 0.7171875 0.5515625
1 0.71875 0.565625 0.6890625 0.565625 0.6890625 0.59375 0.71875 0.59375
1 0.7140625 0.6046875 0.69375 0.6046875 0.69375 0.6375 0.7140625 0.6375
1 0.7171875 0.646875 0.6875 0.646875 0.6875 0.675 0.7171875 0.675
1 0.7140625 0.6890625 0.6890625 0.6890625 0.6890625 0.7109375 0.7140625 0.7109375
1 0.7234375000000002 0.728125 0.6921875000000002 0.728125 0.6921875000000002 0.75625 0.7234375000000002 0.75625
1 0.7171875000000002 0.7703125 0.6906250000000002 0.7703125 0.6906250000000002 0.8015625 0.7171875000000002 0.8015625
1 0.7171875000000002 0.8109375 0.6859375000000002 0.8109375 0.6859375000000002 0.8390625 0.7171875000000002 0.8390625
1 0.7171875000000002 0.8515625 0.6906250000000002 0.8515625 0.6906250000000002 0.8828125 0.7171875000000002 0.8828125
1 0.7171875000000002 0.8890625 0.6859375000000002 0.8890625 0.6859375000000002 0.9203125 0.7171875000000002 0.9203125
1 0.7140625000000002 0.934375 0.6906250000000002 0.934375 0.6906250000000002 0.9625 0.7140625000000002 0.9625
1 0.7796875000000002 0.9296875 0.7406250000000002 0.9296875 0.7406250000000002 0.9609375 0.7796875000000002 0.9609375
1 0.7812500000000002 0.8890625 0.7406250000000002 0.8890625 0.7406250000000002 0.921875 0.7812500000000002 0.921875
1 0.7781250000000002 0.85 0.7406250000000002 0.85 0.7406250000000002 0.88125 0.7781250000000002 0.88125
1 0.778125 0.4812500000000002 0.7375 0.4812500000000002 0.7375 0.5109375000000002 0.778125 0.5109375000000002
1 0.7828125 0.5593750000000002 0.7359375 0.5593750000000002 0.7359375 0.5984375000000002 0.7828125 0.5984375000000002
1 0.784375 0.5265625000000002 0.7375 0.5265625000000002 0.7375 0.5546875000000002 0.784375 0.5546875000000002
1 0.7796875 0.6406250000000002 0.7359375 0.6406250000000002 0.7359375 0.6781250000000002 0.7796875 0.6781250000000002
1 0.7765625 0.6062500000000002 0.7390625 0.6062500000000002 0.7390625 0.6328125000000002 0.7765625 0.6328125000000002
1 0.7796875 0.6875000000000002 0.7359375 0.6875000000000002 0.7359375 0.7187500000000002 0.7796875 0.7187500000000002
1 0.7796875000000002 0.7281250000000001 0.7390625000000002 0.7281250000000001 0.7390625000000002 0.7593750000000001 0.7796875000000002 0.7593750000000001
1 0.7796875000000002 0.7671875000000001 0.7375000000000002 0.7671875000000001 0.7375000000000002 0.7984375000000001 0.7796875000000002 0.7984375000000001
1 0.7796875000000002 0.809375 0.7343750000000002 0.809375 0.7343750000000002 0.8375 0.7796875000000002 0.8375
1 0.846875 0.48437500000000017 0.8015625 0.48437500000000017 0.8015625 0.5093750000000001 0.846875 0.5093750000000001
1 0.8421875 0.5250000000000001 0.8 0.5250000000000001 0.8 0.5468750000000002 0.8421875 0.5468750000000002
1 0.8421875 0.5656250000000002 0.7984375 0.5656250000000002 0.7984375 0.5906250000000002 0.8421875 0.5906250000000002
1 0.8453125 0.6046875000000002 0.8 0.6046875000000002 0.8 0.6328125000000002 0.8453125 0.6328125000000002
1 0.84375 0.6453125000000002 0.8015625 0.6453125000000002 0.8015625 0.6765625000000002 0.84375 0.6765625000000002
1 0.846875 0.6859375000000002 0.8015625 0.6859375000000002 0.8015625 0.7125000000000001 0.846875 0.7125000000000001
1 0.8421875 0.7250000000000002 0.796875 0.7250000000000002 0.7968750000000001 0.7562500000000002 0.8421875 0.7562500000000002
1 0.8453125 0.7703125000000002 0.803125 0.7703125000000002 0.803125 0.7968750000000002 0.8453125 0.7968750000000002
1 0.8421875 0.8078125 0.8015625 0.8078125 0.8015625 0.8390625 0.8421875 0.8390625
1 0.84375 0.8515625 0.8 0.8515625 0.8 0.878125 0.84375 0.878125
1 0.8453125 0.8921875 0.803125 0.8921875 0.803125 0.921875 0.8453125 0.921875
1 0.840625 0.93125 0.815625 0.93125 0.815625 0.9609375 0.840625 0.9609375
0 0.753125 0.23437500000000008 0.6578125 0.23437500000000008 0.6578125 0.2453125000000001 0.753125 0.2453125000000001
0 0.6109375 0.2296875000000001 0.403125 0.2296875000000001 0.403125 0.2375000000000001 0.6109375 0.2375000000000001
0 0.403125 0.22812500000000008 0.3671875 0.22812500000000008 0.3671875 0.2375000000000001 0.403125 0.2375000000000001
0 0.640625 0.07812500000000008 0.6328125 0.07812500000000007 0.6328125 0.10468750000000009 0.640625 0.10468750000000009
0 0.64375 0.1296875000000001 0.6328125 0.1296875000000001 0.6328125 0.1625000000000001 0.64375 0.1625000000000001