1 0.7140625 0.06250000000000008 0.6921875 0.06250000000000008 0.6921875 0.10000000000000009 0.7140625 0.10000000000000009
1 0.3671875 0.06406250000000005 0.3484375 0.06406250000000005 0.3484375 0.09687500000000004 0.3671875 0.09687500000000004
1 0.3828125 0.06093750000000005 0.3703125 0.06093750000000005 0.3703125 0.10156250000000004 0.3828125 0.10156250000000004
1 0.4 0.06562500000000004 0.3890625 0.06562500000000004 0.3890625 0.09843750000000004 0.4 0.09843750000000004
1 0.4171875 0.057812500000000044 0.4 0.057812500000000044 0.4 0.09843750000000004 0.4171875 0.09843750000000004
1 0.44375 0.06250000000000004 0.4234375 0.06250000000000004 0.4234375 0.10000000000000005 0.44375 0.10000000000000005
1 0.45625 0.06250000000000006 0.440625 0.06250000000000004 0.440625 0.09687500000000006 0.45625 0.09687500000000007
1 0.7359375 0.06093750000000009 0.7171875 0.06093750000000009 0.7171875 0.10156250000000008 0.7359375 0.10156250000000008
1 0.7484375 0.06406250000000009 0.7375 0.06406250000000009 0.7375 0.0984375000000001 0.7484375 0.0984375000000001
1 0.7609375 0.06093750000000009 0.75 0.06093750000000009 0.75 0.10156250000000008 0.7609375 0.10156250000000008
1 0.790625 0.06250000000000008 0.7734375 0.06250000000000008 0.7734375 0.09687500000000009 0.790625 0.09687500000000009
1 0.803125 0.06093750000000009 0.7875 0.06093750000000009 0.7875 0.10468750000000009 0.803125 0.10468750000000009