0 0.12500000000000006 0.2578125 0.06562500000000002 0.2578125 0.06562500000000003 0.3296875 0.12500000000000006 0.3296875
0 0.2453125 0.275 0.2046875 0.275 0.2046875 0.3328125 0.2453125 0.3328125
0 0.059375000000000025 0.184375 0.035937500000000025 0.184375 0.035937500000000025 0.2453125 0.059375000000000025 0.2453125
0 0.04218750000000003 0.2046875 0.001562500000000025 0.2046875 0.001562500000000027 0.240625 0.04218750000000003 0.240625
0 0.026562500000000044 0.315625 0.001562500000000039 0.315625 0.0015625000000000452 0.41875 0.026562500000000055 0.41875
0 0.428125 0.4359375 0.026562500000000055 0.4359375 0.026562500000000062 0.54375 0.428125 0.54375
0 0.14843750000000006 0.4171875 0.06562500000000004 0.4171875 0.06562500000000004 0.4484375 0.14843750000000006 0.4484375
0 0.13125000000000003 0.4359375 0.026562500000000055 0.4359375 0.026562500000000055 0.496875 0.13125000000000003 0.496875
0 0.4796875 0.3312500000000001 0.4265625 0.3312500000000001 0.4265625 0.534375 0.4796875 0.534375
0 0.48125 0.3296875000000001 0.4265625 0.3296875000000001 0.4265625 0.415625 0.48125 0.415625
0 0.428125 0.4125 0.3343750000000001 0.4125 0.3343750000000001 0.515625 0.428125 0.515625
0 0.44375 0.4125 0.36406250000000007 0.4125 0.36406250000000007 0.478125 0.44375 0.478125
0 0.390625 0.26093750000000004 0.353125 0.2609375 0.353125 0.33437500000000003 0.390625 0.3343750000000001
0 0.56875 0.27812500000000007 0.5296875 0.27812500000000007 0.5296875 0.33281250000000007 0.56875 0.33281250000000007
0 0.7484375 0.3031250000000001 0.6359375 0.3031250000000001 0.6359375 0.4468750000000001 0.7484375 0.4468750000000002
0 0.6859375 0.3453125000000001 0.6359375 0.3453125000000001 0.6359375 0.4046875 0.6859375 0.4046875
0 0.6359375 0.44375 0.553125 0.44375 0.553125 0.5125 0.6359375 0.5125
2 0.709375 0.44375 0.6328125 0.44375 0.6328125 0.5921875 0.709375 0.5921875