0 0.6109375 0.6125 0.3265625000000001 0.6125 0.3265625000000001 0.6953125 0.6109375 0.6953125
0 0.6140625 0.571875 0.3921875000000001 0.571875 0.3921875000000001 0.6453125 0.6140625 0.6453125
0 0.646875 0.3984375000000001 0.609375 0.3984375000000001 0.609375 0.571875 0.646875 0.571875
0 0.3312500000000001 0.6140625 0.2593750000000001 0.6140625 0.2593750000000001 0.69375 0.3312500000000001 0.69375
0 0.2593750000000001 0.3765625 0.21875000000000008 0.3765625 0.21875000000000008 0.590625 0.2593750000000001 0.590625
0 0.2890625 0.296875 0.259375 0.296875 0.259375 0.353125 0.2890625 0.353125
0 0.38593750000000004 0.33593750000000006 0.33125 0.3359375 0.33125000000000004 0.3921875 0.3859375000000001 0.3921875000000001
0 0.6984375 0.3281250000000001 0.575 0.3281250000000001 0.575 0.3968750000000001 0.6984375 0.3968750000000001
0 0.8578125 0.3546875000000001 0.8203125 0.3546875000000001 0.8203125 0.6171875000000002 0.8578125 0.6171875000000002
0 0.2156250000000001 0.6859375 0.20312500000000008 0.6859375 0.20312500000000008 0.725 0.2156250000000001 0.725
1 0.2953125000000001 0.696875 0.28593750000000007 0.696875 0.28593750000000007 0.7171875 0.2953125000000001 0.7171875
1 0.3031250000000001 0.6984375 0.29375000000000007 0.6984375 0.29375000000000007 0.7140625 0.3031250000000001 0.7140625
1 0.5046875 0.6453125 0.496875 0.6453125 0.496875 0.6640625 0.5046875 0.6640625
1 0.5125 0.64375 0.5046875 0.64375 0.5046875 0.6640625 0.5125 0.6640625
1 0.4984375 0.64375 0.4890625 0.64375 0.4890625 0.6640625 0.4984375 0.6640625
1 0.4703125 0.696875 0.4640625 0.696875 0.4640625 0.7125 0.4703125 0.7125
1 0.4796875 0.6984375 0.4703125 0.6984375 0.4703125 0.715625 0.4796875 0.715625
1 0.4640625 0.696875 0.45625 0.696875 0.45625 0.715625 0.4640625 0.715625
1 0.6546875 0.4921875 0.6421875 0.4921875 0.6421875 0.5046875 0.6546875 0.5046875
1 0.653125 0.4796875 0.6421875 0.4796875 0.6421875 0.490625 0.653125 0.490625
1 0.653125 0.4671875 0.6421875 0.4671875 0.6421875 0.48125 0.653125 0.48125
2 0.6625 0.3125000000000001 0.6546875 0.3125000000000001 0.6546875 0.3312500000000001 0.6625 0.3312500000000001
1 0.675 0.3109375000000001 0.6671875 0.3109375000000001 0.6671875 0.3296875000000001 0.675 0.3296875000000001
1 0.6828125 0.3125000000000001 0.675 0.3125000000000001 0.675 0.3312500000000001 0.6828125 0.3312500000000001
1 0.6421875 0.3109375000000001 0.6375 0.3109375000000001 0.6375 0.3296875000000001 0.6421875 0.3296875000000001
1 0.6546875 0.3109375000000001 0.6453125 0.3109375000000001 0.6453125 0.3296875000000001 0.6546875 0.3296875000000001
1 0.371875 0.3296875000000001 0.3640625 0.3296875000000001 0.3640625 0.34843750000000007 0.371875 0.34843750000000007
1 0.378125 0.3234375000000001 0.36875 0.3234375000000001 0.36875 0.34062500000000007 0.378125 0.34062500000000007
1 0.2765625 0.2828125 0.26875 0.2828125 0.26875 0.3 0.2765625 0.3
1 0.2859375 0.2859375 0.2765625 0.2859375 0.2765625 0.3015625 0.2859375 0.3015625
2 0.2921875 0.2890625 0.284375 0.2890625 0.284375 0.2984375 0.2921875 0.2984375
1 0.86875 0.5078125000000002 0.85625 0.5078125000000002 0.85625 0.5187500000000002 0.86875 0.5187500000000002
1 0.8671875 0.4937500000000002 0.8578125 0.4937500000000002 0.8578125 0.5078125000000002 0.8671875 0.5078125000000002
1 0.8703125 0.48437500000000017 0.85625 0.48437500000000017 0.85625 0.4937500000000002 0.8703125 0.4937500000000002
1 0.8703125 0.4671875000000002 0.8578125 0.4671875000000002 0.8578125 0.4812500000000002 0.8703125 0.4812500000000002
1 0.86875 0.45625000000000016 0.8578125 0.45625000000000016 0.8578125 0.4671875000000002 0.86875 0.4671875000000002
2 0.8734375 0.47968750000000016 0.865625 0.47968750000000016 0.865625 0.48750000000000016 0.8734375 0.48750000000000016
1 0.21875000000000008 0.50625 0.2062500000000001 0.50625 0.2062500000000001 0.515625 0.21875000000000008 0.515625
1 0.21875000000000008 0.465625 0.2062500000000001 0.465625 0.2062500000000001 0.4765625 0.21875000000000008 0.4765625
1 0.21875000000000008 0.4546875 0.2062500000000001 0.4546875 0.2062500000000001 0.465625 0.21875000000000008 0.465625
1 0.21875000000000008 0.490625 0.2062500000000001 0.490625 0.2062500000000001 0.5046875 0.21875000000000008 0.5046875
1 0.21875000000000008 0.4828125 0.2062500000000001 0.4828125 0.2062500000000001 0.4921875 0.21875000000000008 0.4921875
1 0.2171875000000001 0.6640625 0.20468750000000008 0.6640625 0.20468750000000008 0.6828125 0.2171875000000001 0.6828125