0 0.640625 0.37500000000000006 0.2593750000000001 0.375 0.2593750000000001 0.39375000000000004 0.640625 0.3937500000000001
0 0.2531250000000001 0.3765625 0.22031250000000008 0.3765625 0.22031250000000008 0.3953125 0.2531250000000001 0.3953125
0 0.2921875 0.3171875 0.228125 0.3171875 0.228125 0.3359375 0.2921875 0.3359375
0 0.271875 0.05312500000000002 0.2 0.05312500000000002 0.2 0.06718750000000002 0.271875 0.06718750000000002
0 0.6796875 0.1468750000000001 0.665625 0.1468750000000001 0.665625 0.23593750000000008 0.6796875 0.23593750000000008
0 0.8 0.3390625000000001 0.7671875 0.3390625000000001 0.7671875 0.3531250000000001 0.8 0.3531250000000001
0 0.896875 0.1625000000000001 0.884375 0.1625000000000001 0.884375 0.2234375000000001 0.896875 0.2234375000000001
0 0.859375 0.0531250000000001 0.709375 0.05312500000000009 0.709375 0.0687500000000001 0.859375 0.06875000000000012
1 0.4734375000000002 0.91875 0.44062500000000016 0.91875 0.44062500000000016 0.9578125 0.4734375000000002 0.9578125
1 0.48437500000000017 0.8640625 0.4359375000000002 0.8640625 0.4359375000000002 0.909375 0.48437500000000017 0.909375
1 0.4750000000000002 0.815625 0.43750000000000017 0.815625 0.43750000000000017 0.8546875 0.4750000000000002 0.8546875
1 0.4781250000000002 0.7640625 0.43750000000000017 0.7640625 0.43750000000000017 0.796875 0.4781250000000002 0.796875
1 0.4781250000000001 0.715625 0.4375 0.715625 0.4375000000000001 0.746875 0.4781250000000002 0.746875
1 0.478125 0.6625 0.4328125 0.6625 0.4328125 0.6953125 0.478125 0.6953125
1 0.484375 0.60625 0.434375 0.60625 0.434375 0.640625 0.484375 0.640625
1 0.4703125 0.55625 0.446875 0.55625 0.446875 0.59375 0.4703125 0.59375
1 0.4734375 0.503125 0.45 0.503125 0.45 0.54375 0.4734375 0.54375
1 0.5828125 0.5546875 0.55 0.5546875 0.55 0.5890625 0.5828125 0.5890625
1 0.578125 0.503125 0.5546875 0.503125 0.5546875 0.534375 0.578125 0.534375
1 0.6000000000000002 0.9203125 0.5375000000000002 0.9203125 0.5375000000000002 0.9578125 0.6000000000000002 0.9578125
1 0.5859375000000002 0.8671875 0.5468750000000002 0.8671875 0.5468750000000002 0.90625 0.5859375000000002 0.90625
1 0.5734375000000002 0.8125 0.5562500000000001 0.8125 0.5562500000000001 0.8546875 0.5734375000000002 0.8546875
1 0.5859375000000002 0.7609375 0.5468750000000002 0.7609375 0.5468750000000002 0.8015625 0.5859375000000002 0.8015625
1 0.5921875000000001 0.7140625 0.5421875 0.7140625 0.5421875 0.7484375 0.5921875000000002 0.7484375
1 0.59375 0.6609375 0.5421875 0.6609375 0.5421875 0.696875 0.59375 0.696875
1 0.5859375 0.60625 0.5453125 0.60625 0.5453125 0.64375 0.5859375 0.64375
1 0.6984375 0.5546875 0.66875 0.5546875 0.66875 0.584375 0.6984375 0.584375
1 0.696875 0.5015625 0.671875 0.5015625 0.671875 0.5375 0.696875 0.5375
1 0.7203125 0.65625 0.653125 0.65625 0.653125 0.7 0.7203125 0.7
1 0.690625 0.6078125 0.678125 0.6078125 0.678125 0.6390625 0.690625 0.6390625
1 0.7078125000000002 0.759375 0.6687500000000002 0.759375 0.6687500000000002 0.8015625 0.7078125000000002 0.8015625
1 0.70625 0.709375 0.6671875 0.709375 0.6671875 0.746875 0.7062500000000002 0.746875
1 0.7140625000000002 0.921875 0.6593750000000002 0.921875 0.6593750000000002 0.9546875 0.7140625000000002 0.9546875
1 0.7046875000000001 0.86875 0.6625000000000002 0.86875 0.6625000000000002 0.90625 0.7046875000000001 0.90625
1 0.6968750000000001 0.8140625 0.6765625000000002 0.8140625 0.6765625000000002 0.853125 0.6968750000000001 0.853125
1 0.821875 0.7640625000000002 0.7828125000000001 0.7640625000000002 0.7828125000000001 0.7984375000000001 0.821875 0.7984375000000001
1 0.8265625 0.7125000000000001 0.7796875 0.7125000000000001 0.7796875000000001 0.7500000000000002 0.8265625 0.7500000000000002
1 0.834375 0.6578125000000001 0.7703125 0.6578125000000001 0.7703125 0.6953125000000002 0.834375 0.6953125000000002
1 0.8265625 0.6015625000000002 0.7703125 0.6015625000000002 0.7703125 0.6421875000000001 0.8265625 0.6421875000000001
1 0.8234375 0.5578125000000002 0.790625 0.5578125000000002 0.790625 0.5859375000000002 0.8234375 0.5859375000000002
1 0.8171875 0.5031250000000002 0.7921875 0.5031250000000002 0.7921875 0.5343750000000002 0.8171875 0.5343750000000002
1 0.825 0.9203125 0.7843750000000002 0.9203125 0.7843750000000002 0.9609375 0.825 0.9609375
1 0.821875 0.86875 0.7796875000000002 0.86875 0.7796875000000002 0.903125 0.821875 0.903125
1 0.8125 0.8171875 0.7937500000000002 0.8171875 0.7937500000000002 0.85625 0.8125 0.85625