0 0.3515625 0.15156250000000004 0.315625 0.15156250000000004 0.315625 0.2015625 0.3515625 0.2015625
0 0.384375 0.19375000000000003 0.3578125 0.19375000000000003 0.3578125 0.22031250000000005 0.384375 0.22031250000000008
0 0.63125 0.22031250000000008 0.6015625 0.22031250000000008 0.6015625 0.2921875000000001 0.63125 0.2921875000000001
0 0.596875 0.30468750000000006 0.35 0.3046875 0.35 0.35937500000000006 0.596875 0.3593750000000001
0 0.5953125 0.2906250000000001 0.4734375 0.2906250000000001 0.4734375 0.3312500000000001 0.5953125 0.3312500000000001
0 0.3734375 0.30781250000000004 0.340625 0.3078125 0.340625 0.3296875 0.3734375 0.3296875000000001
0 0.353125 0.30625 0.3234375 0.30625 0.3234375 0.3609375 0.353125 0.3609375
1 0.38125 0.15000000000000005 0.3765625 0.15000000000000005 0.3765625 0.16250000000000003 0.38125 0.16250000000000003
2 0.3859375 0.14843750000000006 0.38125 0.14843750000000006 0.38125 0.15625000000000006 0.3859375 0.15625000000000006
1 0.35625 0.15156250000000004 0.35 0.15156250000000004 0.35 0.16250000000000003 0.35625 0.16250000000000003
1 0.3625 0.15000000000000005 0.35625 0.15000000000000005 0.35625 0.16406250000000006 0.3625 0.16406250000000006
1 0.3765625 0.15000000000000005 0.3703125 0.15000000000000005 0.3703125 0.16406250000000006 0.3765625 0.16406250000000006
1 0.384375 0.17968750000000006 0.378125 0.17968750000000006 0.378125 0.19375000000000003 0.384375 0.19375000000000003
1 0.4484375 0.10625000000000004 0.4390625 0.10625000000000004 0.4390625 0.12656250000000005 0.4484375 0.12656250000000005
1 0.4375 0.10625000000000004 0.4296875 0.10625000000000004 0.4296875 0.12656250000000005 0.4375 0.12656250000000005
1 0.428125 0.10625000000000004 0.41875 0.10625000000000004 0.41875 0.12656250000000005 0.428125 0.12656250000000005
1 0.415625 0.10937500000000004 0.4015625 0.10937500000000004 0.4015625 0.12812500000000004 0.415625 0.12812500000000004
1 0.334375 0.10781250000000005 0.3234375 0.10781250000000005 0.3234375 0.12656250000000005 0.334375 0.12656250000000005
1 0.34375 0.11093750000000005 0.334375 0.11093750000000005 0.334375 0.12656250000000005 0.34375 0.12656250000000005
1 0.353125 0.11093750000000005 0.34375 0.11093750000000005 0.34375 0.12812500000000004 0.353125 0.12812500000000004
1 0.36875 0.11093750000000005 0.3546875 0.11093750000000005 0.3546875 0.12656250000000005 0.36875 0.12656250000000005
1 0.3796875 0.11093750000000005 0.36875 0.11093750000000005 0.36875 0.12656250000000005 0.3796875 0.12656250000000005
1 0.396875 0.10625000000000004 0.384375 0.10625000000000004 0.384375 0.12656250000000005 0.396875 0.12656250000000005
2 0.3640625 0.16093750000000004 0.3609375 0.16093750000000004 0.3609375 0.16406250000000006 0.3640625 0.16406250000000006
2 0.3671875 0.15937500000000004 0.3640625 0.15937500000000004 0.3640625 0.16406250000000006 0.3671875 0.16406250000000006
2 0.36875 0.15937500000000004 0.3671875 0.15937500000000004 0.3671875 0.16406250000000006 0.36875 0.16406250000000006
1 0.621875 0.2453125000000001 0.609375 0.2453125000000001 0.609375 0.2578125000000001 0.621875 0.2578125000000001
1 0.5484375 0.3062500000000001 0.5390625 0.3062500000000001 0.5390625 0.3218750000000001 0.5484375 0.3218750000000001
1 0.3421875 0.3328125 0.3359375 0.3328125 0.3359375 0.346875 0.3421875 0.346875
1 0.3703125 0.3062500000000001 0.3640625 0.3062500000000001 0.3640625 0.3187500000000001 0.3703125 0.3187500000000001
1 0.4671875 0.33281250000000007 0.4609375 0.33281250000000007 0.4609375 0.34843750000000007 0.4671875 0.34843750000000007
0 0.753125 0.2015625000000001 0.721875 0.2015625000000001 0.721875 0.30937500000000007 0.753125 0.30937500000000007
0 0.7234375 0.3062500000000001 0.6578125 0.3062500000000001 0.6578125 0.34843750000000007 0.7234375 0.34843750000000007
1 0.69375 0.32500000000000007 0.6859375 0.32500000000000007 0.6859375 0.3390625000000001 0.69375 0.3390625000000001
1 0.7453125 0.2484375000000001 0.7390625 0.2484375000000001 0.7390625 0.2578125000000001 0.7453125 0.2578125000000001
1 0.4609375 0.3921875000000001 0.4546875 0.3921875000000001 0.4546875 0.409375 0.4609375 0.409375
1 0.4546875 0.44375 0.4484375 0.44375 0.4484375 0.4609375 0.4546875 0.4609375
1 0.4953125 0.4265625 0.490625 0.4265625 0.490625 0.4453125 0.4953125 0.4453125
1 0.4875 0.4609375 0.48125 0.4609375 0.48125 0.48125 0.4875 0.48125
1 0.528125 0.4265625 0.521875 0.4265625 0.521875 0.44375 0.528125 0.44375
2 0.490625 0.475 0.4875 0.475 0.4875 0.4828125 0.490625 0.4828125
1 0.4984375 0.4609375 0.4921875 0.4609375 0.4921875 0.4796875 0.4984375 0.4796875
1 0.50625 0.4609375 0.5 0.4609375 0.5 0.4796875 0.50625 0.4796875
1 0.5296875 0.4625 0.525 0.4625 0.525 0.4796875 0.5296875 0.4796875
1 0.54375 0.4609375 0.5359375 0.4609375 0.5359375 0.48125 0.54375 0.48125
1 0.540625 0.4265625 0.5328125 0.4265625 0.5328125 0.4453125 0.540625 0.4453125
1 0.546875 0.4265625 0.540625 0.4265625 0.540625 0.4453125 0.546875 0.4453125
1 0.571875 0.44375 0.5671875 0.44375 0.5671875 0.4609375 0.571875 0.4609375
1 0.584375 0.44375 0.578125 0.44375 0.578125 0.4609375 0.584375 0.4609375
1 0.6125 0.44375 0.6078125 0.44375 0.6078125 0.4625 0.6125 0.4625
1 0.625 0.4421875 0.61875 0.4421875 0.61875 0.4609375 0.625 0.4609375
1 0.6546875 0.4453125 0.6484375 0.4453125 0.6484375 0.4609375 0.6546875 0.4609375
1 0.6671875 0.44375 0.6609375 0.44375 0.6609375 0.4609375 0.6671875 0.4609375
1 0.7015625 0.4609375 0.69375 0.4609375 0.69375 0.4796875 0.7015625 0.4796875
1 0.6953125 0.428125 0.6890625 0.428125 0.6890625 0.4453125 0.6953125 0.4453125
1 0.7078125 0.4265625 0.7 0.4265625 0.7 0.4453125 0.7078125 0.4453125
1 0.5796875 0.3921875000000001 0.5734375 0.3921875000000001 0.5734375 0.4078125 0.5796875 0.4078125
1 0.5890625 0.3921875000000001 0.58125 0.3921875000000001 0.58125 0.409375 0.5890625 0.409375
1 0.7046875 0.3906250000000001 0.696875 0.3906250000000001 0.696875 0.409375 0.7046875 0.409375
1 0.7125 0.3906250000000001 0.7046875 0.3906250000000001 0.7046875 0.4078125 0.7125 0.4078125
1 0.6625 0.3906250000000001 0.65625 0.3906250000000001 0.65625 0.409375 0.6625 0.409375
1 0.671875 0.3921875000000001 0.6640625 0.3921875000000001 0.6640625 0.409375 0.671875 0.409375
1 0.6203125 0.3921875000000001 0.615625 0.3921875000000001 0.615625 0.409375 0.6203125 0.409375
1 0.6296875 0.3921875000000001 0.621875 0.3921875000000001 0.621875 0.4078125 0.6296875 0.4078125
1 0.5390625 0.3906250000000001 0.5328125 0.3906250000000001 0.5328125 0.409375 0.5390625 0.409375
1 0.5484375 0.3906250000000001 0.540625 0.3906250000000001 0.540625 0.409375 0.5484375 0.409375
1 0.4984375 0.3906250000000001 0.49375 0.3906250000000001 0.49375 0.409375 0.4984375 0.409375
1 0.50625 0.3906250000000001 0.4984375 0.3906250000000001 0.4984375 0.4078125 0.50625 0.4078125
1 0.4609375 0.496875 0.453125 0.496875 0.453125 0.5140625 0.4609375 0.5140625
1 0.4484375 0.496875 0.4421875 0.496875 0.4421875 0.5140625 0.4484375 0.5140625
1 0.490625 0.496875 0.4828125 0.496875 0.4828125 0.5140625 0.490625 0.5140625
1 0.503125 0.4984375 0.4953125 0.4984375 0.4953125 0.515625 0.503125 0.515625
1 0.53125 0.496875 0.5234375 0.496875 0.5234375 0.5140625 0.53125 0.5140625
1 0.5453125 0.4953125 0.5359375 0.4953125 0.5359375 0.5140625 0.5453125 0.5140625
1 0.5734375 0.4984375 0.565625 0.4984375 0.565625 0.5140625 0.5734375 0.5140625
1 0.584375 0.496875 0.578125 0.496875 0.578125 0.5140625 0.584375 0.5140625
1 0.615625 0.4984375 0.609375 0.4984375 0.609375 0.515625 0.615625 0.515625
1 0.625 0.496875 0.6171875 0.496875 0.6171875 0.5140625 0.625 0.5140625
1 0.6515625 0.496875 0.646875 0.496875 0.646875 0.515625 0.6515625 0.515625
1 0.6578125 0.496875 0.653125 0.496875 0.653125 0.5140625 0.6578125 0.5140625
2 0.6625 0.5125 0.659375 0.5125 0.659375 0.51875 0.6625 0.51875
1 0.671875 0.496875 0.6640625 0.496875 0.6640625 0.515625 0.671875 0.515625
1 0.7125 0.496875 0.7046875 0.496875 0.7046875 0.515625 0.7125 0.515625
1 0.6921875 0.4984375 0.6859375 0.4984375 0.6859375 0.5140625 0.6921875 0.5140625
1 0.7 0.4984375 0.6921875 0.4984375 0.6921875 0.515625 0.7 0.515625
1 0.4453125 0.5328125 0.4390625 0.5328125 0.4390625 0.55 0.4453125 0.55
1 0.45625 0.5328125 0.4515625 0.5328125 0.4515625 0.5515625 0.45625 0.5515625
1 0.465625 0.5328125 0.4578125 0.5328125 0.4578125 0.55 0.465625 0.55
1 0.4875 0.53125 0.478125 0.53125 0.478125 0.5515625 0.4875 0.5515625
1 0.5 0.5328125 0.49375 0.5328125 0.49375 0.55 0.5 0.55
1 0.50625 0.5328125 0.5 0.5328125 0.5 0.55 0.50625 0.55
1 0.528125 0.534375 0.521875 0.534375 0.521875 0.55 0.528125 0.55
1 0.5390625 0.534375 0.534375 0.534375 0.534375 0.5515625 0.5390625 0.5515625
1 0.5484375 0.53125 0.540625 0.53125 0.540625 0.55 0.5484375 0.55
1 0.56875 0.53125 0.5625 0.53125 0.5625 0.55 0.56875 0.55
1 0.5796875 0.5328125 0.575 0.5328125 0.575 0.55 0.5796875 0.55
1 0.5890625 0.53125 0.58125 0.53125 0.58125 0.55 0.5890625 0.55
1 0.6125 0.53125 0.60625 0.53125 0.60625 0.55 0.6125 0.55
1 0.625 0.5328125 0.6171875 0.5328125 0.6171875 0.55 0.625 0.55
1 0.6546875 0.53125 0.646875 0.53125 0.646875 0.55 0.6546875 0.55
1 0.6671875 0.53125 0.6578125 0.53125 0.6578125 0.55 0.6671875 0.55
1 0.6953125 0.53125 0.6875 0.53125 0.6875 0.55 0.6953125 0.55
1 0.7078125 0.5328125 0.7 0.5328125 0.7 0.5515625 0.7078125 0.5515625
1 0.7078125 0.56875 0.7 0.56875 0.7 0.5859375 0.7078125 0.5859375
1 0.6953125 0.5671875 0.6875 0.5671875 0.6875 0.5859375 0.6953125 0.5859375
1 0.665625 0.5671875 0.659375 0.5671875 0.659375 0.584375 0.665625 0.584375
1 0.6546875 0.56875 0.6484375 0.56875 0.6484375 0.5859375 0.6546875 0.5859375
1 0.6265625 0.5671875 0.6171875 0.5671875 0.6171875 0.5859375 0.6265625 0.5859375
1 0.6140625 0.56875 0.60625 0.56875 0.60625 0.584375 0.6140625 0.584375
1 0.584375 0.5703125 0.5765625 0.5703125 0.5765625 0.5859375 0.584375 0.5859375
1 0.571875 0.56875 0.565625 0.56875 0.565625 0.584375 0.571875 0.584375
1 0.54375 0.5703125 0.5359375 0.5703125 0.5359375 0.5859375 0.54375 0.5859375
1 0.53125 0.5671875 0.5234375 0.5671875 0.5234375 0.584375 0.53125 0.584375
1 0.503125 0.56875 0.4953125 0.56875 0.4953125 0.5859375 0.503125 0.5859375
1 0.490625 0.56875 0.4828125 0.56875 0.4828125 0.584375 0.490625 0.584375
1 0.4609375 0.56875 0.4546875 0.56875 0.4546875 0.584375 0.4609375 0.584375
1 0.4484375 0.56875 0.4421875 0.56875 0.4421875 0.584375 0.4484375 0.584375
1 0.7078125 0.603125 0.7 0.603125 0.7 0.6203125 0.7078125 0.6203125
1 0.6953125 0.603125 0.6890625 0.603125 0.6890625 0.621875 0.6953125 0.621875
2 0.659375 0.6171875 0.65625 0.6171875 0.65625 0.625 0.659375 0.625
1 0.6671875 0.603125 0.659375 0.603125 0.659375 0.6203125 0.6671875 0.6203125
1 0.65625 0.6046875 0.6484375 0.6046875 0.6484375 0.6203125 0.65625 0.6203125
1 0.6265625 0.6046875 0.6171875 0.6046875 0.6171875 0.6203125 0.6265625 0.6203125
1 0.6140625 0.603125 0.60625 0.603125 0.60625 0.6203125 0.6140625 0.6203125
1 0.584375 0.6015625 0.5765625 0.6015625 0.5765625 0.6203125 0.584375 0.6203125
1 0.5734375 0.603125 0.5671875 0.603125 0.5671875 0.6203125 0.5734375 0.6203125
1 0.54375 0.603125 0.534375 0.603125 0.534375 0.6203125 0.54375 0.6203125
1 0.53125 0.603125 0.525 0.603125 0.525 0.6203125 0.53125 0.6203125
1 0.503125 0.6046875 0.4953125 0.6046875 0.4953125 0.6203125 0.503125 0.6203125
1 0.490625 0.603125 0.4828125 0.603125 0.4828125 0.6203125 0.490625 0.6203125
1 0.4625 0.603125 0.453125 0.603125 0.453125 0.621875 0.4625 0.621875
1 0.45 0.6046875 0.44375 0.6046875 0.44375 0.621875 0.45 0.621875
1 0.440625 0.65625 0.4359375 0.65625 0.4359375 0.675 0.440625 0.675
1 0.4484375 0.6578125 0.440625 0.6578125 0.440625 0.6734375 0.4484375 0.6734375
1 0.4609375 0.65625 0.453125 0.65625 0.453125 0.6734375 0.4609375 0.6734375
1 0.4703125 0.6546875 0.4625 0.6546875 0.4625 0.6734375 0.4703125 0.6734375
1 0.50625 0.6390625 0.4984375 0.6390625 0.4984375 0.6578125 0.50625 0.6578125
1 0.4875 0.640625 0.48125 0.640625 0.48125 0.65625 0.4875 0.65625
1 0.4953125 0.640625 0.4875 0.640625 0.4875 0.65625 0.4953125 0.65625
1 0.4828125 0.675 0.4765625 0.675 0.4765625 0.69375 0.4828125 0.69375
1 0.4921875 0.6734375 0.484375 0.6734375 0.484375 0.6921875 0.4921875 0.6921875
1 0.5015625 0.675 0.49375 0.675 0.49375 0.6921875 0.5015625 0.6921875
1 0.509375 0.6734375 0.503125 0.6734375 0.503125 0.6921875 0.509375 0.6921875
1 0.528125 0.6375 0.5203125 0.6375 0.5203125 0.65625 0.528125 0.65625
1 0.534375 0.6390625 0.5296875 0.6390625 0.5296875 0.65625 0.534375 0.65625
1 0.546875 0.6390625 0.540625 0.6390625 0.540625 0.65625 0.546875 0.65625
1 0.5640625 0.6390625 0.5578125 0.6390625 0.5578125 0.6546875 0.5640625 0.6546875
1 0.5734375 0.6390625 0.565625 0.6390625 0.565625 0.65625 0.5734375 0.65625
1 0.584375 0.6390625 0.5765625 0.6390625 0.5765625 0.65625 0.584375 0.65625
1 0.5921875 0.6390625 0.584375 0.6390625 0.584375 0.6546875 0.5921875 0.6546875
1 0.6046875 0.65625 0.5984375 0.65625 0.5984375 0.6734375 0.6046875 0.6734375
1 0.6140625 0.65625 0.6078125 0.65625 0.6078125 0.6734375 0.6140625 0.6734375
1 0.6234375 0.6546875 0.61875 0.6546875 0.61875 0.6734375 0.6234375 0.6734375
1 0.6328125 0.6546875 0.625 0.6546875 0.625 0.6734375 0.6328125 0.6734375
1 0.646875 0.65625 0.6390625 0.65625 0.6390625 0.6734375 0.646875 0.6734375
1 0.6546875 0.6546875 0.6484375 0.6546875 0.6484375 0.6734375 0.6546875 0.6734375
2 0.659375 0.6703125 0.6546875 0.6703125 0.6546875 0.6765625 0.659375 0.6765625
1 0.665625 0.65625 0.6609375 0.65625 0.6609375 0.6734375 0.665625 0.6734375
1 0.6734375 0.65625 0.665625 0.65625 0.665625 0.671875 0.6734375 0.671875
1 0.6875 0.65625 0.6796875 0.65625 0.6796875 0.6734375 0.6875 0.6734375
1 0.715625 0.65625 0.7078125 0.65625 0.7078125 0.6734375 0.715625 0.6734375
2 0.7 0.66875 0.6953125 0.66875 0.6953125 0.6765625 0.7 0.6765625
1 0.7078125 0.65625 0.7 0.65625 0.7 0.675 0.7078125 0.675
1 0.6953125 0.65625 0.6890625 0.65625 0.6890625 0.6734375 0.6953125 0.6734375
2 0.7 0.61875 0.6953125 0.61875 0.6953125 0.625 0.7 0.625
2 0.7 0.5828125 0.6953125 0.5828125 0.6953125 0.5890625 0.7 0.5890625
2 0.659375 0.5828125 0.6546875 0.5828125 0.6546875 0.5890625 0.659375 0.5890625
2 0.6171875 0.6703125 0.6140625 0.6703125 0.6140625 0.6765625 0.6171875 0.6765625
2 0.6171875 0.6171875 0.6140625 0.6171875 0.6140625 0.625 0.6171875 0.625
2 0.6171875 0.546875 0.6140625 0.546875 0.6140625 0.5546875 0.6171875 0.5546875
2 0.6171875 0.5828125 0.6140625 0.5828125 0.6140625 0.5875 0.6171875 0.5875
2 0.659375 0.546875 0.6546875 0.546875 0.6546875 0.553125 0.659375 0.553125
2 0.7 0.546875 0.696875 0.546875 0.696875 0.553125 0.7 0.553125
2 0.703125 0.5125 0.7015625 0.5125 0.7015625 0.51875 0.703125 0.51875
2 0.7 0.440625 0.696875 0.440625 0.696875 0.446875 0.7 0.446875
2 0.659375 0.4578125 0.6546875 0.4578125 0.6546875 0.4640625 0.659375 0.4640625
2 0.6171875 0.4578125 0.6140625 0.4578125 0.6140625 0.4640625 0.6171875 0.4640625
2 0.5765625 0.4578125 0.5734375 0.4578125 0.5734375 0.4640625 0.5765625 0.4640625
2 0.5359375 0.4765625 0.5328125 0.4765625 0.5328125 0.48125 0.5359375 0.48125
2 0.5359375 0.509375 0.53125 0.509375 0.53125 0.51875 0.5359375 0.51875
2 0.49375 0.5109375 0.490625 0.5109375 0.490625 0.5171875 0.49375 0.5171875
2 0.4921875 0.546875 0.4875 0.546875 0.4875 0.553125 0.4921875 0.553125
2 0.453125 0.5109375 0.45 0.5109375 0.45 0.51875 0.453125 0.51875
2 0.45 0.546875 0.446875 0.546875 0.446875 0.553125 0.45 0.553125
2 0.453125 0.5828125 0.45 0.5828125 0.45 0.5890625 0.453125 0.5890625
2 0.534375 0.440625 0.5296875 0.440625 0.5296875 0.4484375 0.534375 0.4484375
2 0.5390625 0.653125 0.5359375 0.653125 0.5359375 0.659375 0.5390625 0.659375
2 0.4984375 0.653125 0.4953125 0.653125 0.4953125 0.659375 0.4984375 0.659375
2 0.4953125 0.6890625 0.490625 0.6890625 0.490625 0.6953125 0.4953125 0.6953125
2 0.453125 0.6171875 0.45 0.6171875 0.45 0.6234375 0.453125 0.6234375
2 0.4546875 0.6703125 0.45 0.6703125 0.45 0.6765625 0.4546875 0.6765625
2 0.4953125 0.6171875 0.4921875 0.6171875 0.4921875 0.6234375 0.4953125 0.6234375
2 0.5359375 0.6171875 0.53125 0.6171875 0.53125 0.6234375 0.5359375 0.6234375
2 0.5359375 0.5828125 0.5328125 0.5828125 0.5328125 0.5890625 0.5359375 0.5890625
2 0.49375 0.5828125 0.490625 0.5828125 0.490625 0.5875 0.49375 0.5875
2 0.5765625 0.5828125 0.5734375 0.5828125 0.5734375 0.5890625 0.5765625 0.5890625
2 0.5765625 0.6171875 0.5734375 0.6171875 0.5734375 0.6234375 0.5765625 0.6234375
1 0.53125 0.6734375 0.525 0.6734375 0.525 0.6921875 0.53125 0.6921875
2 0.5359375 0.6890625 0.53125 0.6890625 0.53125 0.6953125 0.5359375 0.6953125
2 0.5765625 0.6890625 0.5734375 0.6890625 0.5734375 0.69375 0.5765625 0.69375
1 0.5234375 0.675 0.5171875 0.675 0.5171875 0.6921875 0.5234375 0.6921875
1 0.5421875 0.675 0.5359375 0.675 0.5359375 0.6921875 0.5421875 0.6921875
1 0.5515625 0.6734375 0.54375 0.6734375 0.54375 0.6921875 0.5515625 0.6921875
1 0.565625 0.6734375 0.5578125 0.6734375 0.5578125 0.6921875 0.565625 0.6921875
1 0.5921875 0.675 0.584375 0.675 0.584375 0.6921875 0.5921875 0.6921875
1 0.584375 0.6734375 0.5765625 0.6734375 0.5765625 0.690625 0.584375 0.690625
1 0.5734375 0.675 0.565625 0.675 0.565625 0.6921875 0.5734375 0.6921875
1 0.4515625000000002 0.7265625 0.44531250000000017 0.7265625 0.44531250000000017 0.7453125 0.4515625000000002 0.7453125
1 0.4593750000000002 0.7265625 0.4515625000000002 0.7265625 0.4515625000000002 0.74375 0.4593750000000002 0.74375
1 0.4921875000000001 0.7109375 0.4859375 0.7109375 0.4859375000000001 0.7265625 0.49218750000000017 0.7265625
1 0.5015625000000001 0.709375 0.49375 0.709375 0.4937500000000001 0.7265625 0.5015625000000001 0.7265625
1 0.49218750000000017 0.7453125 0.4859375000000002 0.7453125 0.4859375000000002 0.7625 0.49218750000000017 0.7625
1 0.5000000000000002 0.7453125 0.49218750000000017 0.7453125 0.49218750000000017 0.7625 0.5000000000000002 0.7625
1 0.5328125000000001 0.7109375 0.5265625 0.7109375 0.5265625 0.728125 0.5328125000000001 0.728125
1 0.5328125000000001 0.74375 0.5281250000000002 0.74375 0.5281250000000002 0.7609375 0.5328125000000001 0.7609375
1 0.5406250000000001 0.709375 0.5328125 0.709375 0.5328125000000001 0.7265625 0.5406250000000001 0.7265625
1 0.5406250000000001 0.74375 0.5343750000000002 0.74375 0.5343750000000002 0.7625 0.5406250000000001 0.7625
1 0.5750000000000001 0.709375 0.56875 0.709375 0.5687500000000001 0.728125 0.5750000000000002 0.728125
1 0.5750000000000002 0.7453125 0.5671875000000002 0.7453125 0.5671875000000002 0.7609375 0.5750000000000002 0.7609375
1 0.5828125000000002 0.746875 0.5750000000000002 0.746875 0.5750000000000002 0.7625 0.5828125000000002 0.7625
1 0.5828125000000001 0.709375 0.575 0.709375 0.5750000000000001 0.7265625 0.5828125000000002 0.7265625
1 0.6156250000000002 0.728125 0.6078125000000002 0.728125 0.6078125000000002 0.7453125 0.6156250000000002 0.7453125
1 0.6234375000000002 0.7265625 0.6156250000000002 0.7265625 0.6156250000000002 0.74375 0.6234375000000002 0.74375
1 0.6562500000000001 0.725 0.6484375 0.725 0.6484375000000001 0.74375 0.6562500000000002 0.74375
1 0.6656250000000001 0.728125 0.6578125000000001 0.728125 0.6578125000000001 0.7453125 0.6656250000000001 0.7453125
1 0.6968750000000001 0.7265625 0.6906250000000002 0.7265625 0.6906250000000002 0.74375 0.6968750000000001 0.74375
1 0.7062500000000002 0.7265625 0.6984375000000002 0.7265625 0.6984375000000002 0.74375 0.7062500000000002 0.74375
1 0.7062500000000002 0.78125 0.6984375000000002 0.78125 0.6984375000000002 0.7984375 0.7062500000000002 0.7984375
1 0.6984375000000002 0.78125 0.6906250000000002 0.78125 0.6906250000000002 0.7984375 0.6984375000000002 0.7984375
1 0.6656250000000001 0.78125 0.6578125000000001 0.78125 0.6578125000000001 0.7984375 0.6656250000000001 0.7984375
1 0.6562500000000002 0.78125 0.6484375000000002 0.78125 0.6484375000000002 0.796875 0.6562500000000002 0.796875
1 0.6234375000000002 0.78125 0.6156250000000002 0.78125 0.6156250000000002 0.7984375 0.6234375000000002 0.7984375
1 0.6156250000000002 0.78125 0.6093750000000002 0.78125 0.6093750000000002 0.7984375 0.6156250000000002 0.7984375
1 0.5828125000000002 0.78125 0.5750000000000002 0.78125 0.5750000000000002 0.796875 0.5828125000000002 0.796875
1 0.5734375000000002 0.78125 0.5687500000000002 0.78125 0.5687500000000002 0.796875 0.5734375000000002 0.796875
1 0.5421875000000002 0.7796875 0.5343750000000002 0.7796875 0.5343750000000002 0.7984375 0.5421875000000002 0.7984375
1 0.5328125000000001 0.78125 0.5265625000000002 0.78125 0.5265625000000002 0.7984375 0.5328125000000001 0.7984375
1 0.5000000000000002 0.78125 0.4937500000000002 0.78125 0.4937500000000002 0.796875 0.5000000000000002 0.796875
1 0.4937500000000002 0.78125 0.4859375000000002 0.78125 0.4859375000000002 0.796875 0.4937500000000002 0.796875
1 0.46093750000000017 0.7796875 0.45312500000000017 0.7796875 0.45312500000000017 0.796875 0.46093750000000017 0.796875
1 0.4515625000000002 0.78125 0.4437500000000002 0.78125 0.4437500000000002 0.796875 0.4515625000000002 0.796875
1 0.4515625000000002 0.8171875 0.4437500000000002 0.8171875 0.4437500000000002 0.8328125 0.4515625000000002 0.8328125
1 0.4515625000000002 0.8515625 0.4437500000000002 0.8515625 0.4437500000000002 0.86875 0.4515625000000002 0.86875
1 0.4578125000000002 0.853125 0.45312500000000017 0.853125 0.45312500000000017 0.86875 0.4578125000000002 0.86875
1 0.4593750000000002 0.815625 0.4515625000000002 0.815625 0.4515625000000002 0.834375 0.4593750000000002 0.834375
1 0.4906250000000002 0.8515625 0.4859375000000002 0.8515625 0.4859375000000002 0.86875 0.4906250000000002 0.86875
1 0.5000000000000002 0.8515625 0.4937500000000002 0.8515625 0.4937500000000002 0.86875 0.5000000000000002 0.86875
1 0.49218750000000017 0.815625 0.48437500000000017 0.815625 0.48437500000000017 0.834375 0.49218750000000017 0.834375
1 0.5000000000000002 0.815625 0.49218750000000017 0.815625 0.49218750000000017 0.8328125 0.5000000000000002 0.8328125
1 0.5343750000000002 0.815625 0.5265625000000002 0.815625 0.5265625000000002 0.8328125 0.5343750000000002 0.8328125
1 0.5406250000000001 0.815625 0.5343750000000002 0.815625 0.5343750000000002 0.834375 0.5406250000000001 0.834375
1 0.5328125000000001 0.85 0.5265625000000002 0.85 0.5265625000000002 0.86875 0.5328125000000001 0.86875
1 0.5406250000000001 0.8515625 0.5343750000000002 0.8515625 0.5343750000000002 0.86875 0.5406250000000001 0.86875
1 0.5812500000000002 0.8171875 0.5750000000000002 0.8171875 0.5750000000000002 0.834375 0.5812500000000002 0.834375
1 0.5750000000000002 0.8171875 0.5671875000000002 0.8171875 0.5671875000000002 0.8328125 0.5750000000000002 0.8328125
1 0.5828125000000002 0.8515625 0.5750000000000002 0.8515625 0.5750000000000002 0.86875 0.5828125000000002 0.86875
1 0.5750000000000002 0.85 0.5687500000000002 0.85 0.5687500000000002 0.86875 0.5750000000000002 0.86875
1 0.6156250000000002 0.8171875 0.6078125000000002 0.8171875 0.6078125000000002 0.8328125 0.6156250000000002 0.8328125
1 0.6234375000000002 0.8171875 0.6156250000000002 0.8171875 0.6156250000000002 0.8328125 0.6234375000000002 0.8328125
1 0.6156250000000002 0.85 0.6078125000000002 0.85 0.6078125000000002 0.86875 0.6156250000000002 0.86875
1 0.6234375000000002 0.8515625 0.6156250000000002 0.8515625 0.6156250000000002 0.86875 0.6234375000000002 0.86875
1 0.6578125000000001 0.8171875 0.6500000000000001 0.8171875 0.6500000000000001 0.8328125 0.6578125000000001 0.8328125
1 0.6562500000000002 0.8515625 0.6500000000000001 0.8515625 0.6500000000000001 0.86875 0.6562500000000002 0.86875
1 0.6625000000000002 0.8515625 0.6578125000000001 0.8515625 0.6578125000000001 0.86875 0.6625000000000002 0.86875
1 0.6640625000000002 0.815625 0.6578125000000001 0.815625 0.6578125000000001 0.8328125 0.6640625000000002 0.8328125
1 0.6984375000000002 0.815625 0.6906250000000002 0.815625 0.6906250000000002 0.8328125 0.6984375000000002 0.8328125
1 0.7062500000000002 0.815625 0.6984375000000002 0.815625 0.6984375000000002 0.8328125 0.7062500000000002 0.8328125
1 0.6968750000000001 0.8515625 0.6906250000000002 0.8515625 0.6906250000000002 0.86875 0.6968750000000001 0.86875
1 0.7046875000000001 0.8515625 0.6984375000000002 0.8515625 0.6984375000000002 0.86875 0.7046875000000001 0.86875