0 0.3531250000000001 0.6109375 0.26250000000000007 0.6109375 0.26250000000000007 0.63125 0.3531250000000001 0.63125
0 0.484375 0.559375 0.3984375000000001 0.559375 0.3984375000000001 0.5921875 0.484375 0.5921875
0 0.6171875 0.5640625 0.5359375 0.5640625 0.5359375 0.5890625 0.6171875 0.5890625
0 0.7921875 0.5703125000000001 0.7125 0.5703125 0.7125 0.5984375000000001 0.7921875 0.5984375000000002
0 0.6921875 0.5375 0.6796875 0.5375 0.6796875 0.6453125 0.6921875 0.6453125
0 0.6734375000000001 0.603125 0.6578125 0.603125 0.6578125000000001 0.75625 0.6734375000000001 0.75625
1 0.3078125000000001 0.5890625 0.2875000000000001 0.5890625 0.2875000000000001 0.6171875 0.3078125000000001 0.6171875
1 0.2734375000000001 0.465625 0.2515625000000001 0.465625 0.2515625000000001 0.5015625 0.2734375000000001 0.5015625
1 0.4984375 0.471875 0.48125 0.471875 0.48125 0.50625 0.4984375 0.50625
0 0.5109375 0.07343750000000007 0.4546875 0.07343750000000007 0.4546875 0.11562500000000005 0.5109375 0.11562500000000005
1 0.5 0.04375000000000006 0.475 0.04375000000000005 0.475 0.07500000000000007 0.5 0.07500000000000007
0 0.5078125 0.16093750000000004 0.4625 0.16093750000000004 0.4625 0.18906250000000005 0.5078125 0.18906250000000005
1 0.4984375 0.12656250000000005 0.4734375 0.12656250000000005 0.4734375 0.16250000000000003 0.4984375 0.16250000000000003
0 0.3234375 0.07187500000000004 0.24375 0.07187500000000002 0.24375 0.14687500000000003 0.3234375 0.14687500000000003
1 0.271875 0.04375000000000003 0.25 0.04375000000000003 0.25 0.07031250000000003 0.271875 0.07031250000000003