0 0.36406250000000007 0.571875 0.22812500000000008 0.571875 0.22812500000000008 0.5921875 0.36406250000000007 0.5921875
0 0.4203125 0.2609375000000001 0.409375 0.2609375000000001 0.409375 0.3546875000000001 0.4203125 0.3546875000000001
0 0.209375 0.15000000000000005 0.1921875 0.15000000000000005 0.1921875 0.296875 0.209375 0.296875
0 0.18281250000000004 0.19687500000000002 0.16718750000000004 0.196875 0.16718750000000004 0.4703125 0.18281250000000004 0.4703125
0 0.3296875 0.14375000000000004 0.2609375 0.14375000000000004 0.2609375 0.16093750000000004 0.3296875 0.16093750000000004
0 0.4484375 0.16562500000000005 0.43125 0.16562500000000005 0.43125 0.25468750000000007 0.4484375 0.25468750000000007
0 0.55 0.14218750000000008 0.5 0.14218750000000005 0.5 0.16406250000000006 0.55 0.16406250000000008
0 0.646875 0.19687500000000008 0.6328125 0.19687500000000008 0.6328125 0.3390625000000001 0.646875 0.3390625000000001
0 0.5734375 0.2328125000000001 0.559375 0.2328125000000001 0.559375 0.28593750000000007 0.5734375 0.28593750000000007
0 0.546875 0.475 0.53125 0.475 0.53125 0.5328125 0.546875 0.5328125
0 0.5859375 0.575 0.4640625 0.575 0.4640625 0.5984375 0.5859375 0.5984375
0 0.6890625 0.12656250000000008 0.6765625 0.12656250000000008 0.6765625 0.2828125000000001 0.6890625 0.2828125000000001
0 0.8265625 0.1609375000000001 0.73125 0.1609375000000001 0.73125 0.1765625000000001 0.8265625 0.1765625000000001
0 0.8703125 0.1312500000000001 0.859375 0.1312500000000001 0.859375 0.2843750000000001 0.8703125 0.2843750000000001
0 0.9 0.11718750000000008 0.8890625 0.11718750000000008 0.8890625 0.20468750000000008 0.9 0.20468750000000008
0 0.8984375 0.2218750000000001 0.8875 0.2218750000000001 0.8875 0.2953125000000001 0.8984375 0.2953125000000001
0 0.9015625 0.3078125000000001 0.8890625 0.3078125000000001 0.8890625 0.5062500000000002 0.9015625 0.5062500000000002
0 0.790625 0.3625000000000001 0.7390625 0.3625000000000001 0.7390625 0.3765625000000001 0.790625 0.3765625000000001
0 0.2078125000000001 0.4734375 0.19218750000000004 0.4734375 0.19218750000000004 0.5359375 0.2078125000000001 0.5359375
1 0.421875 0.2140625000000001 0.4 0.2140625000000001 0.4 0.2375000000000001 0.421875 0.2375000000000001
1 0.6765625 0.15000000000000008 0.6640625 0.15000000000000008 0.6640625 0.18125000000000008 0.6765625 0.18125000000000008
1 0.8140625 0.14218750000000008 0.784375 0.14218750000000008 0.784375 0.1609375000000001 0.8140625 0.1609375000000001
2 0.5484375000000001 0.7171875 0.5375 0.7171875 0.5375000000000001 0.73125 0.5484375000000001 0.73125
1 0.5687500000000001 0.7125 0.5484375 0.7125 0.5484375000000001 0.7375 0.5687500000000002 0.7375
2 0.4484375 0.61875 0.4359375 0.61875 0.4359375 0.63125 0.4484375 0.63125
1 0.4578125 0.615625 0.4453125 0.615625 0.4453125 0.6359375 0.4578125 0.6359375
1 0.475 0.6484375 0.4515625 0.6484375 0.4515625 0.675 0.475 0.675
2 0.4546875000000001 0.7171875 0.44375 0.7171875 0.4437500000000001 0.7390625 0.4546875000000002 0.7390625
1 0.4750000000000001 0.7109375 0.4515625 0.7109375 0.4515625000000001 0.7359375 0.4750000000000002 0.7359375
2 0.4515625 0.6859375 0.440625 0.6859375 0.440625 0.7015625 0.4515625 0.7015625
1 0.4703125 0.6796875 0.45 0.6796875 0.45 0.7015625 0.4703125 0.7015625
1 0.4734375000000002 0.7453125 0.4515625000000002 0.7453125 0.4515625000000002 0.78125 0.4734375000000002 0.78125
2 0.4515625000000002 0.7859375 0.4421875000000002 0.7859375 0.4421875000000002 0.803125 0.4515625000000002 0.803125
1 0.4703125000000002 0.7859375 0.4515625000000002 0.7859375 0.4515625000000002 0.8109375 0.4703125000000002 0.8109375
2 0.45625000000000016 0.8203125 0.4437500000000002 0.8203125 0.4437500000000002 0.84375 0.45625000000000016 0.84375
1 0.4781250000000002 0.821875 0.4546875000000002 0.821875 0.4546875000000002 0.85 0.4781250000000002 0.85
1 0.6125 0.615625 0.546875 0.615625 0.546875 0.6421875 0.6125 0.6421875
1 0.5921875 0.6484375 0.5390625 0.6484375 0.5390625 0.6703125 0.5921875 0.6703125
1 0.584375 0.68125 0.54375 0.68125 0.54375 0.7046875 0.584375 0.7046875
2 0.5578125000000002 0.7546875 0.5453125000000002 0.7546875 0.5453125000000002 0.771875 0.5578125000000002 0.771875
1 0.5765625000000002 0.7546875 0.5562500000000001 0.7546875 0.5562500000000001 0.7703125 0.5765625000000002 0.7703125
1 0.5906250000000002 0.790625 0.5500000000000002 0.790625 0.5500000000000002 0.8109375 0.5906250000000002 0.8109375
2 0.4484375 0.65 0.4375 0.65 0.4375 0.6671875 0.4484375 0.6671875
2 0.4515625000000002 0.7578125 0.4390625000000002 0.7578125 0.4390625000000002 0.771875 0.4515625000000002 0.771875
2 0.5500000000000002 0.7875 0.5406250000000001 0.7875 0.5406250000000001 0.803125 0.5500000000000002 0.803125
2 0.546875 0.684375 0.534375 0.684375 0.534375 0.7 0.546875 0.7
2 0.546875 0.615625 0.534375 0.615625 0.534375 0.63125 0.546875 0.63125
2 0.5421875 0.6484375 0.5328125 0.6484375 0.5328125 0.6640625 0.5421875 0.6640625
0 0.2875000000000001 0.475 0.2687500000000001 0.475 0.2687500000000001 0.5359375 0.2875000000000001 0.5359375