0 0.6000000000000002 0.7453125 0.3546875000000001 0.7453125 0.3546875000000001 0.7625 0.6000000000000002 0.7625
0 0.425 0.634375 0.3578125000000001 0.634375 0.3578125000000001 0.659375 0.425 0.659375
0 0.5984375 0.640625 0.43125 0.640625 0.43125 0.659375 0.5984375 0.659375
0 0.34218750000000003 0.3328125 0.321875 0.3328125 0.321875 0.4 0.3421875000000001 0.4
0 0.3453125000000001 0.4765625 0.32500000000000007 0.4765625 0.32500000000000007 0.534375 0.3453125000000001 0.534375
1 0.2578125000000001 0.5703125 0.2406250000000001 0.5703125 0.2406250000000001 0.6296875 0.2578125000000001 0.6296875
1 0.2812500000000001 0.5671875 0.2609375000000001 0.5671875 0.2609375000000001 0.6359375 0.2812500000000001 0.6359375
1 0.3046875000000001 0.575 0.2812500000000001 0.575 0.2812500000000001 0.6359375 0.3046875000000001 0.6359375
1 0.425 0.22656250000000008 0.4125 0.22656250000000008 0.4125 0.2750000000000001 0.425 0.2750000000000001
1 0.45 0.2218750000000001 0.4265625 0.2218750000000001 0.4265625 0.2796875000000001 0.45 0.2796875000000001
1 0.4765625 0.22031250000000008 0.4484375 0.22031250000000008 0.4484375 0.2843750000000001 0.4765625 0.2843750000000001
1 0.5046875 0.2218750000000001 0.4859375 0.2218750000000001 0.4859375 0.2812500000000001 0.5046875 0.2812500000000001
1 0.521875 0.22031250000000008 0.5046875 0.22031250000000008 0.5046875 0.2796875000000001 0.521875 0.2796875000000001