0 0.4421875 0.25312500000000004 0.28125 0.253125 0.28125 0.3375 0.4421875 0.3375000000000001
0 0.475 0.3234375000000001 0.415625 0.3234375000000001 0.415625 0.38750000000000007 0.475 0.38750000000000007
0 0.7984375 0.3968750000000001 0.725 0.3968750000000001 0.725 0.5328125000000001 0.7984375 0.5328125000000001
0 0.8265625 0.5328125000000001 0.6453125 0.5328125 0.6453125 0.6250000000000001 0.8265625 0.6250000000000002
1 0.8578125 0.5453125000000002 0.8359375 0.5453125000000002 0.8359375 0.5875000000000001 0.8578125 0.5875000000000001
2 0.8734375 0.5468750000000002 0.8609375 0.5468750000000002 0.8609375 0.5656250000000002 0.8734375 0.5656250000000002
2 0.8078125 0.5500000000000002 0.7890625 0.5500000000000002 0.7890625 0.5812500000000002 0.8078125 0.5812500000000002
1 0.771875 0.43281250000000016 0.7375 0.43281250000000016 0.7375 0.4656250000000002 0.771875 0.4656250000000002
1 0.8359375 0.5437500000000002 0.815625 0.5437500000000002 0.815625 0.5875000000000001 0.8359375 0.5875000000000001
1 0.7828125 0.5515625000000002 0.765625 0.5515625000000002 0.765625 0.5890625000000002 0.7828125 0.5890625000000002
0 0.7265625000000001 0.5875000000000001 0.403125 0.5875 0.40312500000000007 0.7609375 0.7265625000000002 0.7609375000000002
0 0.725 0.53125 0.528125 0.53125 0.528125 0.6890625 0.725 0.6890625
1 0.6140625 0.60625 0.596875 0.60625 0.596875 0.6484375 0.6140625 0.6484375
1 0.628125 0.625 0.6125 0.625 0.6125 0.6578125 0.628125 0.6578125
1 0.50625 0.675 0.49375 0.675 0.49375 0.725 0.50625 0.725
0 0.409375 0.5859375 0.3375000000000001 0.5859375 0.3375000000000001 0.690625 0.409375 0.690625
1 0.3843750000000001 0.6046875 0.3593750000000001 0.6046875 0.3593750000000001 0.6484375 0.3843750000000001 0.6484375
0 0.33906250000000004 0.334375 0.21875 0.334375 0.21875000000000006 0.590625 0.3390625000000001 0.590625
0 0.34062500000000007 0.3359375 0.278125 0.3359375 0.27812500000000007 0.5875 0.34062500000000007 0.5875
1 0.3203125 0.209375 0.29375 0.209375 0.29375 0.25 0.3203125 0.25
1 0.453125 0.3046875000000001 0.434375 0.3046875000000001 0.434375 0.3453125000000001 0.453125 0.3453125000000001
1 0.23593750000000008 0.4375 0.19843750000000004 0.4375 0.19843750000000004 0.4625 0.23593750000000008 0.4625
1 0.27812500000000007 0.440625 0.2453125000000001 0.440625 0.2453125000000001 0.465625 0.27812500000000007 0.465625
1 0.3234375000000001 0.5046875 0.2968750000000001 0.5046875 0.2968750000000001 0.5359375 0.3234375000000001 0.5359375
1 0.3218750000000001 0.521875 0.3078125000000001 0.521875 0.3078125000000001 0.5421875 0.3218750000000001 0.5421875