0 0.29375000000000007 0.465625 0.2140625000000001 0.465625 0.2140625000000001 0.5578125 0.29375000000000007 0.5578125
0 0.29375000000000007 0.4671875 0.2171875000000001 0.4671875 0.2171875000000001 0.4953125 0.29375000000000007 0.4953125
0 0.25312500000000004 0.3609375 0.2265625 0.3609375 0.22656250000000006 0.4375 0.2531250000000001 0.4375
1 0.24375 0.2953125 0.2328125 0.2953125 0.2328125 0.3140625 0.24375 0.3140625
1 0.253125 0.2953125 0.2453125 0.2953125 0.2453125 0.315625 0.253125 0.315625
1 0.2640625 0.296875 0.2546875 0.296875 0.2546875 0.3140625 0.2640625 0.3140625
1 0.4 0.4671875 0.3906250000000001 0.4671875 0.3906250000000001 0.4875 0.4 0.4875
1 0.409375 0.4671875 0.4015625 0.4671875 0.4015625 0.484375 0.409375 0.484375
1 0.4140625 0.4671875 0.409375 0.4671875 0.409375 0.4859375 0.4140625 0.4859375
1 0.409375 0.4953125 0.403125 0.4953125 0.403125 0.5140625 0.409375 0.5140625
1 0.4234375 0.490625 0.4140625 0.490625 0.4140625 0.5125 0.4234375 0.5125
1 0.434375 0.4953125 0.4265625 0.4953125 0.4265625 0.5140625 0.434375 0.5140625
2 0.3921875000000001 0.49375 0.38750000000000007 0.49375 0.38750000000000007 0.515625 0.3921875000000001 0.515625
1 0.3984375000000001 0.49375 0.3906250000000001 0.49375 0.3906250000000001 0.5140625 0.3984375000000001 0.5140625
1 0.45 0.49375 0.440625 0.49375 0.440625 0.5140625 0.45 0.5140625
1 0.2750000000000001 0.515625 0.2671875000000001 0.515625 0.2671875000000001 0.534375 0.2750000000000001 0.534375
1 0.2218750000000001 0.3703125 0.21250000000000008 0.3703125 0.21250000000000008 0.3890625 0.2218750000000001 0.3890625
1 0.3750000000000001 0.46875 0.3671875000000001 0.46875 0.3671875000000001 0.4859375 0.3750000000000001 0.4859375
1 0.3750000000000001 0.4953125 0.3671875000000001 0.4953125 0.3671875000000001 0.5109375 0.3750000000000001 0.5109375
1 0.5921875 0.5609375 0.5859375 0.5609375 0.5859375 0.58125 0.5921875 0.58125
0 0.75 0.46562500000000007 0.7078125 0.465625 0.7078125 0.5093750000000001 0.75 0.5093750000000001
1 0.59375 0.2593750000000001 0.5859375 0.2593750000000001 0.5859375 0.2750000000000001 0.59375 0.2750000000000001
2 0.3859375000000001 0.4984375 0.3765625000000001 0.4984375 0.3765625000000001 0.509375 0.3859375000000001 0.509375
2 0.37968750000000007 0.48125 0.3765625000000001 0.48125 0.3765625000000001 0.4921875 0.37968750000000007 0.4921875
2 0.3890625000000001 0.4703125 0.37968750000000007 0.4703125 0.37968750000000007 0.484375 0.3890625000000001 0.484375
2 0.4015625 0.50625 0.3984375000000001 0.50625 0.3984375000000001 0.5140625 0.4015625 0.5140625
2 0.415625 0.496875 0.409375 0.496875 0.409375 0.509375 0.415625 0.509375
2 0.453125 0.5078125 0.45 0.5078125 0.45 0.51875 0.453125 0.51875
2 0.4375 0.49375 0.434375 0.49375 0.434375 0.515625 0.4375 0.515625
1 0.7296875 0.4906250000000001 0.71875 0.490625 0.71875 0.5093750000000001 0.7296875 0.5093750000000001