0 0.3828125000000001 0.5640625 0.3109375000000001 0.5640625 0.3109375000000001 0.64375 0.3828125000000001 0.64375
0 0.6609375 0.5265625 0.4671875 0.5265625 0.4671875 0.6359375 0.6609375 0.6359375
0 0.6921875 0.565625 0.465625 0.565625 0.465625 0.6390625 0.6921875 0.6390625
0 0.6609375 0.3671875000000001 0.653125 0.3671875000000001 0.653125 0.4625 0.6609375 0.4625
0 0.6859375 0.3609375000000001 0.6546875 0.3609375000000001 0.6546875 0.421875 0.6859375 0.421875
0 0.4671875 0.4640625 0.4234375 0.4640625 0.4234375 0.525 0.4671875 0.525
0 0.765625 0.3531250000000001 0.690625 0.3531250000000001 0.690625 0.6312500000000001 0.765625 0.6312500000000002
0 0.725 0.41875 0.690625 0.41875 0.690625 0.5625 0.725 0.5625
1 0.4265625 0.4734375 0.409375 0.4734375 0.409375 0.4875 0.4265625 0.4875
1 0.3515625000000001 0.603125 0.3390625000000001 0.603125 0.3390625000000001 0.6265625 0.3515625000000001 0.6265625
1 0.671875 0.3437500000000001 0.6609375 0.3437500000000001 0.6609375 0.3671875000000001 0.671875 0.3671875000000001
1 0.740625 0.5015625000000001 0.721875 0.5015625 0.721875 0.5109375 0.740625 0.5109375000000002
1 0.740625 0.48906250000000007 0.721875 0.4890625 0.721875 0.49687500000000007 0.740625 0.4968750000000002
1 0.7421875 0.4625000000000001 0.7203125 0.4625 0.7203125 0.4828125000000001 0.7421875 0.4828125000000002
1 0.7890625 0.4937500000000002 0.76875 0.4937500000000002 0.76875 0.5093750000000001 0.7890625 0.5093750000000001
1 0.7890625 0.4781250000000002 0.7703125 0.4781250000000002 0.7703125 0.4968750000000002 0.7890625 0.4968750000000002