0 0.33593750000000006 2.9372388073299805e-17 0.14375 1.7604297737743203e-17 0.14375000000000004 0.6046875 0.3359375000000001 0.6046875
0 0.3375 0.14218750000000005 0.2046875 0.14218750000000005 0.20468750000000005 0.390625 0.3375000000000001 0.390625
0 0.3375 0.16250000000000003 0.2640625 0.16250000000000003 0.26406250000000003 0.378125 0.3375000000000001 0.378125
0 0.653125 0.39062500000000006 0.33281250000000007 0.390625 0.33281250000000007 0.5734375 0.653125 0.5734375
0 0.4546875 0.39062500000000006 0.3234375000000001 0.390625 0.3234375000000001 0.440625 0.4546875 0.440625
0 0.4234375 0.38906250000000003 0.3156250000000001 0.3890625 0.3156250000000001 0.4984375 0.4234375 0.4984375
0 0.73125 0.2062500000000001 0.6578125 0.2062500000000001 0.6578125 0.34062500000000007 0.73125 0.34062500000000007
0 0.39375 0.010937500000000044 0.3484375 0.010937500000000041 0.3484375 0.17343750000000005 0.39375 0.17343750000000005
0 0.49375 0.12031250000000004 0.38125 0.12031250000000004 0.38125 0.2078125000000001 0.49375 0.2078125000000001
2 0.2812500000000001 0.521875 0.2453125000000001 0.521875 0.2453125000000001 0.596875 0.2812500000000001 0.596875
2 0.6140625 0.16406250000000008 0.5671875 0.16406250000000008 0.5671875 0.2078125000000001 0.6140625 0.2078125000000001
1 0.5015625 0.5203125 0.48125 0.5203125 0.48125 0.5421875 0.5015625 0.5421875
1 0.2718750000000001 0.5578125 0.2578125000000001 0.5578125 0.2578125000000001 0.5828125 0.2718750000000001 0.5828125
1 0.2843750000000001 0.5421875 0.27031250000000007 0.5421875 0.27031250000000007 0.5609375 0.2843750000000001 0.5609375
1 0.13906250000000003 0.2296875 0.12031250000000004 0.2296875 0.12031250000000004 0.2453125 0.13906250000000003 0.2453125
1 0.13906250000000003 0.3015625 0.11875000000000005 0.3015625 0.11875000000000005 0.3234375 0.13906250000000003 0.3234375
1 0.14062500000000006 0.2828125 0.12343750000000005 0.2828125 0.12343750000000005 0.2984375 0.14062500000000006 0.2984375
1 0.5859375 0.1531250000000001 0.578125 0.1531250000000001 0.578125 0.17187500000000008 0.5859375 0.17187500000000008
1 0.5984375 0.1515625000000001 0.5875 0.1515625000000001 0.5875 0.1750000000000001 0.5984375 0.1750000000000001
1 0.3359375 0.09218750000000005 0.325 0.09218750000000005 0.325 0.10468750000000004 0.3359375 0.10468750000000004
1 0.3375 0.07812500000000004 0.3234375 0.07812500000000004 0.3234375 0.09218750000000005 0.3375 0.09218750000000005
1 0.3390625 0.04531250000000005 0.325 0.04531250000000005 0.325 0.06718750000000004 0.3390625 0.06718750000000004
1 0.4 0.12343750000000005 0.3875 0.12343750000000005 0.3875 0.14531250000000004 0.4 0.14531250000000004
1 0.4109375 0.10000000000000005 0.396875 0.10000000000000005 0.396875 0.12343750000000005 0.4109375 0.12343750000000005
1 0.4734375 0.09531250000000006 0.459375 0.09531250000000006 0.459375 0.11875000000000005 0.4734375 0.11875000000000005
1 0.203125 0.2578125 0.18437500000000004 0.2578125 0.18437500000000004 0.2828125 0.203125 0.2828125
1 0.2125 0.253125 0.19531250000000006 0.253125 0.19531250000000006 0.265625 0.2125 0.265625
1 0.2703125 0.259375 0.253125 0.259375 0.253125 0.28125 0.2703125 0.28125
1 0.428125 0.2656250000000001 0.409375 0.2656250000000001 0.409375 0.2875000000000001 0.428125 0.2875000000000001
1 0.4328125 0.2515625000000001 0.41875 0.2515625000000001 0.41875 0.2671875000000001 0.4328125 0.2671875000000001
1 0.4171875 0.4109375 0.4046875 0.4109375 0.4046875 0.4359375 0.4171875 0.4359375
1 0.4140625 0.3906250000000001 0.39531250000000007 0.3906250000000001 0.39531250000000007 0.41875 0.4140625 0.41875
1 0.3687500000000001 0.4625 0.3546875000000001 0.4625 0.3546875000000001 0.4875 0.3687500000000001 0.4875
1 0.709375 0.2593750000000001 0.6953125 0.2593750000000001 0.6953125 0.2843750000000001 0.709375 0.2843750000000001
1 0.4109375 4.927289855944429e-17 0.39375 4.8220467716427034e-17 0.39375 0.01250000000000005 0.4109375 0.01250000000000005
1 0.8578125 0.018750000000000107 0.846875 0.018750000000000107 0.846875 0.0437500000000001 0.8578125 0.0437500000000001
2 0.9 0.020312500000000108 0.8609375 0.020312500000000105 0.8609375 0.07031250000000011 0.9 0.07031250000000011
1 0.8796875 0.021875000000000106 0.8703125 0.021875000000000106 0.8703125 0.03750000000000011 0.8796875 0.03750000000000011
2 0.965625 0.012500000000000113 0.9140625 0.012500000000000112 0.9140625 0.07343750000000011 0.965625 0.07343750000000011
2 0.921875 0.03593750000000011 0.9125 0.03593750000000011 0.9125 0.0718750000000001 0.921875 0.0718750000000001
2 0.9609375 0.03750000000000012 0.9515625 0.03750000000000011 0.9515625 0.07031250000000011 0.9609375 0.07031250000000011
2 0.5703125000000002 0.84375 0.5281250000000002 0.84375 0.5281250000000002 0.896875 0.5703125000000002 0.896875
1 0.5593750000000002 0.85 0.5500000000000002 0.85 0.5500000000000002 0.86875 0.5593750000000002 0.86875
1 0.5312500000000002 0.8515625 0.5250000000000001 0.8515625 0.5250000000000001 0.8671875 0.5312500000000002 0.8671875
1 0.5437500000000002 0.85 0.5343750000000002 0.85 0.5343750000000002 0.86875 0.5437500000000002 0.86875
0 0.6140625000000002 0.809375 0.6046875000000002 0.809375 0.6046875000000002 0.9359375 0.6140625000000002 0.9359375
2 0.5859375000000002 0.8765625 0.5453125000000002 0.8765625 0.5453125000000002 0.934375 0.5859375000000002 0.934375
1 0.5953125000000001 0.9109375 0.5875000000000001 0.9109375 0.5875000000000001 0.93125 0.5953125000000001 0.93125
1 0.5671875000000002 0.9125 0.5625000000000002 0.9125 0.5625000000000002 0.93125 0.5671875000000002 0.93125
1 0.5781250000000002 0.9125 0.5687500000000002 0.9125 0.5687500000000002 0.9296875 0.5781250000000002 0.9296875
1 0.6062500000000002 0.821875 0.5937500000000002 0.821875 0.5937500000000002 0.84375 0.6062500000000002 0.84375