1 0.4203125 0.28593750000000007 0.4125 0.28593750000000007 0.4125 0.3046875000000001 0.4203125 0.3046875000000001
1 0.4265625 0.28593750000000007 0.4203125 0.28593750000000007 0.4203125 0.3031250000000001 0.4265625 0.3031250000000001
1 0.453125 0.28593750000000007 0.4453125 0.28593750000000007 0.4453125 0.3031250000000001 0.453125 0.3031250000000001
1 0.459375 0.2843750000000001 0.4515625 0.2843750000000001 0.4515625 0.3031250000000001 0.459375 0.3031250000000001
0 0.3968750000000001 0.3734375000000001 0.3750000000000001 0.3734375000000001 0.3750000000000001 0.4375 0.3968750000000001 0.4375
0 0.5765625 0.4625 0.39531250000000007 0.4625 0.39531250000000007 0.5046875 0.5765625 0.5046875
0 0.4296875 0.4625 0.39531250000000007 0.4625 0.39531250000000007 0.4984375 0.4296875 0.4984375
0 0.575 0.4421875 0.4734375 0.4421875 0.4734375 0.4734375 0.575 0.4734375
0 0.471875 0.3750000000000001 0.465625 0.3750000000000001 0.465625 0.4359375 0.471875 0.4359375
0 0.603125 0.3703125000000001 0.5734375 0.3703125000000001 0.5734375 0.440625 0.603125 0.440625
0 0.575 0.4609375 0.4390625 0.4609375 0.4390625 0.503125 0.575 0.503125
1 0.5953125 0.4921875 0.5828125 0.4921875 0.5828125 0.5 0.5953125 0.5
1 0.596875 0.4796875 0.584375 0.4796875 0.584375 0.49375 0.596875 0.49375
1 0.5953125 0.4703125 0.58125 0.4703125 0.58125 0.48125 0.5953125 0.48125
0 0.6953125 0.459375 0.615625 0.459375 0.615625 0.5234375 0.6953125 0.5234375
0 0.6875 0.4578125 0.6265625 0.4578125 0.6265625 0.4984375 0.6875 0.4984375
0 0.4265625 0.30937500000000007 0.39375 0.30937500000000007 0.39375 0.3609375000000001 0.4265625 0.3609375000000001
0 0.7109375 0.32500000000000007 0.66875 0.32500000000000007 0.66875 0.3828125000000001 0.7109375 0.3828125000000001
0 0.459375 0.5390625 0.421875 0.5390625 0.421875 0.584375 0.459375 0.584375
1 0.4453125 0.53125 0.4375 0.53125 0.4375 0.5453125 0.4453125 0.5453125
1 0.4515625 0.534375 0.44375 0.534375 0.44375 0.5484375 0.4515625 0.5484375
1 0.3750000000000001 0.403125 0.3656250000000001 0.403125 0.3656250000000001 0.415625 0.3750000000000001 0.415625
1 0.37968750000000007 0.3968750000000001 0.37187500000000007 0.3968750000000001 0.37187500000000007 0.4046875 0.37968750000000007 0.4046875
1 0.6640625 0.2578125000000001 0.65625 0.2578125000000001 0.65625 0.2718750000000001 0.6640625 0.2718750000000001
2 0.6796875 0.2671875000000001 0.659375 0.2671875000000001 0.659375 0.2906250000000001 0.6796875 0.2906250000000001
1 0.6734375 0.2578125000000001 0.665625 0.2578125000000001 0.665625 0.2718750000000001 0.6734375 0.2718750000000001
1 0.703125 0.3281250000000001 0.6953125 0.3281250000000001 0.6953125 0.3421875000000001 0.703125 0.3421875000000001
2 0.703125 0.2640625000000001 0.6859375 0.2640625000000001 0.6859375 0.2921875000000001 0.703125 0.2921875000000001
2 0.7109375 0.2609375000000001 0.7015625 0.2609375000000001 0.7015625 0.29375000000000007 0.7109375 0.29375000000000007
2 0.6890625 0.26250000000000007 0.6796875 0.26250000000000007 0.6796875 0.2906250000000001 0.6890625 0.2906250000000001
2 0.4671875 0.28593750000000007 0.4609375 0.28593750000000007 0.4609375 0.2953125000000001 0.4671875 0.2953125000000001
2 0.434375 0.28593750000000007 0.428125 0.28593750000000007 0.428125 0.2953125000000001 0.434375 0.2953125000000001
1 0.465625 0.3968750000000001 0.45625 0.3968750000000001 0.45625 0.4046875 0.465625 0.4046875
2 0.4609375 0.5359375 0.4546875 0.5359375 0.4546875 0.546875 0.4609375 0.546875
1 0.6609375 0.4953125 0.6515625 0.4953125 0.6515625 0.509375 0.6609375 0.509375