0 0.75 0.30156250000000007 0.2453125 0.3015625 0.24531250000000004 0.4406250000000001 0.75 0.44062500000000016
0 0.7484375 0.3031250000000001 0.365625 0.3031250000000001 0.36562500000000003 0.4453125000000001 0.7484375 0.44531250000000017
0 0.7484375 0.2531250000000001 0.515625 0.2531250000000001 0.515625 0.36406250000000007 0.7484375 0.36406250000000007
0 0.30625 0.2734375 0.24375 0.2734375 0.24375000000000005 0.4515625 0.3062500000000001 0.4515625
0 0.821875 0.0906250000000001 0.746875 0.0906250000000001 0.746875 0.25468750000000007 0.821875 0.25468750000000007
0 0.2953125 0.07656250000000003 0.2359375 0.07656250000000002 0.2359375 0.25625 0.2953125 0.25625
0 0.509375 0.03906250000000006 0.465625 0.039062500000000056 0.465625 0.08906250000000007 0.509375 0.08906250000000007
0 0.4796875 0.10312500000000005 0.459375 0.10312500000000005 0.459375 0.23593750000000008 0.4796875 0.23593750000000008
0 0.796875 9.557985565220359e-17 0.7640625 9.357066949735246e-17 0.7640625 0.05156250000000009 0.796875 0.05156250000000009
1 0.475 0.010937500000000057 0.453125 0.010937500000000055 0.453125 0.046875000000000056 0.475 0.046875000000000056
1 0.4984375 0.014062500000000061 0.4828125 0.014062500000000061 0.4828125 0.04375000000000005 0.4984375 0.04375000000000005
1 0.4625 0.14843750000000006 0.4375 0.14843750000000006 0.4375 0.16718750000000004 0.4625 0.16718750000000004
1 0.434375 0.4546875 0.4171875 0.4546875 0.4171875 0.496875 0.434375 0.496875
1 0.4640625 0.4546875 0.4421875 0.4546875 0.4421875 0.4984375 0.4640625 0.4984375
1 0.4875 0.453125 0.465625 0.453125 0.465625 0.5015625 0.4875 0.5015625
1 0.50625 0.4546875 0.4859375 0.4546875 0.4859375 0.4984375 0.50625 0.4984375
2 0.4015625 0.3000000000000001 0.3734375 0.3000000000000001 0.3734375 0.3500000000000001 0.4015625 0.3500000000000001
1 0.421875 0.32500000000000007 0.3984375 0.32500000000000007 0.3984375 0.34843750000000007 0.421875 0.34843750000000007
0 0.7812500000000001 0.6875000000000001 0.70625 0.6875 0.70625 0.921875 0.7812500000000002 0.921875
0 0.7109375000000002 0.921875 0.5906250000000002 0.921875 0.5906250000000002 1 0.7109375000000002 1
0 0.5812500000000002 0.9453125 0.5343750000000002 0.9453125 0.5343750000000002 1 0.5812500000000002 1
0 0.4718750000000001 0.66875 0.3843750000000001 0.66875 0.3843750000000001 0.959375 0.47187500000000016 0.959375
2 0.4046875 0.4640625 0.3781250000000001 0.4640625 0.3781250000000001 0.49375 0.4046875 0.49375
1 0.765625 0.042187500000000086 0.7390625 0.042187500000000086 0.7390625 0.06875000000000009 0.765625 0.06875000000000009
1 0.7671875 0.012500000000000091 0.7375 0.01250000000000009 0.7375 0.03906250000000009 0.7671875 0.03906250000000009
1 0.790625 0.15625000000000008 0.75625 0.15625000000000008 0.75625 0.1937500000000001 0.790625 0.1937500000000001
1 0.6421875 0.2687500000000001 0.6171875 0.2687500000000001 0.6171875 0.3187500000000001 0.6421875 0.3187500000000001
1 0.553125 0.3500000000000001 0.53125 0.3500000000000001 0.53125 0.39531250000000007 0.553125 0.39531250000000007
1 0.4343750000000002 0.7921875 0.40937500000000016 0.7921875 0.40937500000000016 0.8296875 0.4343750000000002 0.8296875
1 0.7500000000000002 0.7937500000000001 0.7171875000000002 0.79375 0.7171875000000002 0.83125 0.7500000000000002 0.83125
1 0.7562500000000002 0.7593750000000001 0.7359375000000001 0.7593750000000001 0.7359375000000001 0.803125 0.7562500000000002 0.803125
1 0.6718750000000002 0.93125 0.6484375000000002 0.93125 0.6484375000000002 0.9734375 0.6718750000000002 0.9734375
1 0.7000000000000002 0.9546875 0.6703125000000002 0.9546875 0.6703125000000002 0.978125 0.7000000000000002 0.978125