0 0.215625 0.209375 0.16093750000000004 0.209375 0.16093750000000004 0.25625 0.215625 0.25625
0 0.2375 0.11093750000000002 0.121875 0.1109375 0.121875 0.153125 0.2375 0.15312500000000004
0 0.153125 0.14375 0.07968750000000002 0.14375 0.07968750000000002 0.2203125 0.15312500000000004 0.2203125
0 0.37968750000000007 0.38281250000000006 0.10000000000000005 0.3828125 0.10000000000000005 0.5265625 0.37968750000000007 0.5265625
0 0.3843750000000001 0.38750000000000007 0.14843750000000006 0.3875 0.14843750000000006 0.528125 0.3843750000000001 0.528125
0 0.3812500000000001 0.38125000000000003 0.15000000000000005 0.38125 0.15000000000000005 0.4578125 0.3812500000000001 0.4578125
0 0.2562500000000001 0.384375 0.14843750000000006 0.384375 0.14843750000000006 0.4578125 0.2562500000000001 0.4578125
0 0.24062500000000003 0.35 0.15625000000000006 0.35 0.15625000000000006 0.4140625 0.2406250000000001 0.4140625
0 0.2406250000000001 0.3859375 0.15000000000000005 0.3859375 0.15000000000000005 0.421875 0.2406250000000001 0.421875
0 0.38125000000000003 0.35000000000000003 0.25 0.35 0.25000000000000006 0.4625 0.3812500000000001 0.4625
0 0.20625 0.26875 0.19687500000000005 0.26875 0.19687500000000005 0.3390625 0.20625 0.3390625
0 0.15312500000000004 0.3828125 0.10000000000000005 0.3828125 0.10000000000000005 0.5234375 0.15312500000000004 0.5234375
0 0.428125 0.2578125000000001 0.378125 0.2578125000000001 0.378125 0.3468750000000001 0.428125 0.3468750000000001
0 0.5953125 0.3968750000000001 0.4828125 0.3968750000000001 0.4828125 0.471875 0.5953125 0.471875
0 0.65625 0.2078125000000001 0.596875 0.2078125000000001 0.596875 0.4 0.65625 0.4
0 0.81875 0.37968750000000007 0.7359375 0.37968750000000007 0.7359375 0.4515625000000002 0.81875 0.4515625000000002
0 0.815625 0.3578125000000001 0.7640625 0.3578125000000001 0.7640625 0.45312500000000017 0.815625 0.45312500000000017
0 0.7609375 0.37968750000000007 0.734375 0.37968750000000007 0.734375 0.44843750000000016 0.7609375 0.44843750000000016
0 1 0.2390625000000001 0.940625 0.2390625000000001 0.940625 0.3750000000000001 1 0.3750000000000001
0 0.98125 0.2515625000000001 0.940625 0.2515625000000001 0.940625 0.3703125000000001 0.98125 0.3703125000000001
0 0.9953125 0.21875000000000008 0.765625 0.21875000000000008 0.765625 0.2562500000000001 0.9953125 0.2562500000000001
0 0.759375 0.1140625000000001 0.6984375 0.1140625000000001 0.6984375 0.2171875000000001 0.759375 0.2171875000000001
0 0.759375 0.1687500000000001 0.721875 0.1687500000000001 0.721875 0.21875000000000008 0.759375 0.21875000000000008
0 0.8125 0.1218750000000001 0.7625 0.1218750000000001 0.7625 0.23437500000000008 0.8125 0.23437500000000008
0 0.7828125 0.1671875000000001 0.7609375 0.1671875000000001 0.7609375 0.24218750000000008 0.7828125 0.24218750000000008
0 0.5046875000000002 0.8828125 0.4265625000000002 0.8828125 0.4265625000000002 0.9625 0.5046875000000002 0.9625
0 0.5031250000000002 0.884375 0.45625000000000016 0.884375 0.45625000000000016 0.959375 0.5031250000000002 0.959375
0 0.4546875000000002 0.9171875 0.2515625000000001 0.9171875 0.2515625000000001 0.9984375 0.4546875000000002 0.9984375
0 0.4468750000000002 0.8828125 0.42500000000000016 0.8828125 0.42500000000000016 0.953125 0.4468750000000002 0.953125