0 0.6265625 0.4234375 0.58125 0.4234375 0.58125 0.5390625 0.6265625 0.5390625
0 0.5796875 0.5375 0.33281250000000007 0.5375 0.33281250000000007 0.7078125 0.5796875 0.7078125
0 0.5796875 0.56875 0.2750000000000001 0.56875 0.2750000000000001 0.7078125 0.5796875 0.7078125
0 0.578125 0.5375 0.41875 0.5375 0.41875 0.665625 0.578125 0.665625
0 0.3265625000000001 0.5703125 0.2750000000000001 0.5703125 0.2750000000000001 0.70625 0.3265625000000001 0.70625
0 0.32656250000000003 0.346875 0.278125 0.346875 0.27812500000000007 0.3890625 0.3265625000000001 0.3890625
0 0.38125000000000003 0.34218750000000003 0.3265625 0.3421875 0.32656250000000003 0.4 0.3812500000000001 0.4
1 0.3 0.3109375 0.2875 0.3109375 0.2875 0.34375 0.3 0.34375
1 0.31875 0.3140625 0.3078125 0.3140625 0.3078125 0.3421875 0.31875 0.3421875
1 0.353125 0.3125 0.3390625 0.3125 0.3390625 0.340625 0.353125 0.340625
1 0.3703125 0.31250000000000006 0.3578125 0.3125 0.3578125 0.34062500000000007 0.3703125 0.34062500000000007
0 0.7484375 0.5718750000000001 0.6375 0.571875 0.6375 0.675 0.7484375 0.6750000000000002
0 0.7984375 0.38750000000000007 0.75 0.38750000000000007 0.75 0.5750000000000002 0.7984375 0.5750000000000002