0 0.5734375 0.5703125 0.2984375000000001 0.5703125 0.2984375000000001 0.5875 0.5734375 0.5875
0 0.29375000000000007 0.5703125 0.25468750000000007 0.5703125 0.25468750000000007 0.5859375 0.29375000000000007 0.5859375
0 0.6296875 0.3453125000000001 0.61875 0.3453125000000001 0.61875 0.440625 0.6296875 0.440625
0 0.7609375 0.5468750000000001 0.6609375 0.546875 0.6609375 0.5671875000000001 0.7609375 0.5671875000000002
0 0.81875 0.30937500000000007 0.8078125 0.30937500000000007 0.8078125 0.4828125000000002 0.81875 0.4828125000000002
1 0.4390625 0.678125 0.4140625 0.678125 0.4140625 0.7015625 0.4390625 0.7015625
1 0.4703125 0.6796875 0.4484375 0.6796875 0.4484375 0.7 0.4703125 0.7
1 0.4390625000000001 0.7109375 0.415625 0.7109375 0.4156250000000001 0.7359375 0.4390625000000002 0.7359375
1 0.46562500000000007 0.7109375 0.4515625 0.7109375 0.4515625000000001 0.7328125 0.4656250000000002 0.7328125
1 0.49687500000000007 0.709375 0.4859375 0.709375 0.4859375000000001 0.73125 0.4968750000000002 0.73125
1 0.5359375000000001 0.7125 0.515625 0.7125 0.5156250000000001 0.734375 0.5359375000000002 0.734375
1 0.50625 0.678125 0.48125 0.678125 0.48125 0.7015625 0.50625 0.7015625
1 0.53125 0.6796875 0.5203125 0.6796875 0.5203125 0.6984375 0.53125 0.6984375
1 0.5734375 0.6765625 0.54375 0.6765625 0.54375 0.7 0.5734375 0.7
1 0.5671875000000001 0.7109375 0.5484375 0.7109375 0.5484375000000001 0.734375 0.5671875000000002 0.734375
1 0.6109375 0.678125 0.5859375 0.678125 0.5859375 0.6984375 0.6109375 0.6984375
1 0.6187500000000001 0.7109375 0.5765625 0.7109375 0.5765625000000001 0.734375 0.6187500000000001 0.734375
1 0.659375 0.6796875 0.628125 0.6796875 0.628125 0.6984375 0.659375 0.6984375
1 0.6625000000000001 0.7109375 0.6234375 0.7109375 0.6234375000000001 0.73125 0.6625000000000002 0.73125
1 0.6921875 0.68125 0.6796875 0.68125 0.6796875 0.7 0.6921875 0.7
1 0.7078125000000001 0.7109375 0.665625 0.7109375 0.6656250000000001 0.7328125 0.7078125000000002 0.7328125
1 0.7328125 0.6796875000000001 0.721875 0.6796875 0.721875 0.7000000000000001 0.7328125 0.7000000000000002
1 0.7359375000000001 0.7109375000000001 0.71875 0.7109375 0.7187500000000001 0.7312500000000001 0.7359375000000001 0.7312500000000002
1 0.7734375 0.6796875000000002 0.7515625 0.6796875000000002 0.7515625 0.7015625000000002 0.7734375 0.7015625000000002
1 0.7750000000000001 0.7109375000000002 0.7515625 0.7109375000000002 0.7515625000000001 0.7328125000000002 0.7750000000000001 0.7328125000000002
1 0.8140625 0.6796875000000002 0.7859375 0.6796875000000002 0.7859375 0.7015625000000002 0.8140625 0.7015625000000002
1 0.8125 0.7109375000000002 0.790625 0.7109375000000002 0.7906250000000001 0.7343750000000002 0.8125 0.7343750000000002
1 0.853125 0.6765625000000002 0.8265625 0.6765625000000002 0.8265625 0.6984375000000002 0.853125 0.6984375000000002
1 0.859375 0.7109375000000002 0.8203125 0.7109375000000002 0.8203125 0.7328125000000002 0.859375 0.7328125000000002
1 0.884375 0.6796875000000002 0.875 0.6796875000000002 0.875 0.7000000000000002 0.884375 0.7000000000000002
1 0.8890625 0.7109375000000002 0.8703125 0.7109375000000002 0.8703125 0.7343750000000002 0.8890625 0.7343750000000002
1 0.928125 0.6812500000000001 0.9046875 0.6812500000000001 0.9046875 0.7031250000000002 0.928125 0.7031250000000002
1 0.9265625 0.7109375000000002 0.9078125 0.7109375000000002 0.9078125 0.7312500000000002 0.9265625 0.7312500000000002
1 0.959375 0.6765625000000002 0.946875 0.6765625000000002 0.946875 0.6984375000000002 0.959375 0.6984375000000002
1 0.9625 0.7109375000000002 0.94375 0.7109375000000002 0.94375 0.7296875000000002 0.9625 0.7296875000000002