0 0.8625 0.3890625000000001 0.8046875 0.3890625000000001 0.8046875 0.6062500000000002 0.8625 0.6062500000000002
0 0.8125 0.6015625000000001 0.55 0.6015625 0.55 0.675 0.8125 0.6750000000000002
0 0.34062500000000007 0.66875 0.2562500000000001 0.66875 0.2562500000000001 0.7578125 0.34062500000000007 0.7578125
0 0.815625 0.6703125000000001 0.3343750000000001 0.6703125 0.3343750000000001 0.7515625000000001 0.815625 0.7515625000000001
0 0.4265625 0.27656250000000004 0.3421875 0.2765625 0.34218750000000003 0.38906250000000003 0.4265625 0.3890625000000001
0 0.33125 0.215625 0.2234375 0.215625 0.2234375 0.328125 0.33125 0.328125
0 0.2500000000000001 0.3640625 0.2062500000000001 0.3640625 0.2062500000000001 0.64375 0.2500000000000001 0.64375
1 0.3078125000000001 0.6984375 0.2875000000000001 0.6984375 0.2875000000000001 0.740625 0.3078125000000001 0.740625
1 0.3046875000000001 0.5125 0.2828125000000001 0.5125 0.2828125000000001 0.5640625 0.3046875000000001 0.5640625
1 0.3218750000000001 0.5234375 0.3046875000000001 0.5234375 0.3046875000000001 0.55625 0.3218750000000001 0.55625
1 0.5703125000000001 0.6953125 0.5578125 0.6953125 0.5578125 0.7375 0.5703125000000002 0.7375
1 0.6828125 0.6171875 0.6703125 0.6171875 0.6703125 0.6578125 0.6828125 0.6578125
1 0.6953125 0.634375 0.68125 0.634375 0.68125 0.6546875 0.6953125 0.6546875
1 0.7140625 0.4640625 0.690625 0.4640625 0.690625 0.49375 0.7140625 0.49375
1 0.71875 0.45 0.6984375 0.45 0.6984375 0.4671875 0.71875 0.4671875
1 0.85 0.47968750000000016 0.821875 0.47968750000000016 0.821875 0.5109375000000002 0.85 0.5109375000000002
0 0.31562500000000004 0.3515625 0.2703125 0.3515625 0.27031250000000007 0.39375 0.3156250000000001 0.39375
2 0.28125 0.18750000000000006 0.2640625 0.18750000000000006 0.2640625 0.19843750000000004 0.28125 0.19843750000000004
1 0.29375 0.18437500000000004 0.2796875 0.18437500000000004 0.2796875 0.215625 0.29375 0.215625
1 0.3046875 0.18750000000000006 0.2875 0.18750000000000006 0.2875 0.2171875 0.3046875 0.2171875
2 0.3140625 0.19218750000000004 0.30625 0.19218750000000004 0.30625 0.20625 0.3140625 0.20625
1 0.40625 0.2375000000000001 0.3921875 0.2375000000000001 0.3921875 0.2750000000000001 0.40625 0.2750000000000001
0 0.8546875 0.3140625000000001 0.7453125 0.3140625000000001 0.7453125 0.38750000000000007 0.8546875 0.38750000000000007
1 0.846875 0.2812500000000001 0.8296875 0.2812500000000001 0.8296875 0.3140625000000001 0.846875 0.3140625000000001
1 0.871875 0.2843750000000001 0.8625 0.2843750000000001 0.8625 0.3203125000000001 0.871875 0.3203125000000001
1 0.896875 0.2843750000000001 0.8765625 0.2843750000000001 0.8765625 0.3187500000000001 0.896875 0.3187500000000001
2 0.9046875 0.2734375000000001 0.8953125 0.2734375000000001 0.8953125 0.2921875000000001 0.9046875 0.2921875000000001
2 0.859375 0.2875000000000001 0.8484375 0.2875000000000001 0.8484375 0.3078125000000001 0.859375 0.3078125000000001
1 0.728125 0.4125000000000001 0.715625 0.4125 0.715625 0.5765625000000001 0.728125 0.5765625000000002