0 0.3109375000000001 0.4046875 0.2734375000000001 0.4046875 0.2734375000000001 0.525 0.3109375000000001 0.525
0 0.609375 0.5578125 0.2718750000000001 0.5578125 0.2718750000000001 0.65625 0.609375 0.65625
0 0.31718750000000007 0.5328125 0.2718750000000001 0.5328125 0.2718750000000001 0.6578125 0.31718750000000007 0.6578125
0 0.39531250000000007 0.55625 0.3515625000000001 0.55625 0.3515625000000001 0.6578125 0.39531250000000007 0.6578125
0 0.6109375 0.5203125 0.4515625 0.5203125 0.4515625 0.59375 0.6109375 0.59375
0 0.4265625 0.415625 0.4125 0.415625 0.4125 0.5109375 0.4265625 0.5109375
0 0.6625 0.4046875 0.60625 0.4046875 0.60625 0.5203125 0.6625 0.5203125
0 0.8390625 0.3671875000000001 0.7828125 0.3671875000000001 0.7828125 0.5562500000000001 0.8390625 0.5562500000000001
0 0.78125 0.5546875000000001 0.6671875 0.5546875 0.6671875 0.6546875000000001 0.78125 0.6546875000000002
0 0.6484375 0.3375000000000001 0.603125 0.3375000000000001 0.603125 0.4046875 0.6484375 0.4046875
2 0.6421875 0.3390625000000001 0.615625 0.3390625000000001 0.615625 0.3765625000000001 0.6421875 0.3765625000000001
0 0.37968750000000007 0.29531250000000003 0.3203125 0.2953125 0.32031250000000006 0.37500000000000006 0.37968750000000007 0.3750000000000001
0 0.31875000000000003 0.29375 0.2671875 0.29375 0.2671875 0.390625 0.3187500000000001 0.390625
1 0.403125 0.3578125000000001 0.390625 0.3578125000000001 0.39062500000000006 0.3781250000000001 0.403125 0.3781250000000001
2 0.425 0.3734375000000001 0.3968750000000001 0.3734375000000001 0.3968750000000001 0.4078125 0.425 0.4078125
1 0.4203125 0.35625000000000007 0.40625 0.35625000000000007 0.40625 0.3781250000000001 0.4203125 0.3781250000000001
1 0.253125 0.321875 0.2421875 0.321875 0.2421875 0.3484375 0.253125 0.3484375
1 0.259375 0.309375 0.246875 0.309375 0.246875 0.340625 0.259375 0.340625
1 0.275 0.290625 0.2640625 0.290625 0.2640625 0.321875 0.275 0.321875
1 0.2859375 0.2828125 0.2734375 0.2828125 0.2734375 0.3125 0.2859375 0.3125
1 0.3812500000000001 0.675 0.3656250000000001 0.675 0.3656250000000001 0.703125 0.3812500000000001 0.703125
1 0.4 0.6734375 0.3828125000000001 0.6734375 0.3828125000000001 0.703125 0.4 0.703125
1 0.4125 0.675 0.3968750000000001 0.675 0.3968750000000001 0.7015625 0.4125 0.7015625
1 0.428125 0.6765625 0.4125 0.6765625 0.4125 0.7015625 0.428125 0.7015625
1 0.3906250000000001 0.5734375 0.3750000000000001 0.5734375 0.3750000000000001 0.5890625 0.3906250000000001 0.5890625
1 0.3890625000000001 0.55 0.3750000000000001 0.55 0.3750000000000001 0.56875 0.3890625000000001 0.56875
2 0.3906250000000001 0.5671875 0.3828125000000001 0.5671875 0.3828125000000001 0.578125 0.3906250000000001 0.578125
1 0.621875 0.3500000000000001 0.6046875 0.3500000000000001 0.6046875 0.3656250000000001 0.621875 0.3656250000000001
1 0.621875 0.3734375000000001 0.6046875 0.3734375000000001 0.6046875 0.3859375000000001 0.621875 0.3859375000000001
2 0.625 0.3671875000000001 0.615625 0.3671875000000001 0.615625 0.3750000000000001 0.625 0.3750000000000001
2 0.290625 0.275 0.2828125 0.275 0.2828125 0.2890625 0.290625 0.2890625
2 0.3578125000000001 0.6828125 0.3437500000000001 0.6828125 0.3437500000000001 0.703125 0.3578125000000001 0.703125