0 0.778125 0.0906250000000001 0.73125 0.0906250000000001 0.73125 0.2296875000000001 0.778125 0.2296875000000001
0 0.7328125 0.2218750000000001 0.653125 0.2218750000000001 0.653125 0.3281250000000001 0.7328125 0.3281250000000001
0 0.5921875 0.11875000000000009 0.546875 0.11875000000000009 0.546875 0.2000000000000001 0.5921875 0.2000000000000001
0 0.5515625 0.22812500000000005 0.2828125 0.228125 0.2828125 0.33437500000000003 0.5515625 0.3343750000000001
0 0.5546875 0.19843750000000007 0.4109375 0.19843750000000004 0.4109375 0.2656250000000001 0.5546875 0.2656250000000001
0 0.33125 0.228125 0.2828125 0.228125 0.2828125 0.3375 0.33125 0.3375
1 0.4703125 0.017187500000000057 0.453125 0.017187500000000057 0.453125 0.05625000000000006 0.4703125 0.056250000000000064
1 0.4890625 0.01562500000000006 0.4734375 0.015625000000000056 0.4734375 0.05312500000000007 0.4890625 0.05312500000000007
1 0.5046875 0.014062500000000061 0.490625 0.014062500000000061 0.490625 0.056250000000000064 0.5046875 0.056250000000000064
1 0.5859375 0.1515625000000001 0.56875 0.1515625000000001 0.56875 0.1625000000000001 0.5859375 0.1625000000000001
1 0.4109375 0.528125 0.3984375000000001 0.528125 0.3984375000000001 0.55625 0.4109375 0.55625
1 0.4234375 0.528125 0.4125 0.528125 0.4125 0.5546875 0.4234375 0.5546875
1 0.2171875000000001 0.4125 0.21250000000000008 0.4125 0.21250000000000008 0.428125 0.2171875000000001 0.428125
1 0.3156250000000001 0.3984375 0.3046875000000001 0.3984375 0.3046875000000001 0.4234375 0.3156250000000001 0.4234375
1 0.3281250000000001 0.396875 0.31718750000000007 0.396875 0.31718750000000007 0.4234375 0.3281250000000001 0.4234375
1 0.34062500000000007 0.3984375 0.3281250000000001 0.3984375 0.3281250000000001 0.4234375 0.34062500000000007 0.4234375
1 0.3000000000000001 0.44375 0.2906250000000001 0.44375 0.2906250000000001 0.4703125 0.3000000000000001 0.4703125
1 0.3125000000000001 0.440625 0.30156250000000007 0.440625 0.30156250000000007 0.46875 0.3125000000000001 0.46875
1 0.3000000000000001 0.4875 0.2906250000000001 0.4875 0.2906250000000001 0.5109375 0.3000000000000001 0.5109375
1 0.3125000000000001 0.48125 0.30156250000000007 0.48125 0.30156250000000007 0.5125 0.3125000000000001 0.5125
1 0.3000000000000001 0.53125 0.2890625000000001 0.53125 0.2890625000000001 0.5546875 0.3000000000000001 0.5546875
1 0.3125000000000001 0.5265625 0.30156250000000007 0.5265625 0.30156250000000007 0.55625 0.3125000000000001 0.55625
1 0.30156250000000007 0.5734375 0.2828125000000001 0.5734375 0.2828125000000001 0.5984375 0.30156250000000007 0.5984375
1 0.3140625000000001 0.5703125 0.30156250000000007 0.5703125 0.30156250000000007 0.596875 0.3140625000000001 0.596875
1 0.30156250000000007 0.615625 0.28593750000000007 0.615625 0.28593750000000007 0.640625 0.30156250000000007 0.640625
1 0.3125000000000001 0.6125 0.30156250000000007 0.6125 0.30156250000000007 0.6390625 0.3125000000000001 0.6390625
1 0.30156250000000007 0.6578125 0.2875000000000001 0.6578125 0.2875000000000001 0.6828125 0.30156250000000007 0.6828125
1 0.3140625000000001 0.6578125 0.30156250000000007 0.6578125 0.30156250000000007 0.6828125 0.3140625000000001 0.6828125
1 0.3000000000000001 0.7 0.2875000000000001 0.7 0.2875000000000001 0.7265625 0.3000000000000001 0.7265625
1 0.3156250000000001 0.7 0.30156250000000007 0.7 0.30156250000000007 0.7265625 0.3156250000000001 0.7265625
1 0.30156250000000007 0.7421875 0.28593750000000007 0.7421875 0.28593750000000007 0.771875 0.30156250000000007 0.771875
1 0.3125000000000001 0.740625 0.3031250000000001 0.740625 0.3031250000000001 0.771875 0.3125000000000001 0.771875
1 0.3000000000000001 0.7890625 0.2843750000000001 0.7890625 0.2843750000000001 0.8109375 0.3000000000000001 0.8109375
1 0.3156250000000001 0.7828125 0.30156250000000007 0.7828125 0.30156250000000007 0.815625 0.3156250000000001 0.815625
1 0.3031250000000001 0.83125 0.2875000000000001 0.83125 0.2875000000000001 0.853125 0.3031250000000001 0.853125
1 0.3125000000000001 0.8265625 0.30156250000000007 0.8265625 0.30156250000000007 0.85625 0.3125000000000001 0.85625
1 0.3031250000000001 0.871875 0.2875000000000001 0.871875 0.2875000000000001 0.896875 0.3031250000000001 0.896875
1 0.3140625000000001 0.8703125 0.3031250000000001 0.8703125 0.3031250000000001 0.903125 0.3140625000000001 0.903125
1 0.30156250000000007 0.915625 0.2890625000000001 0.915625 0.2890625000000001 0.940625 0.30156250000000007 0.940625
1 0.3125000000000001 0.915625 0.30156250000000007 0.915625 0.30156250000000007 0.940625 0.3125000000000001 0.940625
1 0.3031250000000001 0.9578125 0.2875000000000001 0.9578125 0.2875000000000001 0.984375 0.3031250000000001 0.984375
1 0.3156250000000001 0.9578125 0.30156250000000007 0.9578125 0.30156250000000007 0.9828125 0.3156250000000001 0.9828125
1 0.428125 0.4015625 0.415625 0.4015625 0.415625 0.425 0.428125 0.425
1 0.4359375 0.4015625 0.4265625 0.4015625 0.4265625 0.4234375 0.4359375 0.4234375
1 0.4515625 0.3984375000000001 0.4375 0.3984375000000001 0.4375 0.4234375 0.4515625 0.4234375
1 0.4125 0.571875 0.3968750000000001 0.571875 0.3968750000000001 0.596875 0.4125 0.596875
1 0.4234375 0.5671875 0.4125 0.5671875 0.4125 0.5984375 0.4234375 0.5984375
1 0.4109375 0.6125 0.39531250000000007 0.6125 0.39531250000000007 0.640625 0.4109375 0.640625
1 0.425 0.615625 0.4109375 0.615625 0.4109375 0.640625 0.425 0.640625
1 0.4109375 0.6546875 0.3984375000000001 0.6546875 0.3984375000000001 0.684375 0.4109375 0.684375
1 0.425 0.6578125 0.4109375 0.6578125 0.4109375 0.6828125 0.425 0.6828125
1 0.4109375 0.703125 0.3984375000000001 0.703125 0.3984375000000001 0.725 0.4109375 0.725
1 0.4234375000000001 0.7015625 0.4125 0.7015625 0.4125000000000001 0.7265625 0.4234375000000002 0.7265625
1 0.4109375000000002 0.74375 0.3984375000000001 0.74375 0.3984375000000001 0.7703125 0.4109375000000002 0.7703125
1 0.42500000000000016 0.74375 0.4125000000000002 0.74375 0.4125000000000002 0.7703125 0.42500000000000016 0.7703125
1 0.4109375000000002 0.7859375 0.3984375000000001 0.7859375 0.3984375000000001 0.8140625 0.4109375000000002 0.8140625
1 0.4234375000000002 0.7828125 0.4109375000000002 0.7828125 0.4109375000000002 0.8140625 0.4234375000000002 0.8140625
1 0.4109375000000002 0.8265625 0.3984375000000001 0.8265625 0.3984375000000001 0.85625 0.4109375000000002 0.85625
1 0.4234375000000002 0.8265625 0.4109375000000002 0.8265625 0.4109375000000002 0.85625 0.4234375000000002 0.85625
1 0.4109375000000002 0.871875 0.4000000000000002 0.871875 0.4000000000000002 0.8984375 0.4109375000000002 0.8984375
1 0.42187500000000017 0.86875 0.4125000000000002 0.86875 0.4125000000000002 0.8953125 0.42187500000000017 0.8953125
1 0.40937500000000016 0.9109375 0.3984375000000001 0.9109375 0.3984375000000001 0.940625 0.40937500000000016 0.940625
1 0.4265625000000002 0.9125 0.4109375000000002 0.9125 0.4109375000000002 0.9390625 0.4265625000000002 0.9390625
1 0.4109375000000002 0.959375 0.3968750000000001 0.959375 0.3968750000000001 0.984375 0.4109375000000002 0.984375
1 0.4234375000000002 0.9546875 0.4125000000000002 0.9546875 0.4125000000000002 0.984375 0.4234375000000002 0.984375
1 0.2062500000000001 0.4859375 0.19687500000000005 0.4859375 0.19687500000000005 0.5125 0.2062500000000001 0.5125
1 0.2078125000000001 0.528125 0.19531250000000006 0.528125 0.19531250000000006 0.55625 0.2078125000000001 0.55625
1 0.2078125000000001 0.571875 0.19531250000000008 0.571875 0.19531250000000008 0.596875 0.2078125000000001 0.596875
1 0.2062500000000001 0.6140625 0.19531250000000008 0.6140625 0.19531250000000008 0.6421875 0.2062500000000001 0.6421875
1 0.22031250000000008 0.6140625 0.20468750000000008 0.6140625 0.20468750000000008 0.6421875 0.22031250000000008 0.6421875
1 0.20468750000000008 0.659375 0.19687500000000008 0.659375 0.19687500000000008 0.684375 0.20468750000000008 0.684375
1 0.2062500000000001 0.6984375 0.19531250000000008 0.6984375 0.19531250000000008 0.728125 0.2062500000000001 0.728125
1 0.21875000000000008 0.65625 0.2062500000000001 0.65625 0.2062500000000001 0.6859375 0.21875000000000008 0.6859375
1 0.21875000000000008 0.6984375 0.2078125000000001 0.6984375 0.2078125000000001 0.728125 0.21875000000000008 0.728125
1 0.2062500000000001 0.7421875 0.19531250000000008 0.7421875 0.19531250000000008 0.7703125 0.2062500000000001 0.7703125
1 0.20468750000000008 0.7859375 0.19687500000000008 0.7859375 0.19687500000000008 0.8125 0.20468750000000008 0.8125
1 0.2062500000000001 0.825 0.19531250000000008 0.825 0.19531250000000008 0.8546875 0.2062500000000001 0.8546875
1 0.2062500000000001 0.8703125 0.19531250000000008 0.8703125 0.19531250000000008 0.9 0.2062500000000001 0.9
1 0.2078125000000001 0.9109375 0.19375000000000014 0.9109375 0.19375000000000014 0.940625 0.2078125000000001 0.940625
1 0.2062500000000001 0.953125 0.19531250000000014 0.953125 0.19531250000000014 0.9828125 0.2062500000000001 0.9828125
1 0.21875000000000008 0.7421875 0.2078125000000001 0.7421875 0.2078125000000001 0.7734375 0.21875000000000008 0.7734375
1 0.21875000000000008 0.784375 0.2078125000000001 0.784375 0.2078125000000001 0.8125 0.21875000000000008 0.8125
1 0.22031250000000008 0.828125 0.2078125000000001 0.828125 0.2078125000000001 0.853125 0.22031250000000008 0.853125
1 0.22031250000000008 0.86875 0.2062500000000001 0.86875 0.2062500000000001 0.896875 0.22031250000000008 0.896875
1 0.22031250000000008 0.9109375 0.2078125000000001 0.9109375 0.2078125000000001 0.94375 0.22031250000000008 0.94375
1 0.22031250000000008 0.95625 0.2078125000000001 0.95625 0.2078125000000001 0.984375 0.22031250000000008 0.984375
1 0.5296875 0.615625 0.5171875 0.615625 0.5171875 0.640625 0.5296875 0.640625
1 0.528125 0.659375 0.5171875 0.659375 0.5171875 0.6859375 0.528125 0.6859375
1 0.5296875 0.6984375 0.5140625 0.6984375 0.5140625 0.725 0.5296875 0.725
1 0.5312500000000002 0.74375 0.5140625000000002 0.74375 0.5140625000000002 0.76875 0.5312500000000002 0.76875
1 0.5296875000000002 0.7890625 0.5156250000000002 0.7890625 0.5156250000000002 0.8140625 0.5296875000000002 0.8140625
1 0.5296875000000002 0.8234375 0.5140625000000002 0.8234375 0.5140625000000002 0.85625 0.5296875000000002 0.85625
1 0.5296875000000002 0.8734375 0.5171875000000001 0.8734375 0.5171875000000001 0.8984375 0.5296875000000002 0.8984375
1 0.5281250000000002 0.9140625 0.5140625000000002 0.9140625 0.5140625000000002 0.9421875 0.5281250000000002 0.9421875
1 0.5281250000000002 0.9546875 0.5156250000000002 0.9546875 0.5156250000000002 0.984375 0.5281250000000002 0.984375
1 0.5421875000000002 0.95625 0.5296875000000002 0.95625 0.5296875000000002 0.9828125 0.5421875000000002 0.9828125
1 0.5421875 0.6140625 0.53125 0.6140625 0.53125 0.64375 0.5421875 0.64375
1 0.5421875 0.6578125 0.528125 0.6578125 0.528125 0.6828125 0.5421875 0.6828125
1 0.5406250000000001 0.696875 0.5296875 0.696875 0.5296875000000001 0.728125 0.5406250000000001 0.728125
1 0.5421875000000002 0.740625 0.5296875000000002 0.740625 0.5296875000000002 0.76875 0.5421875000000002 0.76875
1 0.5390625000000002 0.784375 0.5312500000000002 0.784375 0.5312500000000002 0.8140625 0.5390625000000002 0.8140625
1 0.5406250000000001 0.8296875 0.5296875000000002 0.8296875 0.5296875000000002 0.853125 0.5406250000000001 0.853125
1 0.5421875000000002 0.8703125 0.5296875000000002 0.8703125 0.5296875000000002 0.896875 0.5421875000000002 0.896875
1 0.5421875000000002 0.9125 0.5296875000000002 0.9125 0.5296875000000002 0.9421875 0.5421875000000002 0.9421875
1 0.6421875 0.44375 0.6296875 0.44375 0.6296875 0.4703125 0.6421875 0.4703125
1 0.6421875 0.4875 0.6265625 0.4875 0.6265625 0.5125 0.6421875 0.5125
1 0.640625 0.5296875 0.6265625 0.5296875 0.6265625 0.5578125 0.640625 0.5578125
1 0.6421875 0.56875 0.6296875 0.56875 0.6296875 0.596875 0.6421875 0.596875
1 0.64375 0.6140625 0.6296875 0.6140625 0.6296875 0.6421875 0.64375 0.6421875
1 0.6421875 0.6546875 0.6296875 0.6546875 0.6296875 0.684375 0.6421875 0.684375
1 0.6421875000000001 0.7015625 0.6296875 0.7015625 0.6296875000000001 0.7265625 0.6421875000000001 0.7265625
1 0.6343750000000001 0.74375 0.6250000000000002 0.74375 0.6250000000000002 0.7703125 0.6343750000000001 0.7703125
1 0.6500000000000001 0.74375 0.6375000000000002 0.74375 0.6375000000000002 0.76875 0.6500000000000001 0.76875
1 0.6343750000000001 0.784375 0.6234375000000002 0.784375 0.6234375000000002 0.8125 0.6343750000000001 0.8125
1 0.6484375000000002 0.7875 0.6375000000000002 0.7875 0.6375000000000002 0.8125 0.6484375000000002 0.8125
1 0.6343750000000001 0.828125 0.6281250000000002 0.828125 0.6281250000000002 0.853125 0.6343750000000001 0.853125
1 0.6484375000000002 0.828125 0.6343750000000001 0.828125 0.6343750000000001 0.8546875 0.6484375000000002 0.8546875
1 0.6671875000000002 0.828125 0.6531250000000002 0.828125 0.6531250000000002 0.85625 0.6671875000000002 0.85625
1 0.6671875000000002 0.784375 0.6546875000000002 0.784375 0.6546875000000002 0.8140625 0.6671875000000002 0.8140625
1 0.6671875000000002 0.7421875 0.6546875000000002 0.7421875 0.6546875000000002 0.771875 0.6671875000000002 0.771875
1 0.659375 0.7015625 0.6484375 0.7015625 0.6484375 0.725 0.659375 0.725
1 0.6609375 0.65625 0.6484375 0.65625 0.6484375 0.6828125 0.6609375 0.6828125
1 0.6625 0.6140625 0.6484375 0.6140625 0.6484375 0.6390625 0.6625 0.6390625
1 0.6609375 0.5671875 0.6484375 0.5671875 0.6484375 0.596875 0.6609375 0.596875
1 0.6625 0.528125 0.6484375 0.528125 0.6484375 0.5546875 0.6625 0.5546875
1 0.6609375 0.4859375 0.6484375 0.4859375 0.6484375 0.5109375 0.6609375 0.5109375
1 0.6625 0.4453125 0.6484375 0.4453125 0.6484375 0.4703125 0.6625 0.4703125
1 0.55625 0.39531250000000007 0.5421875 0.39531250000000007 0.5421875 0.425 0.55625 0.425
1 0.56875 0.3968750000000001 0.5515625 0.3968750000000001 0.5515625 0.425 0.56875 0.425
1 0.58125 0.3984375000000001 0.565625 0.3984375000000001 0.565625 0.4234375 0.58125 0.4234375
1 0.6359375000000002 0.871875 0.6234375000000002 0.871875 0.6234375000000002 0.896875 0.6359375000000002 0.896875
1 0.6484375000000002 0.8703125 0.6359375000000002 0.8703125 0.6359375000000002 0.8984375 0.6484375000000002 0.8984375
1 0.6671875000000002 0.8703125 0.6562500000000002 0.8703125 0.6562500000000002 0.896875 0.6671875000000002 0.896875
1 0.6500000000000001 0.9125 0.6343750000000001 0.9125 0.6343750000000001 0.9390625 0.6500000000000001 0.9390625
1 0.6656250000000001 0.9125 0.6546875000000002 0.9125 0.6546875000000002 0.94375 0.6656250000000001 0.94375
1 0.6484375000000002 0.95625 0.6359375000000002 0.95625 0.6359375000000002 0.98125 0.6484375000000002 0.98125
1 0.6656250000000001 0.95625 0.6531250000000002 0.95625 0.6531250000000002 0.98125 0.6656250000000001 0.98125
1 0.6343750000000001 0.9546875 0.6234375000000002 0.9546875 0.6234375000000002 0.9828125 0.6343750000000001 0.9828125
1 0.6343750000000001 0.915625 0.6234375000000002 0.915625 0.6234375000000002 0.940625 0.6343750000000001 0.940625
1 0.7484375 0.4437500000000002 0.7359375 0.4437500000000002 0.7359375 0.4703125000000002 0.7484375 0.4703125000000002
1 0.75 0.4859375000000002 0.7328125 0.4859375000000002 0.7328125 0.5125000000000002 0.75 0.5125000000000002
1 0.74375 0.5312500000000002 0.7296875 0.5312500000000002 0.7296875 0.5578125000000002 0.74375 0.5578125000000002
1 0.7421875 0.5687500000000002 0.73125 0.5687500000000002 0.73125 0.5984375000000002 0.7421875 0.5984375000000002
1 0.7453125 0.6125000000000002 0.73125 0.6125000000000002 0.73125 0.6406250000000002 0.7453125 0.6406250000000002
1 0.74375 0.6546875000000002 0.728125 0.6546875000000002 0.728125 0.6859375000000002 0.74375 0.6859375000000002
1 0.7421875000000001 0.6953125000000002 0.73125 0.6953125000000002 0.7312500000000001 0.7265625000000002 0.7421875000000002 0.7265625000000002
1 0.7453125000000002 0.7437500000000001 0.7296875000000002 0.7437500000000001 0.7296875000000002 0.7703125000000002 0.7453125000000002 0.7703125000000002
1 0.76875 0.4390625000000002 0.7546875 0.4390625000000002 0.7546875 0.4703125000000002 0.76875 0.4703125000000002
1 0.76875 0.4859375000000002 0.7578125 0.4859375000000002 0.7578125 0.5125000000000002 0.76875 0.5125000000000002
1 0.7546875 0.5265625000000002 0.746875 0.5265625000000002 0.746875 0.5562500000000001 0.7546875 0.5562500000000001
1 0.7734375 0.5296875000000002 0.7640625 0.5296875000000002 0.7640625 0.5562500000000001 0.7734375 0.5562500000000001
1 0.7546875 0.5718750000000001 0.7421875 0.5718750000000001 0.7421875 0.5953125000000001 0.7546875 0.5953125000000001
1 0.7765625 0.5734375000000002 0.7609375 0.5734375000000002 0.7609375 0.5984375000000002 0.7765625 0.5984375000000002
1 0.75625 0.6140625000000002 0.7453125 0.6140625000000002 0.7453125 0.6406250000000002 0.75625 0.6406250000000002
1 0.7734375 0.6156250000000002 0.7609375 0.6156250000000002 0.7609375 0.6390625000000002 0.7734375 0.6390625000000002
1 0.7546875 0.6578125000000001 0.7453125 0.6578125000000001 0.7453125 0.6843750000000002 0.7546875 0.6843750000000002
1 0.7734375 0.6578125000000001 0.7625 0.6578125000000001 0.7625 0.6812500000000001 0.7734375 0.6812500000000001
1 0.7562500000000001 0.7015625000000002 0.7421875 0.7015625000000002 0.7421875000000001 0.7281250000000001 0.7562500000000002 0.7281250000000001
1 0.7734375000000001 0.7000000000000002 0.7625 0.7000000000000002 0.7625000000000001 0.7265625000000002 0.7734375000000002 0.7265625000000002
1 0.7593750000000001 0.7406250000000002 0.7437500000000001 0.7406250000000002 0.7437500000000001 0.7687500000000002 0.7593750000000001 0.7687500000000002
1 0.7750000000000001 0.7421875000000002 0.7625000000000002 0.7421875000000002 0.7625000000000002 0.7687500000000002 0.7750000000000001 0.7687500000000002
1 0.7546875000000002 0.7843750000000002 0.7437500000000001 0.7843750000000002 0.7437500000000001 0.8125 0.7546875000000002 0.8125
1 0.7734375000000002 0.7843750000000002 0.7640625000000002 0.7843750000000002 0.7640625000000002 0.8125 0.7734375000000002 0.8125
1 0.7421875000000002 0.7875000000000002 0.7312500000000002 0.7875000000000002 0.7312500000000002 0.8125 0.7421875000000002 0.8125
1 0.7468750000000002 0.8296875 0.7312500000000002 0.8296875 0.7312500000000002 0.8546875 0.7468750000000002 0.8546875
1 0.7562500000000002 0.828125 0.7437500000000001 0.828125 0.7437500000000001 0.85625 0.7562500000000002 0.85625
1 0.7734375000000002 0.828125 0.7609375000000002 0.828125 0.7609375000000002 0.853125 0.7734375000000002 0.853125
1 0.7437500000000001 0.86875 0.7296875000000002 0.86875 0.7296875000000002 0.896875 0.7437500000000001 0.896875
1 0.7578125000000002 0.871875 0.7437500000000001 0.871875 0.7437500000000001 0.896875 0.7578125000000002 0.896875
1 0.7765625000000002 0.86875 0.7625000000000002 0.86875 0.7625000000000002 0.9 0.7765625000000002 0.9
1 0.7546875000000002 0.9125 0.7421875000000002 0.9125 0.7421875000000002 0.94375 0.7546875000000002 0.94375
1 0.7750000000000001 0.9140625 0.7625000000000002 0.9140625 0.7625000000000002 0.940625 0.7750000000000001 0.940625
1 0.7562500000000002 0.95625 0.7437500000000001 0.95625 0.7437500000000001 0.984375 0.7562500000000002 0.984375
1 0.7734375000000002 0.95625 0.7625000000000002 0.95625 0.7625000000000002 0.984375 0.7734375000000002 0.984375
1 0.7421875000000002 0.9546875 0.7312500000000002 0.9546875 0.7312500000000002 0.984375 0.7421875000000002 0.984375
1 0.7421875000000002 0.9140625 0.7312500000000002 0.9140625 0.7312500000000002 0.9421875 0.7421875000000002 0.9421875
1 0.8625 0.4421875000000002 0.85 0.4421875000000002 0.85 0.46875000000000017 0.8625 0.46875000000000017
1 0.8609375 0.48437500000000017 0.85 0.48437500000000017 0.85 0.5140625000000002 0.8609375 0.5140625000000002
1 0.85625 0.5265625000000002 0.84375 0.5265625000000002 0.84375 0.5562500000000001 0.85625 0.5562500000000001
1 0.8671875 0.5265625000000002 0.8546875 0.5265625000000002 0.8546875 0.5546875000000002 0.8671875 0.5546875000000002
1 0.8546875 0.9578125 0.8453125 0.9578125 0.8453125 0.9859375 0.8546875 0.9859375
1 0.86875 0.959375 0.8578125 0.959375 0.8578125 0.9828125 0.86875 0.9828125
1 0.8546875 0.9140625 0.84375 0.9140625 0.84375 0.940625 0.8546875 0.940625
1 0.86875 0.915625 0.85625 0.915625 0.85625 0.940625 0.86875 0.940625
1 0.85625 0.8703125 0.8421875 0.8703125 0.8421875 0.8984375 0.85625 0.8984375
1 0.875 0.86875 0.8578125 0.86875 0.8578125 0.8984375 0.875 0.8984375
1 0.85625 0.8265625 0.8453125 0.8265625 0.8453125 0.8546875 0.85625 0.8546875
1 0.8703125 0.828125 0.85625 0.828125 0.85625 0.853125 0.8703125 0.853125
1 0.8546875 0.5703125000000002 0.84375 0.5703125000000002 0.84375 0.5968750000000002 0.8546875 0.5968750000000002
1 0.8703125 0.5718750000000001 0.85625 0.5718750000000001 0.85625 0.5984375000000002 0.8703125 0.5984375000000002
1 0.8546875 0.6125000000000002 0.8453125 0.6125000000000002 0.8453125 0.6406250000000002 0.8546875 0.6406250000000002
1 0.8703125 0.6140625000000002 0.8578125 0.6140625000000002 0.8578125 0.6406250000000002 0.8703125 0.6406250000000002
1 0.85625 0.6593750000000002 0.8453125 0.6593750000000002 0.8453125 0.6828125000000002 0.85625 0.6828125000000002
1 0.86875 0.6546875000000002 0.8578125 0.6546875000000002 0.8578125 0.6859375000000002 0.86875 0.6859375000000002
1 0.8546875 0.7031250000000002 0.84375 0.7031250000000002 0.84375 0.7281250000000001 0.8546875 0.7281250000000001
1 0.8671875 0.6984375000000002 0.85625 0.6984375000000002 0.85625 0.7265625000000002 0.8671875 0.7265625000000002
1 0.85625 0.7437500000000001 0.8421875 0.7437500000000001 0.8421875 0.7687500000000002 0.85625 0.7687500000000002
1 0.8671875 0.7406250000000002 0.85625 0.7406250000000002 0.85625 0.7687500000000002 0.8671875 0.7687500000000002
1 0.85625 0.7875000000000002 0.8421875 0.7875000000000002 0.8421875 0.8140625 0.85625 0.8140625
1 0.86875 0.7843750000000002 0.8578125 0.7843750000000002 0.8578125 0.8109375 0.86875 0.8109375