0 0.4921875 0.12968750000000004 0.3234375 0.12968750000000004 0.3234375 0.17343750000000005 0.4921875 0.17343750000000005
2 0.49375 0.10625000000000004 0.4328125 0.10625000000000004 0.4328125 0.13750000000000004 0.49375 0.13750000000000004
0 0.3390625 0.12812500000000004 0.2890625 0.12812500000000004 0.2890625 0.17500000000000004 0.3390625 0.17500000000000004
0 0.51875 0.034375000000000065 0.5125 0.034375000000000065 0.5125 0.13125000000000003 0.51875 0.13125000000000003
1 0.5125 0.07187500000000006 0.4984375 0.07187500000000006 0.4984375 0.09062500000000007 0.5125 0.09062500000000007
0 0.5171875 0.026562500000000062 0.4453125 0.026562500000000055 0.4453125 0.060937500000000054 0.5171875 0.06093750000000007
1 0.3203125 0.14062500000000006 0.3078125 0.14062500000000006 0.3078125 0.16250000000000003 0.3203125 0.16250000000000003
1 0.409375 0.13906250000000003 0.4015625 0.13906250000000003 0.4015625 0.16093750000000004 0.409375 0.16093750000000004
1 0.465625 0.11406250000000004 0.459375 0.11406250000000004 0.459375 0.12968750000000004 0.465625 0.12968750000000004
1 0.4703125 0.12343750000000005 0.4640625 0.12343750000000005 0.4640625 0.13437500000000005 0.4703125 0.13437500000000005
1 0.4546875 0.012500000000000056 0.446875 0.012500000000000056 0.446875 0.025000000000000057 0.4546875 0.025000000000000057
2 0.4625 0.010937500000000055 0.45625 0.010937500000000055 0.45625 0.021875000000000054 0.4625 0.021875000000000054
1 0.4703125 0.009375000000000057 0.4640625 0.009375000000000055 0.4640625 0.025000000000000057 0.4703125 0.025000000000000057
1 0.4796875 0.007812500000000059 0.471875 0.007812500000000059 0.471875 0.025000000000000057 0.4796875 0.025000000000000057
2 0.484375 0.0062500000000000585 0.478125 0.0062500000000000585 0.478125 0.014062500000000061 0.484375 0.014062500000000061
0 0.340625 4.0949127346489623e-17 0.328125 4.0183723097022526e-17 0.328125 0.012500000000000042 0.340625 0.012500000000000044
1 0.4234375 0.19375000000000003 0.4171875 0.19375000000000003 0.4171875 0.2171875000000001 0.4234375 0.2171875000000001
1 0.428125 0.21093750000000008 0.421875 0.21093750000000008 0.421875 0.22031250000000008 0.428125 0.22031250000000008
1 0.453125 0.19375000000000003 0.44375 0.19375000000000003 0.44375 0.2140625000000001 0.453125 0.2140625000000001
1 0.4671875 0.19375000000000003 0.4546875 0.19375000000000003 0.4546875 0.2140625000000001 0.4671875 0.2140625000000001
1 0.4734375 0.19687500000000005 0.4671875 0.19687500000000005 0.4671875 0.2156250000000001 0.4734375 0.2156250000000001
1 0.4875 0.19531250000000006 0.478125 0.19531250000000006 0.478125 0.21250000000000008 0.4875 0.21250000000000008
1 0.515625 0.19218750000000004 0.50625 0.19218750000000004 0.50625 0.2093750000000001 0.515625 0.2093750000000001
2 0.51875 0.2078125000000001 0.5140625 0.2078125000000001 0.5140625 0.2140625000000001 0.51875 0.2140625000000001
1 0.5265625 0.19218750000000004 0.5203125 0.19218750000000004 0.5203125 0.21093750000000008 0.5265625 0.21093750000000008
1 0.534375 0.19062500000000004 0.5265625 0.19062500000000004 0.5265625 0.2093750000000001 0.534375 0.2093750000000001
1 0.5484375 0.18906250000000008 0.5375 0.18906250000000005 0.5375 0.2093750000000001 0.5484375 0.2093750000000001
2 0.5015625 0.19843750000000004 0.490625 0.19843750000000004 0.490625 0.2078125000000001 0.5015625 0.2078125000000001
2 0.440625 0.19843750000000004 0.4296875 0.19843750000000004 0.4296875 0.2093750000000001 0.440625 0.2093750000000001
0 0.646875 0.12031250000000009 0.5921875 0.12031250000000009 0.5921875 0.1593750000000001 0.646875 0.1593750000000001
0 0.678125 0.039062500000000076 0.6453125 0.039062500000000076 0.6453125 0.12343750000000009 0.678125 0.12343750000000009
1 0.6265625 0.1296875000000001 0.6140625 0.1296875000000001 0.6140625 0.14843750000000008 0.6265625 0.14843750000000008
1 0.66875 0.0671875000000001 0.6546875 0.0671875000000001 0.6546875 0.0906250000000001 0.66875 0.0906250000000001
2 0.59375 0.14218750000000008 0.5875 0.14218750000000008 0.5875 0.15000000000000008 0.59375 0.15000000000000008
1 0.5031250000000002 0.875 0.49531250000000016 0.875 0.49531250000000016 0.8875 0.5031250000000002 0.8875
1 0.5406250000000001 0.871875 0.5359375000000002 0.871875 0.5359375000000002 0.884375 0.5406250000000001 0.884375
1 0.5468750000000002 0.8734375 0.5406250000000001 0.8734375 0.5406250000000001 0.884375 0.5468750000000002 0.884375
1 0.5812500000000002 0.8703125 0.5765625000000002 0.8703125 0.5765625000000002 0.884375 0.5812500000000002 0.884375
1 0.5875000000000001 0.871875 0.5812500000000002 0.871875 0.5812500000000002 0.884375 0.5875000000000001 0.884375
1 0.6218750000000002 0.8734375 0.6171875000000002 0.8734375 0.6171875000000002 0.8828125 0.6218750000000002 0.8828125
1 0.6281250000000002 0.8703125 0.6218750000000002 0.8703125 0.6218750000000002 0.884375 0.6281250000000002 0.884375
1 0.6640625000000002 0.871875 0.6593750000000002 0.871875 0.6593750000000002 0.8828125 0.6640625000000002 0.8828125
1 0.6718750000000002 0.871875 0.6640625000000002 0.871875 0.6640625000000002 0.8828125 0.6718750000000002 0.8828125
1 0.7062500000000002 0.871875 0.7000000000000002 0.871875 0.7000000000000002 0.8828125 0.7062500000000002 0.8828125
1 0.7125000000000001 0.8734375 0.7062500000000002 0.8734375 0.7062500000000002 0.8859375 0.7125000000000001 0.8859375
1 0.7468750000000002 0.8734375 0.7421875000000002 0.8734375 0.7421875000000002 0.884375 0.7468750000000002 0.884375
1 0.7531250000000002 0.871875 0.7468750000000002 0.871875 0.7468750000000002 0.8828125 0.7531250000000002 0.8828125
2 0.7531250000000002 0.934375 0.7515625000000001 0.934375 0.7515625000000001 0.9421875 0.7531250000000002 0.9421875
1 0.7609375000000002 0.925 0.7531250000000002 0.925 0.7531250000000002 0.940625 0.7609375000000002 0.940625
1 0.7468750000000002 0.9234375 0.7406250000000002 0.9234375 0.7406250000000002 0.9390625 0.7468750000000002 0.9390625
1 0.7406250000000002 0.95 0.7343750000000002 0.95 0.7343750000000002 0.965625 0.7406250000000002 0.965625
1 0.7484375000000002 0.9515625 0.7421875000000002 0.9515625 0.7421875000000002 0.9671875 0.7484375000000002 0.9671875
1 0.7000000000000002 0.9515625 0.6937500000000002 0.9515625 0.6937500000000002 0.9671875 0.7000000000000002 0.9671875
1 0.7078125000000002 0.95 0.7000000000000002 0.95 0.7000000000000002 0.965625 0.7078125000000002 0.965625
1 0.7203125000000001 0.921875 0.7125000000000001 0.921875 0.7125000000000001 0.9390625 0.7203125000000001 0.9390625
1 0.7062500000000002 0.921875 0.7000000000000002 0.921875 0.7000000000000002 0.9390625 0.7062500000000002 0.9390625
2 0.6703125000000002 0.934375 0.6656250000000001 0.934375 0.6656250000000001 0.9421875 0.6703125000000002 0.9421875
1 0.6796875000000002 0.925 0.6718750000000002 0.925 0.6718750000000002 0.9390625 0.6796875000000002 0.9390625
1 0.6656250000000001 0.9234375 0.6578125000000001 0.9234375 0.6578125000000001 0.9390625 0.6656250000000001 0.9390625
1 0.6578125000000001 0.95 0.6515625000000002 0.95 0.6515625000000002 0.965625 0.6578125000000001 0.965625
1 0.6671875000000002 0.95 0.6593750000000002 0.95 0.6593750000000002 0.965625 0.6671875000000002 0.965625
1 0.6234375000000002 0.9234375 0.6171875000000002 0.9234375 0.6171875000000002 0.940625 0.6234375000000002 0.940625
1 0.6171875000000002 0.9515625 0.6109375000000001 0.9515625 0.6109375000000001 0.965625 0.6171875000000002 0.965625
1 0.6234375000000002 0.9515625 0.6187500000000001 0.9515625 0.6187500000000001 0.9671875 0.6234375000000002 0.9671875
2 0.5843750000000002 0.934375 0.5812500000000002 0.934375 0.5812500000000002 0.940625 0.5843750000000002 0.940625
1 0.5921875000000002 0.921875 0.5843750000000002 0.921875 0.5843750000000002 0.940625 0.5921875000000002 0.940625
1 0.5984375000000002 0.9234375 0.5921875000000002 0.9234375 0.5921875000000002 0.9390625 0.5984375000000002 0.9390625
1 0.5781250000000002 0.9234375 0.5734375000000002 0.9234375 0.5734375000000002 0.940625 0.5781250000000002 0.940625
1 0.5718750000000001 0.95 0.5656250000000002 0.95 0.5656250000000002 0.96875 0.5718750000000001 0.96875
1 0.5796875000000001 0.95 0.5718750000000001 0.95 0.5718750000000001 0.965625 0.5796875000000001 0.965625
2 0.5468750000000002 0.9359375 0.5421875000000002 0.9359375 0.5421875000000002 0.94375 0.5468750000000002 0.94375
1 0.5546875000000002 0.9234375 0.5468750000000002 0.9234375 0.5468750000000002 0.940625 0.5546875000000002 0.940625
1 0.5406250000000001 0.925 0.5343750000000002 0.925 0.5343750000000002 0.9390625 0.5406250000000001 0.9390625
1 0.5343750000000002 0.953125 0.5296875000000002 0.953125 0.5296875000000002 0.9671875 0.5343750000000002 0.9671875
1 0.5406250000000001 0.95 0.5343750000000002 0.95 0.5343750000000002 0.96875 0.5406250000000001 0.96875
1 0.4890625000000002 0.9515625 0.4859375000000002 0.9515625 0.4859375000000002 0.9671875 0.4890625000000002 0.9671875
1 0.4968750000000002 0.9515625 0.4906250000000002 0.9515625 0.4906250000000002 0.9671875 0.4968750000000002 0.9671875
1 0.4968750000000002 0.925 0.4906250000000002 0.925 0.4906250000000002 0.9390625 0.4968750000000002 0.9390625
2 0.5015625000000001 0.9359375 0.4984375000000002 0.9359375 0.4984375000000002 0.940625 0.5015625000000001 0.940625
1 0.5093750000000001 0.925 0.5031250000000002 0.925 0.5031250000000002 0.9390625 0.5093750000000001 0.9390625
1 0.5156250000000002 0.925 0.5093750000000001 0.925 0.5093750000000001 0.9390625 0.5156250000000002 0.9390625
1 0.7703125000000002 0.7812500000000002 0.7625000000000002 0.7812500000000002 0.7625000000000002 0.7921875000000002 0.7703125000000002 0.7921875000000002
1 0.43750000000000017 0.740625 0.42968750000000017 0.740625 0.42968750000000017 0.7578125 0.43750000000000017 0.7578125
1 0.4437500000000002 0.740625 0.43750000000000017 0.740625 0.43750000000000017 0.759375 0.4437500000000002 0.759375
1 0.4515625000000002 0.740625 0.44531250000000017 0.740625 0.44531250000000017 0.7578125 0.4515625000000002 0.7578125
1 0.4265625 0.6953125 0.41875 0.6953125 0.41875 0.7109375 0.4265625 0.7109375
1 0.4328125 0.6953125 0.4265625 0.6953125 0.4265625 0.7125 0.4328125 0.7125
1 0.440625 0.69375 0.4328125 0.69375 0.4328125 0.7125 0.440625 0.7125
1 0.45 0.6953125 0.4421875 0.6953125 0.4421875 0.7109375 0.45 0.7109375
1 0.4703125 0.69375 0.4640625 0.69375 0.4640625 0.7109375 0.4703125 0.7109375
1 0.4796875 0.6953125 0.471875 0.6953125 0.471875 0.7109375 0.4796875 0.7109375
2 0.484375 0.70625 0.4796875 0.70625 0.4796875 0.7140625 0.484375 0.7140625
2 0.4578125000000002 0.75 0.45312500000000017 0.75 0.45312500000000017 0.7609375 0.4578125000000002 0.7609375
2 0.5125 0.7015625 0.5078125 0.7015625 0.5078125 0.7078125 0.5125 0.7078125
1 0.4390625 0.39531250000000007 0.434375 0.39531250000000007 0.434375 0.409375 0.4390625 0.409375
1 0.4453125 0.3937500000000001 0.440625 0.3937500000000001 0.440625 0.409375 0.4453125 0.409375
1 0.4515625 0.3968750000000001 0.446875 0.3968750000000001 0.446875 0.4109375 0.4515625 0.4109375
1 0.73125 0.4390625000000001 0.725 0.4390625 0.725 0.4546875000000001 0.73125 0.4546875000000002
1 0.740625 0.43750000000000017 0.7328125 0.43750000000000017 0.7328125 0.45625000000000016 0.740625 0.45625000000000016
1 0.7609375 0.5312500000000002 0.753125 0.5312500000000002 0.753125 0.5484375000000001 0.7609375 0.5484375000000001
1 0.76875 0.5296875000000002 0.7609375 0.5296875000000002 0.7609375 0.5484375000000001 0.76875 0.5484375000000001
1 0.721875 0.5296875 0.715625 0.5296875 0.715625 0.55 0.721875 0.55
1 0.7296875 0.5312500000000001 0.721875 0.53125 0.721875 0.55 0.7296875 0.5500000000000002
1 0.7375 0.5312500000000002 0.73125 0.5312500000000002 0.73125 0.5468750000000002 0.7375 0.5468750000000002
1 0.7140625 0.53125 0.7078125 0.53125 0.7078125 0.5484375 0.7140625 0.5484375
1 0.6359375 0.6 0.628125 0.6 0.628125 0.6171875 0.6359375 0.6171875
1 0.703125 0.646875 0.696875 0.646875 0.696875 0.6625 0.703125 0.6625
1 0.7109375 0.6453125 0.70625 0.6453125 0.70625 0.6640625 0.7109375 0.6640625
1 0.71875 0.6453125 0.7140625 0.6453125 0.7140625 0.6625 0.71875 0.6625