0 0.2296875 0.0015625000000000263 0.2 0.0015625000000000244 0.2 0.03281250000000003 0.2296875 0.032812500000000036
0 0.2015625 0.04843750000000001 0.039062500000000014 0.0484375 0.039062500000000014 0.09687500000000002 0.2015625 0.09687500000000002
0 0.2015625 0.031250000000000014 0.0953125 0.031250000000000014 0.0953125 0.06875000000000002 0.2015625 0.06875000000000002
0 0.04375000000000001 0.046875 0.012500000000000006 0.046875 0.012500000000000008 0.096875 0.04375000000000001 0.096875
0 0.328125 0.04687500000000004 0.2640625 0.046875000000000035 0.2640625 0.08750000000000004 0.328125 0.08750000000000005
0 0.3609375 4.200155818950688e-17 0.325 3.980102097228898e-17 0.325 0.04843750000000004 0.3609375 0.04843750000000004
0 0.5203125 6.113666442618427e-17 0.478125 5.855342508423283e-17 0.478125 0.03750000000000006 0.5203125 0.03750000000000007
0 0.4671875 0.046875000000000056 0.4125 0.046875000000000056 0.4125 0.07656250000000006 0.4671875 0.07656250000000006
0 0.4375 0.04531250000000005 0.4 0.04531250000000005 0.4 0.10937500000000004 0.4375 0.10937500000000004
1 0.031250000000000014 0.1109375 0.02656250000000001 0.1109375 0.02656250000000001 0.121875 0.031250000000000014 0.121875
1 0.039062500000000014 0.1109375 0.03281250000000001 0.1109375 0.03281250000000001 0.1234375 0.039062500000000014 0.1234375
1 0.04375000000000001 0.109375 0.039062500000000014 0.109375 0.039062500000000014 0.1234375 0.04375000000000001 0.1234375
1 0.051562500000000025 0.109375 0.04531250000000001 0.109375 0.04531250000000001 0.121875 0.051562500000000025 0.121875
1 0.029687500000000012 0.06875 0.02343750000000001 0.06875 0.02343750000000001 0.0828125 0.029687500000000012 0.0828125
1 0.121875 0.07031250000000003 0.1171875 0.07031250000000003 0.1171875 0.08125000000000002 0.121875 0.08125000000000002
0 0.0640625 7.367015901120796e-18 0.05625 6.888638245203862e-18 0.05625 0.02812500000000001 0.0640625 0.02812500000000001
1 0.1515625 0.042187500000000024 0.14375 0.042187500000000024 0.14375 0.05625000000000002 0.1515625 0.05625000000000002
1 0.2984375 0.06250000000000004 0.2921875 0.06250000000000004 0.2921875 0.07500000000000004 0.2984375 0.07500000000000004
1 0.4203125 0.08437500000000005 0.4140625 0.08437500000000005 0.4140625 0.09687500000000004 0.4203125 0.09687500000000004
1 0.4546875 0.04843750000000006 0.4484375 0.04843750000000006 0.4484375 0.06250000000000006 0.4546875 0.06250000000000007
1 0.4640625 0.05156250000000007 0.4546875 0.05156250000000007 0.4546875 0.06093750000000007 0.4640625 0.06093750000000007
2 0.50625 6.161504208210122e-17 0.5 6.123233995736766e-17 0.5 0.006250000000000061 0.50625 0.006250000000000061
1 0.296875 0.2203125 0.2875 0.2203125 0.2875 0.2375 0.296875 0.2375
1 0.315625 0.2609375 0.3015625 0.2609375 0.3015625 0.2875 0.315625 0.2875
1 0.340625 0.2640625 0.33125 0.2640625 0.33125 0.2828125 0.340625 0.2828125
1 0.3515625 0.265625 0.3421875 0.265625 0.3421875 0.2828125 0.3515625 0.2828125
1 0.3625 0.2640625 0.353125 0.2640625 0.353125 0.2828125 0.3625 0.2828125
1 0.3515625 0.309375 0.3421875 0.309375 0.3421875 0.3296875 0.3515625 0.3296875
1 0.3578125 0.2171875 0.3484375 0.2171875 0.3484375 0.2359375 0.3578125 0.2359375
1 0.4125 0.21875000000000008 0.4078125 0.21875000000000008 0.4078125 0.2390625000000001 0.4125 0.2390625000000001
1 0.421875 0.2156250000000001 0.4140625 0.2156250000000001 0.4140625 0.2375000000000001 0.421875 0.2375000000000001
1 0.4078125 0.2640625000000001 0.4 0.2640625000000001 0.4 0.2812500000000001 0.4078125 0.2812500000000001
1 0.4203125 0.2640625000000001 0.4109375 0.2640625000000001 0.4109375 0.2812500000000001 0.4203125 0.2812500000000001
1 0.4046875 0.3109375000000001 0.396875 0.3109375000000001 0.396875 0.3265625000000001 0.4046875 0.3265625000000001
1 0.415625 0.3109375000000001 0.40625 0.3109375000000001 0.40625 0.3265625000000001 0.415625 0.3265625000000001
1 0.425 0.3109375000000001 0.4171875 0.3109375000000001 0.4171875 0.32500000000000007 0.425 0.32500000000000007
1 0.3453125 0.3546875 0.3390625 0.3546875 0.33906250000000004 0.371875 0.3453125000000001 0.371875
1 0.35468750000000004 0.3546875 0.346875 0.3546875 0.34687500000000004 0.3703125 0.3546875000000001 0.3703125
1 0.409375 0.3546875000000001 0.4046875 0.3546875000000001 0.4046875 0.3703125000000001 0.409375 0.3703125000000001
1 0.4171875 0.3531250000000001 0.4109375 0.3531250000000001 0.4109375 0.37187500000000007 0.4171875 0.37187500000000007
1 0.30312500000000003 0.35625 0.296875 0.35625 0.29687500000000006 0.3734375 0.3031250000000001 0.3734375
1 0.31250000000000006 0.3546875 0.303125 0.3546875 0.30312500000000003 0.3703125 0.3125000000000001 0.3703125
1 0.3109375000000001 0.4 0.3031250000000001 0.4 0.3031250000000001 0.415625 0.3109375000000001 0.415625
1 0.3125000000000001 0.44375 0.3031250000000001 0.44375 0.3031250000000001 0.4609375 0.3125000000000001 0.4609375
1 0.30156250000000007 0.490625 0.2906250000000001 0.490625 0.2906250000000001 0.50625 0.30156250000000007 0.50625
1 0.3109375000000001 0.4875 0.30156250000000007 0.4875 0.30156250000000007 0.50625 0.3109375000000001 0.50625
1 0.2906250000000001 0.490625 0.2843750000000001 0.490625 0.2843750000000001 0.5078125 0.2906250000000001 0.5078125
1 0.2921875000000001 0.5625 0.2843750000000001 0.5625 0.2843750000000001 0.5796875 0.2921875000000001 0.5796875
1 0.30156250000000007 0.5625 0.2953125000000001 0.5625 0.2953125000000001 0.58125 0.30156250000000007 0.58125
1 0.3125000000000001 0.5609375 0.3031250000000001 0.5609375 0.3031250000000001 0.58125 0.3125000000000001 0.58125
1 0.3000000000000001 0.6078125 0.29375000000000007 0.6078125 0.29375000000000007 0.625 0.3000000000000001 0.625
1 0.3109375000000001 0.60625 0.3031250000000001 0.60625 0.3031250000000001 0.625 0.3109375000000001 0.625
1 0.30156250000000007 0.653125 0.2953125000000001 0.653125 0.2953125000000001 0.6703125 0.30156250000000007 0.6703125
1 0.3125000000000001 0.6515625 0.3031250000000001 0.6515625 0.3031250000000001 0.66875 0.3125000000000001 0.66875
1 0.3453125000000001 0.653125 0.3375000000000001 0.653125 0.3375000000000001 0.66875 0.3453125000000001 0.66875
1 0.3546875000000001 0.6515625 0.3453125000000001 0.6515625 0.3453125000000001 0.6703125 0.3546875000000001 0.6703125
1 0.34062500000000007 0.609375 0.3343750000000001 0.609375 0.3343750000000001 0.6265625 0.34062500000000007 0.6265625
1 0.3468750000000001 0.609375 0.3421875000000001 0.609375 0.3421875000000001 0.6234375 0.3468750000000001 0.6234375
1 0.3609375000000001 0.6078125 0.3531250000000001 0.6078125 0.3531250000000001 0.6234375 0.3609375000000001 0.6234375
1 0.34062500000000007 0.5609375 0.33281250000000007 0.5609375 0.33281250000000007 0.5796875 0.34062500000000007 0.5796875
1 0.3500000000000001 0.5625 0.3453125000000001 0.5625 0.3453125000000001 0.58125 0.3500000000000001 0.58125
1 0.3593750000000001 0.5625 0.3515625000000001 0.5625 0.3515625000000001 0.5796875 0.3593750000000001 0.5796875
1 0.3390625000000001 0.4890625 0.33281250000000007 0.4890625 0.33281250000000007 0.5078125 0.3390625000000001 0.5078125
1 0.3593750000000001 0.4890625 0.3515625000000001 0.4890625 0.3515625000000001 0.50625 0.3593750000000001 0.50625
1 0.3500000000000001 0.490625 0.34062500000000007 0.490625 0.34062500000000007 0.50625 0.3500000000000001 0.50625
1 0.3437500000000001 0.44375 0.3359375000000001 0.44375 0.3359375000000001 0.4625 0.3437500000000001 0.4625
1 0.35625000000000007 0.4453125 0.34843750000000007 0.4453125 0.34843750000000007 0.4609375 0.35625000000000007 0.4609375
1 0.3500000000000001 0.3984375 0.3421875000000001 0.3984375 0.3421875000000001 0.415625 0.3500000000000001 0.415625
1 0.409375 0.4 0.4046875 0.4 0.4046875 0.415625 0.409375 0.415625
1 0.4171875 0.4 0.4109375 0.4 0.4109375 0.4171875 0.4171875 0.4171875
1 0.409375 0.44375 0.4 0.44375 0.4 0.4609375 0.409375 0.4609375
1 0.4203125 0.44375 0.4109375 0.44375 0.4109375 0.4609375 0.4203125 0.4609375
1 0.403125 0.4890625 0.3968750000000001 0.4890625 0.3968750000000001 0.50625 0.403125 0.50625
1 0.425 0.4890625 0.415625 0.4890625 0.415625 0.5078125 0.425 0.5078125
1 0.4125 0.4890625 0.4046875 0.4890625 0.4046875 0.5078125 0.4125 0.5078125
1 0.4046875 0.5625 0.3984375000000001 0.5625 0.3984375000000001 0.578125 0.4046875 0.578125
1 0.4125 0.5625 0.409375 0.5625 0.409375 0.5796875 0.4125 0.5796875
1 0.425 0.5609375 0.4171875 0.5609375 0.4171875 0.5796875 0.425 0.5796875
1 0.403125 0.6078125 0.3968750000000001 0.6078125 0.3968750000000001 0.625 0.403125 0.625
1 0.4109375 0.6515625 0.4015625 0.6515625 0.4015625 0.66875 0.4109375 0.66875
1 0.409375 0.6953125 0.4015625 0.6953125 0.4015625 0.715625 0.409375 0.715625
1 0.421875 0.6953125 0.4109375 0.6953125 0.4109375 0.715625 0.421875 0.715625
1 0.4171875 0.6515625 0.4109375 0.6515625 0.4109375 0.6703125 0.4171875 0.6703125
1 0.4125 0.6078125 0.4046875 0.6078125 0.4046875 0.6265625 0.4125 0.6265625
1 0.4234375 0.6078125 0.4171875 0.6078125 0.4171875 0.625 0.4234375 0.625
2 0.4296875 0.22031250000000008 0.4203125 0.22031250000000008 0.4203125 0.2312500000000001 0.4296875 0.2312500000000001
1 0.4703125 0.21875000000000008 0.459375 0.21875000000000008 0.459375 0.23593750000000008 0.4703125 0.23593750000000008
1 0.478125 0.21875000000000008 0.471875 0.21875000000000008 0.471875 0.23437500000000008 0.478125 0.23437500000000008
1 0.4875 0.21875000000000008 0.4796875 0.21875000000000008 0.4796875 0.23593750000000008 0.4875 0.23593750000000008
1 0.46875 0.26250000000000007 0.4640625 0.26250000000000007 0.4640625 0.2812500000000001 0.46875 0.2812500000000001
1 0.46875 0.3078125000000001 0.4640625 0.3078125000000001 0.4640625 0.3265625000000001 0.46875 0.3265625000000001
1 0.490625 0.2640625000000001 0.4828125 0.2640625000000001 0.4828125 0.2812500000000001 0.490625 0.2812500000000001
1 0.48125 0.2640625000000001 0.4734375 0.2640625000000001 0.4734375 0.2796875000000001 0.48125 0.2796875000000001
1 0.48125 0.30937500000000007 0.4734375 0.30937500000000007 0.4734375 0.3265625000000001 0.48125 0.3265625000000001
1 0.490625 0.3109375000000001 0.484375 0.3109375000000001 0.484375 0.3265625000000001 0.490625 0.3265625000000001
1 0.475 0.3531250000000001 0.4671875 0.3531250000000001 0.4671875 0.3703125000000001 0.475 0.3703125000000001
1 0.4828125 0.3546875000000001 0.4765625 0.3546875000000001 0.4765625 0.37187500000000007 0.4828125 0.37187500000000007
1 0.475 0.4 0.46875 0.4 0.46875 0.415625 0.475 0.415625
1 0.484375 0.3984375000000001 0.4765625 0.3984375000000001 0.4765625 0.415625 0.484375 0.415625
1 0.475 0.44375 0.4671875 0.44375 0.4671875 0.459375 0.475 0.459375
1 0.471875 0.490625 0.4625 0.490625 0.4625 0.5078125 0.471875 0.5078125
1 0.4890625 0.4890625 0.48125 0.4890625 0.48125 0.50625 0.4890625 0.50625
1 0.478125 0.4890625 0.4703125 0.4890625 0.4703125 0.5078125 0.478125 0.5078125
1 0.4859375 0.44375 0.4796875 0.44375 0.4796875 0.4625 0.4859375 0.4625
2 0.4796875 0.4578125 0.475 0.4578125 0.475 0.465625 0.4796875 0.465625
2 0.4828125 0.5015625 0.478125 0.5015625 0.478125 0.509375 0.4828125 0.509375
2 0.475 0.3218750000000001 0.471875 0.3218750000000001 0.471875 0.3281250000000001 0.475 0.3281250000000001
2 0.4734375 0.27812500000000007 0.4703125 0.27812500000000007 0.4703125 0.2828125000000001 0.4734375 0.2828125000000001
2 0.49375 0.21875000000000008 0.4875 0.21875000000000008 0.4875 0.22812500000000008 0.49375 0.22812500000000008
2 0.55625 0.21875000000000008 0.55 0.21875000000000008 0.55 0.2296875000000001 0.55625 0.2296875000000001
2 0.475 0.575 0.4703125 0.575 0.4703125 0.5828125 0.475 0.5828125
2 0.4828125 0.6203125 0.478125 0.6203125 0.478125 0.628125 0.4828125 0.628125
1 0.471875 0.5625 0.4640625 0.5625 0.4640625 0.5796875 0.471875 0.5796875
1 0.4796875 0.5625 0.475 0.5625 0.475 0.5796875 0.4796875 0.5796875
1 0.4890625 0.5609375 0.4828125 0.5609375 0.4828125 0.58125 0.4890625 0.58125
1 0.4703125 0.6078125 0.4625 0.6078125 0.4625 0.625 0.4703125 0.625
1 0.478125 0.60625 0.4703125 0.60625 0.4703125 0.625 0.478125 0.625
1 0.490625 0.6078125 0.4828125 0.6078125 0.4828125 0.6265625 0.490625 0.6265625
1 0.475 0.65 0.4671875 0.65 0.4671875 0.6703125 0.475 0.6703125
1 0.4859375 0.653125 0.4765625 0.653125 0.4765625 0.66875 0.4859375 0.66875
1 0.4765625 0.696875 0.46875 0.696875 0.46875 0.7140625 0.4765625 0.7140625
1 0.484375 0.6984375 0.4765625 0.6984375 0.4765625 0.7125 0.484375 0.7125
1 0.48437500000000017 0.7421875 0.4781250000000002 0.7421875 0.4781250000000002 0.759375 0.48437500000000017 0.759375
1 0.4750000000000002 0.740625 0.46875000000000017 0.740625 0.46875000000000017 0.759375 0.4750000000000002 0.759375
1 0.540625 0.22031250000000008 0.534375 0.22031250000000008 0.534375 0.23593750000000008 0.540625 0.23593750000000008
1 0.55 0.21875000000000008 0.5421875 0.21875000000000008 0.5421875 0.23593750000000008 0.55 0.23593750000000008
1 0.5421875 0.26250000000000007 0.5328125 0.26250000000000007 0.5328125 0.2812500000000001 0.5421875 0.2812500000000001
1 0.5359375 0.30937500000000007 0.5296875 0.30937500000000007 0.5296875 0.32500000000000007 0.5359375 0.32500000000000007
1 0.55 0.30937500000000007 0.540625 0.30937500000000007 0.540625 0.32500000000000007 0.55 0.32500000000000007
1 0.5484375 0.3546875000000001 0.5390625 0.3546875000000001 0.5390625 0.37187500000000007 0.5484375 0.37187500000000007
1 0.5390625 0.3546875000000001 0.5296875 0.3546875000000001 0.5296875 0.37187500000000007 0.5390625 0.37187500000000007
1 0.5375 0.4015625 0.5296875 0.4015625 0.5296875 0.4171875 0.5375 0.4171875
1 0.5484375 0.4 0.5390625 0.4 0.5390625 0.415625 0.5484375 0.415625
1 0.5375 0.44375 0.528125 0.44375 0.528125 0.4609375 0.5375 0.4609375
1 0.540625 0.490625 0.53125 0.490625 0.53125 0.50625 0.540625 0.50625
1 0.546875 0.4890625 0.5390625 0.4890625 0.5390625 0.5078125 0.546875 0.5078125
1 0.5484375 0.44375 0.540625 0.44375 0.540625 0.4609375 0.5484375 0.4609375
1 0.5328125 0.5625 0.525 0.5625 0.525 0.578125 0.5328125 0.578125
1 0.5421875 0.5625 0.5359375 0.5625 0.5359375 0.5796875 0.5421875 0.5796875
1 0.553125 0.5625 0.5453125 0.5625 0.5453125 0.578125 0.553125 0.578125
1 0.534375 0.6078125 0.5265625 0.6078125 0.5265625 0.625 0.534375 0.625
1 0.5515625 0.609375 0.5453125 0.609375 0.5453125 0.625 0.5515625 0.625
1 0.540625 0.609375 0.5328125 0.609375 0.5328125 0.6234375 0.540625 0.6234375
1 0.5375 0.6515625 0.53125 0.6515625 0.53125 0.6703125 0.5375 0.6703125
1 0.5453125 0.653125 0.5390625 0.653125 0.5390625 0.671875 0.5453125 0.671875
1 0.5375 0.6984375 0.5296875 0.6984375 0.5296875 0.7140625 0.5375 0.7140625
1 0.5484375 0.6984375 0.5390625 0.6984375 0.5390625 0.7140625 0.5484375 0.7140625
1 0.5390625000000002 0.740625 0.5312500000000002 0.740625 0.5312500000000002 0.759375 0.5390625000000002 0.759375
1 0.5468750000000002 0.7421875 0.5390625000000002 0.7421875 0.5390625000000002 0.759375 0.5468750000000002 0.759375
1 0.603125 0.21875000000000008 0.5984375 0.21875000000000008 0.5984375 0.23593750000000008 0.603125 0.23593750000000008
1 0.6046875 0.2640625000000001 0.59375 0.2640625000000001 0.59375 0.2828125000000001 0.6046875 0.2828125000000001
1 0.6125 0.2171875000000001 0.60625 0.2171875000000001 0.60625 0.23593750000000008 0.6125 0.23593750000000008
1 0.5953125 0.30937500000000007 0.590625 0.30937500000000007 0.590625 0.3265625000000001 0.5953125 0.3265625000000001
1 0.6078125 0.3109375000000001 0.6015625 0.3109375000000001 0.6015625 0.32500000000000007 0.6078125 0.32500000000000007
1 0.5984375 0.3546875000000001 0.590625 0.3546875000000001 0.590625 0.37187500000000007 0.5984375 0.37187500000000007
1 0.60625 0.3531250000000001 0.5984375 0.3531250000000001 0.5984375 0.37187500000000007 0.60625 0.37187500000000007
1 0.596875 0.3984375000000001 0.590625 0.3984375000000001 0.590625 0.415625 0.596875 0.415625
1 0.6078125 0.4 0.5984375 0.4 0.5984375 0.4171875 0.6078125 0.4171875
1 0.596875 0.4421875 0.590625 0.4421875 0.590625 0.4609375 0.596875 0.4609375
1 0.60625 0.4421875 0.5984375 0.4421875 0.5984375 0.4625 0.60625 0.4625
1 0.59375 0.490625 0.5828125 0.490625 0.5828125 0.5078125 0.59375 0.5078125
1 0.6125 0.490625 0.603125 0.490625 0.603125 0.5078125 0.6125 0.5078125
1 0.6015625 0.490625 0.59375 0.490625 0.59375 0.5078125 0.6015625 0.5078125
1 0.596875 0.5609375 0.5890625 0.5609375 0.5890625 0.5796875 0.596875 0.5796875
1 0.6078125 0.5625 0.6 0.5625 0.6 0.578125 0.6078125 0.578125
1 0.5984375 0.6078125 0.5890625 0.6078125 0.5890625 0.625 0.5984375 0.625
1 0.6078125 0.60625 0.5984375 0.60625 0.5984375 0.625 0.6078125 0.625
1 0.5984375 0.653125 0.590625 0.653125 0.590625 0.66875 0.5984375 0.66875
1 0.60625 0.653125 0.6 0.653125 0.6 0.66875 0.60625 0.66875
1 0.596875 0.6984375 0.590625 0.6984375 0.590625 0.7140625 0.596875 0.7140625
1 0.6078125 0.6984375 0.6 0.6984375 0.6 0.715625 0.6078125 0.715625
1 0.6000000000000002 0.7421875 0.5921875000000002 0.7421875 0.5921875000000002 0.7578125 0.6000000000000002 0.7578125
1 0.6078125000000002 0.7421875 0.5984375000000002 0.7421875 0.5984375000000002 0.7578125 0.6078125000000002 0.7578125
1 0.659375 0.26250000000000007 0.6515625 0.26250000000000007 0.6515625 0.2812500000000001 0.659375 0.2812500000000001
1 0.6703125 0.2640625000000001 0.6625 0.2640625000000001 0.6625 0.2812500000000001 0.6703125 0.2812500000000001
1 0.6703125 0.3078125000000001 0.6625 0.3078125000000001 0.6625 0.3265625000000001 0.6703125 0.3265625000000001
1 0.6578125 0.30937500000000007 0.6515625 0.30937500000000007 0.6515625 0.3265625000000001 0.6578125 0.3265625000000001
1 0.6609375 0.3546875000000001 0.6515625 0.3546875000000001 0.6515625 0.3734375000000001 0.6609375 0.3734375000000001
1 0.66875 0.3546875000000001 0.6609375 0.3546875000000001 0.6609375 0.3703125000000001 0.66875 0.3703125000000001
1 0.659375 0.3984375000000001 0.653125 0.3984375000000001 0.653125 0.4171875 0.659375 0.4171875
1 0.66875 0.4 0.659375 0.4 0.659375 0.415625 0.66875 0.415625
1 0.659375 0.44375 0.6515625 0.44375 0.6515625 0.4609375 0.659375 0.4609375
1 0.66875 0.44375 0.659375 0.44375 0.659375 0.4609375 0.66875 0.4609375
1 0.6734375 0.4890625 0.665625 0.4890625 0.665625 0.50625 0.6734375 0.50625
1 0.6546875 0.4921875 0.646875 0.4921875 0.646875 0.5078125 0.6546875 0.5078125
1 0.6609375 0.4875 0.6546875 0.4875 0.6546875 0.50625 0.6609375 0.50625
1 0.6546875 0.60625 0.646875 0.60625 0.646875 0.6265625 0.6546875 0.6265625
1 0.6734375 0.6078125 0.665625 0.6078125 0.665625 0.628125 0.6734375 0.628125
1 0.6578125 0.5625 0.65 0.5625 0.65 0.5796875 0.6578125 0.5796875
1 0.671875 0.5625 0.6625 0.5625 0.6625 0.5796875 0.671875 0.5796875
1 0.6625 0.609375 0.6546875 0.609375 0.6546875 0.6265625 0.6625 0.6265625
1 0.66875 0.6515625 0.6609375 0.6515625 0.6609375 0.671875 0.66875 0.671875
1 0.659375 0.6515625 0.6515625 0.6515625 0.6515625 0.66875 0.659375 0.66875
1 0.6609375 0.696875 0.6515625 0.696875 0.6515625 0.715625 0.6609375 0.715625
1 0.66875 0.696875 0.6609375 0.696875 0.6609375 0.7171875 0.66875 0.7171875
1 0.6609375000000002 0.7421875 0.6515625000000002 0.7421875 0.6515625000000002 0.759375 0.6609375000000002 0.759375
1 0.6656250000000001 0.74375 0.6609375000000002 0.74375 0.6609375000000002 0.759375 0.6656250000000001 0.759375
1 0.6640625 0.21875000000000008 0.659375 0.21875000000000008 0.659375 0.23593750000000008 0.6640625 0.23593750000000008
1 0.6765625 0.2171875000000001 0.6671875 0.2171875000000001 0.6671875 0.23593750000000008 0.6765625 0.23593750000000008
1 0.728125 0.2171875000000001 0.7203125 0.2171875000000001 0.7203125 0.2375000000000001 0.728125 0.2375000000000001
1 0.7359375 0.2156250000000001 0.728125 0.2156250000000001 0.728125 0.23593750000000008 0.7359375 0.23593750000000008
1 0.7203125 0.26250000000000007 0.7125 0.26250000000000007 0.7125 0.2828125000000001 0.7203125 0.2828125000000001
1 0.7328125 0.26250000000000007 0.725 0.26250000000000007 0.725 0.2796875000000001 0.7328125 0.2796875000000001
1 0.73125 0.30937500000000007 0.725 0.30937500000000007 0.725 0.3281250000000001 0.73125 0.3281250000000001
1 0.71875 0.30937500000000007 0.7125 0.30937500000000007 0.7125 0.3265625000000001 0.71875 0.3265625000000001
1 0.721875 0.3546875000000001 0.7125 0.3546875000000001 0.7125 0.3703125000000001 0.721875 0.3703125000000001
1 0.7296875 0.3531250000000001 0.7203125 0.3531250000000001 0.7203125 0.3734375000000001 0.7296875 0.3734375000000001
1 0.721875 0.3984375000000001 0.7125 0.3984375000000001 0.7125 0.4171875 0.721875 0.4171875
1 0.73125 0.3984375000000001 0.721875 0.3984375000000001 0.721875 0.4156250000000001 0.73125 0.4156250000000002
1 0.7359375 0.4437500000000001 0.725 0.44375 0.725 0.4593750000000001 0.7359375 0.4593750000000002
1 0.715625 0.44375 0.7078125 0.44375 0.7078125 0.459375 0.715625 0.459375
1 0.725 0.4421875 0.715625 0.4421875 0.715625 0.4609375 0.725 0.4609375
1 0.721875 0.4890625 0.7125 0.4890625 0.7125 0.50625 0.721875 0.50625
1 0.7296875 0.48906250000000007 0.721875 0.4890625 0.721875 0.5062500000000001 0.7296875 0.5062500000000002
1 0.7203125 0.5609375 0.7109375 0.5609375 0.7109375 0.5796875 0.7203125 0.5796875
1 0.73125 0.5609375000000001 0.7234375 0.5609375 0.7234375 0.5796875000000001 0.73125 0.5796875000000001
1 0.7171875 0.60625 0.7078125 0.60625 0.7078125 0.625 0.7171875 0.625
1 0.7359375 0.6062500000000002 0.7265625 0.6062500000000002 0.7265625 0.6250000000000002 0.7359375 0.6250000000000002
1 0.7234375 0.60625 0.7171875 0.60625 0.7171875 0.6234375 0.7234375 0.6234375
1 0.721875 0.6515625 0.7125 0.6515625 0.7125 0.6703125 0.721875 0.6703125
1 0.7296875 0.6515625 0.7234375 0.6515625 0.7234375 0.6703125000000001 0.7296875 0.6703125000000002
1 0.721875 0.696875 0.7140625 0.696875 0.7140625 0.715625 0.721875 0.715625
1 0.7296875 0.6984375 0.721875 0.6984375 0.721875 0.7156250000000001 0.7296875 0.7156250000000002
1 0.7203125000000001 0.740625 0.7125000000000001 0.740625 0.7125000000000001 0.7609375 0.7203125000000001 0.7609375
1 0.7312500000000002 0.7421875000000001 0.7218750000000002 0.7421875 0.7218750000000002 0.7593750000000001 0.7312500000000002 0.7593750000000001
1 0.7796875 0.21875000000000008 0.7734375 0.21875000000000008 0.7734375 0.23593750000000008 0.7796875 0.23593750000000008
1 0.7890625 0.21875000000000008 0.7796875 0.21875000000000008 0.7796875 0.23593750000000008 0.7890625 0.23593750000000008
1 0.7875 0.26250000000000007 0.78125 0.26250000000000007 0.78125 0.2796875000000001 0.7875 0.2796875000000001
1 0.7765625 0.2640625000000001 0.7671875 0.2640625000000001 0.7671875 0.2812500000000001 0.7765625 0.2812500000000001
1 0.775 0.3078125000000001 0.76875 0.3078125000000001 0.76875 0.3265625000000001 0.775 0.3265625000000001
1 0.7875 0.30937500000000007 0.7796875 0.30937500000000007 0.7796875 0.3265625000000001 0.7875 0.3265625000000001
1 0.7765625 0.3531250000000001 0.7703125 0.3531250000000001 0.7703125 0.3703125000000001 0.7765625 0.3703125000000001
1 0.7859375 0.3531250000000001 0.778125 0.3531250000000001 0.778125 0.37187500000000007 0.7859375 0.37187500000000007
1 0.778125 0.3984375000000001 0.76875 0.3984375000000001 0.76875 0.41718750000000016 0.778125 0.41718750000000016
1 0.784375 0.4000000000000002 0.778125 0.4000000000000002 0.778125 0.4156250000000002 0.784375 0.4156250000000002
1 0.7765625 0.4437500000000002 0.7703125 0.4437500000000002 0.7703125 0.46093750000000017 0.7765625 0.46093750000000017
1 0.7859375 0.4437500000000002 0.778125 0.4437500000000002 0.778125 0.4593750000000002 0.7859375 0.4593750000000002
1 0.7765625 0.4890625000000002 0.76875 0.4890625000000002 0.76875 0.5062500000000002 0.7765625 0.5062500000000002
1 0.784375 0.4890625000000002 0.778125 0.4890625000000002 0.778125 0.5062500000000002 0.784375 0.5062500000000002
1 0.7859375 0.5625000000000002 0.778125 0.5625000000000002 0.778125 0.5796875000000001 0.7859375 0.5796875000000001
1 0.7765625 0.5609375000000002 0.7671875 0.5609375000000002 0.7671875 0.5781250000000002 0.7765625 0.5781250000000002
1 0.790625 0.6062500000000002 0.7828125 0.6062500000000002 0.7828125 0.6250000000000002 0.790625 0.6250000000000002
1 0.771875 0.6078125000000002 0.7640625 0.6078125000000002 0.7640625 0.6250000000000002 0.771875 0.6250000000000002
1 0.7796875 0.6062500000000002 0.771875 0.6062500000000002 0.771875 0.6234375000000002 0.7796875 0.6234375000000002
1 0.7765625 0.6515625000000002 0.76875 0.6515625000000002 0.76875 0.6687500000000002 0.7765625 0.6687500000000002
1 0.7859375 0.6515625000000002 0.7765625 0.6515625000000002 0.7765625 0.6687500000000002 0.7859375 0.6687500000000002
1 0.778125 0.6968750000000001 0.7703125 0.6968750000000001 0.7703125 0.7156250000000002 0.778125 0.7156250000000002
1 0.7859375 0.6968750000000001 0.778125 0.6968750000000001 0.778125 0.7156250000000002 0.7859375 0.7156250000000002
1 0.7781250000000002 0.7406250000000002 0.7703125000000002 0.7406250000000002 0.7703125000000002 0.7593750000000001 0.7781250000000002 0.7593750000000001
1 0.7843750000000002 0.7406250000000002 0.7765625000000002 0.7406250000000002 0.7765625000000002 0.7593750000000001 0.7843750000000002 0.7593750000000001
1 0.834375 0.21875000000000008 0.8265625 0.21875000000000008 0.8265625 0.23593750000000008 0.834375 0.23593750000000008
1 0.8421875 0.21875000000000008 0.834375 0.21875000000000008 0.834375 0.23593750000000008 0.8421875 0.23593750000000008
1 0.83125 0.2609375000000001 0.825 0.2609375000000001 0.825 0.2828125000000001 0.83125 0.2828125000000001
1 0.834375 0.3078125000000001 0.8234375 0.3078125000000001 0.8234375 0.3265625000000001 0.834375 0.3265625000000001
1 0.88125 0.30937500000000007 0.8734375 0.30937500000000007 0.8734375 0.3265625000000001 0.88125 0.3265625000000001
1 0.8796875 0.26250000000000007 0.871875 0.26250000000000007 0.871875 0.2796875000000001 0.8796875 0.2796875000000001
1 0.8265625 0.3531250000000001 0.8203125 0.3531250000000001 0.8203125 0.3703125000000001 0.8265625 0.3703125000000001
1 0.8375 0.3531250000000001 0.828125 0.3531250000000001 0.828125 0.37187500000000007 0.8375 0.37187500000000007
1 0.828125 0.3968750000000001 0.81875 0.3968750000000001 0.81875 0.4156250000000002 0.828125 0.4156250000000002
1 0.8359375 0.3984375000000001 0.8296875 0.3984375000000001 0.8296875 0.4156250000000002 0.8359375 0.4156250000000002
1 0.8265625 0.4437500000000002 0.821875 0.4437500000000002 0.821875 0.46093750000000017 0.8265625 0.46093750000000017
1 0.8359375 0.4437500000000002 0.8296875 0.4437500000000002 0.8296875 0.46093750000000017 0.8359375 0.46093750000000017
1 0.8828125 0.21875000000000008 0.8734375 0.21875000000000008 0.8734375 0.23593750000000008 0.8828125 0.23593750000000008
1 0.8921875 0.2171875000000001 0.8828125 0.2171875000000001 0.8828125 0.23593750000000008 0.8921875 0.23593750000000008
1 0.875 0.3546875000000001 0.86875 0.3546875000000001 0.86875 0.3703125000000001 0.875 0.3703125000000001
1 0.884375 0.3531250000000001 0.8765625 0.3531250000000001 0.8765625 0.37187500000000007 0.884375 0.37187500000000007
1 0.8765625 0.3984375000000001 0.8671875 0.3984375000000001 0.8671875 0.4156250000000002 0.8765625 0.4156250000000002
1 0.8859375 0.3984375000000001 0.8765625 0.3984375000000001 0.8765625 0.4156250000000002 0.8859375 0.4156250000000002
1 0.875 0.4421875000000002 0.86875 0.4421875000000002 0.86875 0.46093750000000017 0.875 0.46093750000000017
1 0.8859375 0.4437500000000002 0.875 0.4437500000000002 0.875 0.46093750000000017 0.8859375 0.46093750000000017
1 0.9296875 0.22031250000000008 0.9234375 0.22031250000000008 0.9234375 0.23593750000000008 0.9296875 0.23593750000000008
1 0.9234375 0.2640625000000001 0.915625 0.2640625000000001 0.915625 0.2828125000000001 0.9234375 0.2828125000000001
1 0.934375 0.26250000000000007 0.9265625 0.26250000000000007 0.9265625 0.2796875000000001 0.934375 0.2796875000000001
1 0.9390625 0.21875000000000008 0.9296875 0.21875000000000008 0.9296875 0.23593750000000008 0.9390625 0.23593750000000008
1 0.9296875 0.3078125000000001 0.9203125 0.3078125000000001 0.9203125 0.3265625000000001 0.9296875 0.3265625000000001
1 0.925 0.3531250000000001 0.915625 0.3531250000000001 0.915625 0.37187500000000007 0.925 0.37187500000000007
1 0.9328125 0.3546875000000001 0.9265625 0.3546875000000001 0.9265625 0.37187500000000007 0.9328125 0.37187500000000007
1 0.9265625 0.4000000000000002 0.9171875 0.4000000000000002 0.9171875 0.41718750000000016 0.9265625 0.41718750000000016
1 0.934375 0.4000000000000002 0.925 0.4000000000000002 0.925 0.41718750000000016 0.934375 0.41718750000000016
1 0.9375 0.4421875000000002 0.9296875 0.4421875000000002 0.9296875 0.46093750000000017 0.9375 0.46093750000000017
1 0.91875 0.4437500000000002 0.9125 0.4437500000000002 0.9125 0.46093750000000017 0.91875 0.46093750000000017
1 0.928125 0.4437500000000002 0.91875 0.4437500000000002 0.91875 0.46093750000000017 0.928125 0.46093750000000017
1 0.9796875 0.2171875000000001 0.971875 0.2171875000000001 0.971875 0.23593750000000008 0.9796875 0.23593750000000008
1 0.9875 0.21875000000000008 0.9796875 0.21875000000000008 0.9796875 0.23593750000000008 0.9875 0.23593750000000008
1 0.978125 0.2640625000000001 0.96875 0.2640625000000001 0.96875 0.2812500000000001 0.978125 0.2812500000000001
1 0.978125 0.30937500000000007 0.9703125 0.30937500000000007 0.9703125 0.3265625000000001 0.978125 0.3265625000000001
1 0.9734375 0.3531250000000001 0.965625 0.3531250000000001 0.965625 0.3703125000000001 0.9734375 0.3703125000000001
1 0.9828125 0.3546875000000001 0.975 0.3546875000000001 0.975 0.3703125000000001 0.9828125 0.3703125000000001
1 0.971875 0.3984375000000001 0.965625 0.3984375000000001 0.965625 0.41718750000000016 0.971875 0.41718750000000016
1 0.98125 0.3984375000000001 0.975 0.3984375000000001 0.975 0.4156250000000002 0.98125 0.4156250000000002
1 0.9875 0.4421875000000002 0.9796875 0.4421875000000002 0.9796875 0.46093750000000017 0.9875 0.46093750000000017
1 0.9671875 0.4437500000000002 0.959375 0.4437500000000002 0.959375 0.46093750000000017 0.9671875 0.46093750000000017
1 0.9765625 0.4437500000000002 0.96875 0.4437500000000002 0.96875 0.46093750000000017 0.9765625 0.46093750000000017
1 0.8234375 0.4890625000000002 0.8125 0.4890625000000002 0.8125 0.5046875000000002 0.8234375 0.5046875000000002
1 0.8265625 0.5609375000000002 0.81875 0.5609375000000002 0.81875 0.5812500000000002 0.8265625 0.5812500000000002
1 0.8421875 0.4906250000000002 0.834375 0.4906250000000002 0.834375 0.5078125000000002 0.8421875 0.5078125000000002
1 0.83125 0.4890625000000002 0.8234375 0.4890625000000002 0.8234375 0.5062500000000002 0.83125 0.5062500000000002
1 0.8375 0.5625000000000002 0.8296875 0.5625000000000002 0.8296875 0.5796875000000001 0.8375 0.5796875000000001
1 0.8734375 0.5609375000000002 0.8671875 0.5609375000000002 0.8671875 0.5796875000000001 0.8734375 0.5796875000000001
1 0.8875 0.5625000000000002 0.878125 0.5625000000000002 0.878125 0.5796875000000001 0.8875 0.5796875000000001
1 0.8703125 0.4890625000000002 0.8640625 0.4890625000000002 0.8640625 0.5062500000000002 0.8703125 0.5062500000000002
1 0.890625 0.4890625000000002 0.88125 0.4890625000000002 0.88125 0.5078125000000002 0.890625 0.5078125000000002
1 0.878125 0.4890625000000002 0.871875 0.4890625000000002 0.871875 0.5062500000000002 0.878125 0.5062500000000002
1 0.91875 0.48750000000000016 0.9125 0.48750000000000016 0.9125 0.5062500000000002 0.91875 0.5062500000000002
1 0.940625 0.4890625000000002 0.9296875 0.4890625000000002 0.9296875 0.5062500000000002 0.940625 0.5062500000000002
1 0.9265625 0.48750000000000016 0.9203125 0.48750000000000016 0.9203125 0.5062500000000002 0.9265625 0.5062500000000002
1 0.9671875 0.4890625000000002 0.9609375 0.4890625000000002 0.9609375 0.5062500000000002 0.9671875 0.5062500000000002
1 0.9859375 0.4890625000000002 0.9796875 0.4890625000000002 0.9796875 0.5062500000000002 0.9859375 0.5062500000000002
1 0.9765625 0.4890625000000002 0.9671875 0.4890625000000002 0.9671875 0.5078125000000002 0.9765625 0.5078125000000002
1 0.9234375 0.5625000000000002 0.915625 0.5625000000000002 0.915625 0.5781250000000002 0.9234375 0.5781250000000002
1 0.934375 0.5625000000000002 0.9265625 0.5625000000000002 0.9265625 0.5796875000000001 0.934375 0.5796875000000001
1 0.971875 0.5640625000000001 0.9640625 0.5640625000000001 0.9640625 0.5796875000000001 0.971875 0.5796875000000001
1 0.984375 0.5625000000000002 0.975 0.5625000000000002 0.975 0.5796875000000001 0.984375 0.5796875000000001
1 0.96875 0.6078125000000002 0.9625 0.6078125000000002 0.9625 0.6250000000000002 0.96875 0.6250000000000002
1 0.9765625 0.6062500000000002 0.96875 0.6062500000000002 0.96875 0.6250000000000002 0.9765625 0.6250000000000002
1 0.9859375 0.6078125000000002 0.9796875 0.6078125000000002 0.9796875 0.6265625000000001 0.9859375 0.6265625000000001
1 0.9390625 0.6062500000000002 0.93125 0.6062500000000002 0.93125 0.6250000000000002 0.9390625 0.6250000000000002
1 0.875 0.6078125000000002 0.86875 0.6078125000000002 0.86875 0.6250000000000002 0.875 0.6250000000000002
1 0.884375 0.6078125000000002 0.8765625 0.6078125000000002 0.8765625 0.6234375000000002 0.884375 0.6234375000000002
1 0.9203125 0.6078125000000002 0.9125 0.6078125000000002 0.9125 0.6250000000000002 0.9203125 0.6250000000000002
1 0.928125 0.6078125000000002 0.9203125 0.6078125000000002 0.9203125 0.6250000000000002 0.928125 0.6250000000000002
1 0.8296875 0.6078125000000002 0.8234375 0.6078125000000002 0.8234375 0.6250000000000002 0.8296875 0.6250000000000002
1 0.840625 0.6046875000000002 0.8328125 0.6046875000000002 0.8328125 0.6250000000000002 0.840625 0.6250000000000002
1 0.821875 0.6078125000000002 0.8140625 0.6078125000000002 0.8140625 0.6250000000000002 0.821875 0.6250000000000002
1 0.828125 0.6531250000000002 0.8203125 0.6531250000000002 0.8203125 0.6703125000000002 0.828125 0.6703125000000002
1 0.8375 0.6531250000000002 0.8296875 0.6531250000000002 0.8296875 0.6687500000000002 0.8375 0.6687500000000002
1 0.8765625 0.6531250000000002 0.8671875 0.6531250000000002 0.8671875 0.6687500000000002 0.8765625 0.6687500000000002
1 0.884375 0.6515625000000002 0.8765625 0.6515625000000002 0.8765625 0.6703125000000002 0.884375 0.6703125000000002
1 0.925 0.6515625000000002 0.9171875 0.6515625000000002 0.9171875 0.6687500000000002 0.925 0.6687500000000002
1 0.9328125 0.6515625000000002 0.9265625 0.6515625000000002 0.9265625 0.6687500000000002 0.9328125 0.6687500000000002
1 0.971875 0.6531250000000002 0.965625 0.6531250000000002 0.965625 0.6687500000000002 0.971875 0.6687500000000002
1 0.98125 0.6515625000000002 0.975 0.6515625000000002 0.975 0.6703125000000002 0.98125 0.6703125000000002
1 0.828125 0.6984375000000002 0.81875 0.6984375000000002 0.81875 0.7140625000000002 0.828125 0.7140625000000002
1 0.8375 0.6984375000000002 0.828125 0.6984375000000002 0.828125 0.7140625000000002 0.8375 0.7140625000000002
1 0.8296875 0.7421875000000002 0.81875 0.7421875000000002 0.81875 0.7609375000000002 0.8296875 0.7609375000000002
1 0.8359375 0.7406250000000002 0.828125 0.7406250000000002 0.828125 0.7593750000000001 0.8359375 0.7593750000000001
1 0.8765625 0.7421875000000002 0.8671875 0.7421875000000002 0.8671875 0.7593750000000001 0.8765625 0.7593750000000001
1 0.884375 0.7421875000000002 0.8765625 0.7421875000000002 0.8765625 0.7593750000000001 0.884375 0.7593750000000001
1 0.925 0.7406250000000002 0.9171875 0.7406250000000002 0.9171875 0.7609375000000002 0.925 0.7609375000000002
1 0.934375 0.7437500000000001 0.925 0.7437500000000001 0.925 0.7593750000000001 0.934375 0.7593750000000001
1 0.9734375 0.7406250000000002 0.965625 0.7406250000000002 0.965625 0.7593750000000001 0.9734375 0.7593750000000001
1 0.98125 0.7421875000000002 0.9734375 0.7421875000000002 0.9734375 0.7593750000000001 0.98125 0.7593750000000001
1 0.9734375 0.6968750000000001 0.965625 0.6968750000000001 0.965625 0.7140625000000002 0.9734375 0.7140625000000002
1 0.98125 0.6968750000000001 0.975 0.6968750000000001 0.975 0.7156250000000002 0.98125 0.7156250000000002
1 0.9234375 0.6968750000000001 0.9171875 0.6968750000000001 0.9171875 0.7156250000000002 0.9234375 0.7156250000000002
1 0.934375 0.6984375000000002 0.925 0.6984375000000002 0.925 0.7156250000000002 0.934375 0.7156250000000002
1 0.8765625 0.6953125000000002 0.86875 0.6953125000000002 0.86875 0.7140625000000002 0.8765625 0.7140625000000002
1 0.884375 0.6968750000000001 0.8765625 0.6968750000000001 0.8765625 0.7156250000000002 0.884375 0.7156250000000002
1 0.1828125000000001 0.6515625 0.1781250000000001 0.6515625 0.1781250000000001 0.6703125 0.1828125000000001 0.6703125
1 0.1937500000000001 0.6515625 0.1859375000000001 0.6515625 0.1859375000000001 0.6703125 0.1937500000000001 0.6703125
1 0.2015625000000001 0.6515625 0.1937500000000001 0.6515625 0.1937500000000001 0.66875 0.2015625000000001 0.66875
1 0.1687500000000001 0.696875 0.16406250000000008 0.696875 0.16406250000000008 0.7140625 0.1687500000000001 0.7140625
1 0.1781250000000001 0.6984375 0.1703125000000001 0.6984375 0.1703125000000001 0.715625 0.1781250000000001 0.715625
1 0.1859375000000001 0.6984375 0.1781250000000001 0.6984375 0.1781250000000001 0.715625 0.1859375000000001 0.715625
1 0.1859375000000001 0.74375 0.1781250000000001 0.74375 0.1781250000000001 0.7609375 0.1859375000000001 0.7609375
1 0.1921875000000001 0.7421875 0.1859375000000001 0.7421875 0.1859375000000001 0.7609375 0.1921875000000001 0.7609375
1 0.2000000000000001 0.74375 0.1937500000000001 0.74375 0.1937500000000001 0.759375 0.2000000000000001 0.759375
1 0.21250000000000008 0.6984375 0.20468750000000008 0.6984375 0.20468750000000008 0.715625 0.21250000000000008 0.715625
1 0.22031250000000008 0.6984375 0.21250000000000008 0.6984375 0.21250000000000008 0.715625 0.22031250000000008 0.715625
1 0.22812500000000008 0.6984375 0.2218750000000001 0.6984375 0.2218750000000001 0.7140625 0.22812500000000008 0.7140625
1 0.7578125000000002 0.9796875 0.7515625000000001 0.9796875 0.7515625000000001 0.9984375 0.7578125000000002 0.9984375
1 0.7656250000000002 0.9796875 0.7578125000000002 0.9796875 0.7578125000000002 0.9984375 0.7656250000000002 0.9984375
1 0.89375 0.978125 0.8875 0.978125 0.8875 0.996875 0.89375 0.996875
1 0.9015625 0.98125 0.89375 0.98125 0.89375 0.996875 0.9015625 0.996875
1 0.6265625000000001 0.978125 0.6203125000000002 0.978125 0.6203125000000002 0.996875 0.6265625000000001 0.996875
1 0.6375000000000002 0.9796875 0.6265625000000001 0.9796875 0.6265625000000001 0.996875 0.6375000000000002 0.996875
1 0.7218750000000002 0.8265625 0.7156250000000002 0.8265625 0.7156250000000002 0.8453125 0.7218750000000002 0.8453125
1 0.7312500000000002 0.828125 0.7218750000000002 0.828125 0.7218750000000002 0.846875 0.7312500000000002 0.846875
1 0.6875000000000002 0.8296875 0.6812500000000001 0.8296875 0.6812500000000001 0.846875 0.6875000000000002 0.846875
1 0.6968750000000001 0.8296875 0.6890625000000001 0.8296875 0.6890625000000001 0.846875 0.6968750000000001 0.846875
1 0.7562500000000002 0.828125 0.7500000000000002 0.828125 0.7500000000000002 0.8453125 0.7562500000000002 0.8453125
1 0.7656250000000002 0.8296875 0.7578125000000002 0.8296875 0.7578125000000002 0.846875 0.7656250000000002 0.846875
1 0.7843750000000002 0.828125 0.7718750000000002 0.828125 0.7718750000000002 0.8453125 0.7843750000000002 0.8453125
1 0.7921875000000002 0.828125 0.7843750000000002 0.828125 0.7843750000000002 0.8453125 0.7921875000000002 0.8453125
1 0.8 0.828125 0.7921875000000002 0.828125 0.7921875000000002 0.846875 0.8 0.846875
1 0.8109375 0.83125 0.803125 0.83125 0.803125 0.846875 0.8109375 0.846875
1 0.8203125 0.83125 0.8125 0.83125 0.8125 0.8453125 0.8203125 0.8453125
1 0.8296875 0.83125 0.821875 0.83125 0.821875 0.846875 0.8296875 0.846875