0 0.45 0.10312500000000005 0.2453125 0.10312500000000005 0.2453125 0.14062500000000006 0.45 0.14062500000000006
0 0.2765625 0.10000000000000005 0.246875 0.10000000000000005 0.246875 0.14687500000000003 0.2765625 0.14687500000000003
0 0.2765625 0.15625000000000006 0.2453125 0.15625000000000006 0.2453125 0.284375 0.2765625 0.284375
0 0.4515625 0.10156250000000004 0.3234375 0.10156250000000004 0.3234375 0.13750000000000004 0.4515625 0.13750000000000004
0 0.359375 0.13593750000000004 0.33125 0.13593750000000004 0.33125 0.24375 0.359375 0.24375
0 0.3296875 0.10156250000000004 0.275 0.10156250000000004 0.275 0.14062500000000006 0.3296875 0.14062500000000006
0 0.2796875 0.290625 0.2484375 0.290625 0.2484375 0.31875 0.2796875 0.31875
0 0.4546875 0.29218750000000004 0.2828125 0.2921875 0.2828125 0.31718750000000007 0.4546875 0.31718750000000007
0 0.325 0.2671875 0.2796875 0.2671875 0.2796875 0.278125 0.325 0.278125
0 0.490625 0.10000000000000005 0.4609375 0.10000000000000005 0.4609375 0.2828125000000001 0.490625 0.2828125000000001
0 0.49375 0.10000000000000005 0.4625 0.10000000000000005 0.4625 0.14531250000000004 0.49375 0.14531250000000004
0 0.490625 0.15625000000000006 0.4609375 0.15625000000000006 0.4609375 0.2828125000000001 0.490625 0.2828125000000001
0 0.5453125 0.09843750000000007 0.4921875 0.09843750000000007 0.4921875 0.14218750000000008 0.5453125 0.14218750000000008
0 0.578125 0.14062500000000008 0.546875 0.14062500000000008 0.546875 0.24218750000000008 0.578125 0.24218750000000008
0 0.540625 0.2671875000000001 0.496875 0.2671875000000001 0.496875 0.27812500000000007 0.540625 0.27812500000000007
0 0.496875 0.2812500000000001 0.4671875 0.2812500000000001 0.4671875 0.31718750000000007 0.496875 0.31718750000000007
0 0.6921875 0.30156250000000007 0.5015625 0.30156250000000007 0.5015625 0.3187500000000001 0.6921875 0.3187500000000001
0 0.6625 0.10000000000000006 0.540625 0.10000000000000005 0.540625 0.14218750000000008 0.6625 0.14218750000000008
0 0.6875 0.10000000000000009 0.6640625 0.10000000000000009 0.6640625 0.2828125000000001 0.6875 0.2828125000000001
0 0.85625 0.10000000000000009 0.6625 0.10000000000000009 0.6625 0.14062500000000008 0.85625 0.14062500000000008
0 0.690625 0.10000000000000009 0.659375 0.10000000000000009 0.659375 0.1453125000000001 0.690625 0.1453125000000001
0 0.6890625 0.15625000000000008 0.6609375 0.15625000000000008 0.6609375 0.2843750000000001 0.6890625 0.2843750000000001
0 0.778125 0.1375000000000001 0.7453125 0.1375000000000001 0.7453125 0.24375000000000008 0.778125 0.24375000000000008
0 0.7734375 0.2671875000000001 0.734375 0.2671875000000001 0.734375 0.27812500000000007 0.7734375 0.27812500000000007
0 0.74375 0.10000000000000009 0.6859375 0.10000000000000009 0.6859375 0.14218750000000008 0.74375 0.14218750000000008
0 0.73125 0.3046875000000001 0.7015625 0.3046875000000001 0.7015625 0.3187500000000001 0.73125 0.3187500000000001
0 0.7015625 0.2640625000000001 0.675 0.2640625000000001 0.675 0.27812500000000007 0.7015625 0.27812500000000007
0 0.74375 0.5156250000000001 0.6890625 0.515625 0.6890625 0.5609375000000001 0.74375 0.5609375000000002
0 0.2515625000000001 0.521875 0.2328125000000001 0.521875 0.2328125000000001 0.56875 0.2515625000000001 0.56875
0 0.2531250000000001 0.575 0.2328125000000001 0.575 0.2328125000000001 0.7078125 0.2531250000000001 0.7078125
0 0.446875 0.525 0.2750000000000001 0.525 0.2750000000000001 0.559375 0.446875 0.559375
0 0.3281250000000001 0.51875 0.2750000000000001 0.51875 0.2750000000000001 0.5625 0.3281250000000001 0.5625
0 0.3984375000000001 0.559375 0.34843750000000007 0.559375 0.34843750000000007 0.675 0.3984375000000001 0.675
0 0.37187500000000007 0.5625 0.34843750000000007 0.5625 0.34843750000000007 0.6421875 0.37187500000000007 0.6421875
0 0.27812500000000007 0.7265625 0.2406250000000001 0.7265625 0.2406250000000001 0.7671875 0.27812500000000007 0.7671875
0 0.45625000000000016 0.7265625 0.2812500000000001 0.7265625 0.2812500000000001 0.7625 0.45625000000000016 0.7625
0 0.5890625 0.5609375 0.565625 0.5609375 0.565625 0.6734375 0.5890625 0.6734375
0 0.5453125 0.515625 0.4921875 0.515625 0.4921875 0.5609375 0.5453125 0.5609375
0 0.4671875 0.5265625 0.4484375 0.5265625 0.4484375 0.5671875 0.4671875 0.5671875
0 0.465625 0.578125 0.45 0.578125 0.45 0.7015625 0.465625 0.7015625
0 0.6609375 0.5359375 0.6453125 0.5359375 0.6453125 0.56875 0.6609375 0.56875
0 0.6640625 0.578125 0.64375 0.578125 0.64375 0.7046875 0.6640625 0.7046875
0 0.7281250000000001 0.7265625000000001 0.6968750000000001 0.7265625 0.6968750000000001 0.7640625000000001 0.7281250000000001 0.7640625000000002
0 0.6906250000000002 0.7265625 0.4984375000000002 0.7265625 0.4984375000000002 0.7609375 0.6906250000000002 0.7609375
0 0.665625 0.51875 0.49375 0.51875 0.49375 0.5390625 0.665625 0.5390625
0 0.8625 0.5140625000000001 0.690625 0.5140625 0.690625 0.5375000000000001 0.8625 0.5375000000000002
1 0.2390625000000001 0.6125 0.2234375000000001 0.6125 0.2234375000000001 0.6296875 0.2390625000000001 0.6296875
1 0.2390625000000001 0.6296875 0.2218750000000001 0.6296875 0.2218750000000001 0.64375 0.2390625000000001 0.64375
1 0.2390625000000001 0.659375 0.2234375000000001 0.659375 0.2234375000000001 0.675 0.2390625000000001 0.675
1 0.2390625000000001 0.6828125 0.2218750000000001 0.6828125 0.2218750000000001 0.6984375 0.2390625000000001 0.6984375
2 0.2406250000000001 0.6765625 0.23437500000000008 0.6765625 0.23437500000000008 0.684375 0.2406250000000001 0.684375
2 0.2296875000000001 0.6015625 0.2234375000000001 0.6015625 0.2234375000000001 0.6109375 0.2296875000000001 0.6109375
2 0.38750000000000007 0.734375 0.3765625000000001 0.734375 0.3765625000000001 0.75 0.38750000000000007 0.75
2 0.3656250000000001 0.7703125 0.3593750000000001 0.7703125 0.3593750000000001 0.7828125 0.3656250000000001 0.7828125
1 0.40625000000000017 0.7265625 0.3937500000000001 0.7265625 0.3937500000000001 0.7484375 0.40625000000000017 0.7484375
1 0.41718750000000016 0.7265625 0.4078125000000002 0.7265625 0.4078125000000002 0.75 0.41718750000000016 0.75
1 0.6281250000000002 0.7265625 0.6156250000000002 0.7265625 0.6156250000000002 0.7515625 0.6281250000000002 0.7515625
1 0.6421875000000001 0.7265625 0.6296875000000002 0.7265625 0.6296875000000002 0.75 0.6421875000000001 0.75
1 0.6687500000000002 0.759375 0.6562500000000002 0.759375 0.6562500000000002 0.784375 0.6687500000000002 0.784375
2 0.6078125000000002 0.7328125 0.6000000000000002 0.7328125 0.6000000000000002 0.7484375 0.6078125000000002 0.7484375
2 0.5906250000000002 0.7703125 0.5812500000000002 0.7703125 0.5812500000000002 0.7796875 0.5906250000000002 0.7796875
1 0.65 0.61875 0.634375 0.61875 0.634375 0.6328125 0.65 0.6328125
2 0.6390625 0.60625 0.6328125 0.60625 0.6328125 0.6171875 0.6390625 0.6171875
1 0.6484375 0.6625 0.6328125 0.6625 0.6328125 0.678125 0.6484375 0.678125
2 0.6484375 0.6484375 0.6359375 0.6484375 0.6359375 0.6625 0.6484375 0.6625
1 0.65 0.634375 0.634375 0.634375 0.634375 0.65 0.65 0.65
1 0.6484375 0.6828125 0.6328125 0.6828125 0.6328125 0.6921875 0.6484375 0.6921875
2 0.60625 0.50625 0.596875 0.50625 0.596875 0.5265625 0.60625 0.5265625
1 0.615625 0.503125 0.6078125 0.503125 0.6078125 0.525 0.615625 0.525
1 0.6328125 0.5015625 0.6203125 0.5015625 0.6203125 0.5265625 0.6328125 0.5265625
1 0.653125 0.5015625 0.64375 0.5015625 0.64375 0.525 0.653125 0.525
1 0.596875 0.5015625 0.5859375 0.5015625 0.5859375 0.525 0.596875 0.525
1 0.5734375 0.5015625 0.5671875 0.5015625 0.5671875 0.5234375 0.5734375 0.5234375
1 0.5828125 0.503125 0.571875 0.503125 0.571875 0.5234375 0.5828125 0.5234375
1 0.7765625 0.5015625000000001 0.7703125 0.5015625000000001 0.7703125 0.5234375000000002 0.7765625 0.5234375000000002
1 0.7859375 0.5000000000000002 0.775 0.5000000000000002 0.775 0.5234375000000002 0.7859375 0.5234375000000002
2 0.79375 0.5062500000000002 0.784375 0.5062500000000002 0.784375 0.5234375000000002 0.79375 0.5234375000000002
1 0.803125 0.5031250000000002 0.7953125 0.5031250000000002 0.7953125 0.5250000000000001 0.803125 0.5250000000000001
1 0.815625 0.5015625000000001 0.80625 0.5015625000000001 0.80625 0.5250000000000001 0.815625 0.5250000000000001
1 0.8359375 0.5000000000000002 0.8265625 0.5000000000000002 0.8265625 0.5234375000000002 0.8359375 0.5234375000000002
1 0.4328125 0.4515625 0.421875 0.4515625 0.421875 0.4796875 0.4328125 0.4796875
1 0.3968750000000001 0.5015625 0.3859375000000001 0.5015625 0.3859375000000001 0.525 0.3968750000000001 0.525
1 0.37187500000000007 0.5015625 0.3656250000000001 0.5015625 0.3656250000000001 0.5234375 0.37187500000000007 0.5234375
1 0.3812500000000001 0.5015625 0.37187500000000007 0.5015625 0.37187500000000007 0.525 0.3812500000000001 0.525
1 0.4140625 0.5015625 0.40625 0.5015625 0.40625 0.525 0.4140625 0.525
2 0.825 0.5140625000000002 0.815625 0.5140625000000002 0.815625 0.5203125000000002 0.825 0.5203125000000002
2 0.3484375 0.24375 0.3390625 0.24375 0.3390625 0.2671875 0.3484375 0.2671875
1 0.2515625 0.203125 0.2359375 0.203125 0.2359375 0.21875 0.2515625 0.21875
1 0.2515625 0.18750000000000006 0.234375 0.18750000000000006 0.234375 0.203125 0.2515625 0.203125
2 0.24375 0.17500000000000004 0.2359375 0.17500000000000004 0.2359375 0.18593750000000003 0.24375 0.18593750000000003
1 0.396875 0.08125000000000004 0.3875 0.08125000000000004 0.3875 0.10468750000000004 0.396875 0.10468750000000004
2 0.40625 0.09375000000000004 0.3984375 0.09375000000000004 0.3984375 0.10000000000000005 0.40625 0.10000000000000005
1 0.2515625 0.2328125 0.234375 0.2328125 0.234375 0.2484375 0.2515625 0.2484375
1 0.25 0.2578125 0.234375 0.2578125 0.234375 0.271875 0.25 0.271875
1 0.38125 0.24218750000000008 0.36875 0.24218750000000008 0.36875 0.2687500000000001 0.38125 0.2687500000000001
1 0.35625 0.2453125 0.35 0.2453125 0.35 0.2671875 0.35625 0.2671875
1 0.3671875 0.24375000000000005 0.35625 0.24375 0.35625 0.2671875 0.3671875 0.2671875000000001
1 0.3734375 0.08125000000000004 0.3671875 0.08125000000000004 0.3671875 0.10312500000000005 0.3734375 0.10312500000000005
1 0.384375 0.08125000000000004 0.3734375 0.08125000000000004 0.3734375 0.10312500000000005 0.384375 0.10312500000000005
1 0.4171875 0.08125000000000004 0.40625 0.08125000000000004 0.40625 0.10312500000000005 0.4171875 0.10312500000000005
2 0.38125 0.2953125000000001 0.3734375 0.2953125000000001 0.3734375 0.3046875000000001 0.38125 0.3046875000000001
1 0.4015625 0.28593750000000007 0.3890625 0.28593750000000007 0.3890625 0.3078125000000001 0.4015625 0.3078125000000001
1 0.415625 0.2828125000000001 0.403125 0.2828125000000001 0.403125 0.3078125000000001 0.415625 0.3078125000000001
2 0.365625 0.32500000000000007 0.353125 0.325 0.353125 0.33437500000000003 0.365625 0.3343750000000001
1 0.4671875 0.21250000000000008 0.453125 0.21250000000000008 0.453125 0.22656250000000008 0.4671875 0.22656250000000008
1 0.4671875 0.19375000000000003 0.45 0.19375000000000003 0.45 0.2093750000000001 0.4671875 0.2093750000000001
2 0.459375 0.18281250000000004 0.4515625 0.18281250000000004 0.4515625 0.19218750000000004 0.459375 0.19218750000000004
1 0.46875 0.24218750000000008 0.4515625 0.24218750000000008 0.4515625 0.25468750000000007 0.46875 0.25468750000000007
1 0.4671875 0.26250000000000007 0.4515625 0.26250000000000007 0.4515625 0.2734375000000001 0.4671875 0.2734375000000001
2 0.565625 0.24218750000000008 0.5546875 0.24218750000000008 0.5546875 0.2687500000000001 0.565625 0.2687500000000001
1 0.5984375 0.24218750000000008 0.5875 0.24218750000000008 0.5875 0.2671875000000001 0.5984375 0.2671875000000001
1 0.575 0.24375000000000008 0.5671875 0.24375000000000008 0.5671875 0.2671875000000001 0.575 0.2671875000000001
1 0.5828125 0.24375000000000008 0.5734375 0.24375000000000008 0.5734375 0.2671875000000001 0.5828125 0.2671875000000001
1 0.621875 0.28593750000000007 0.6125 0.28593750000000007 0.6125 0.3078125000000001 0.621875 0.3078125000000001
1 0.6375 0.2828125000000001 0.625 0.2828125000000001 0.625 0.3078125000000001 0.6375 0.3078125000000001
2 0.603125 0.2953125000000001 0.59375 0.2953125000000001 0.59375 0.3046875000000001 0.603125 0.3046875000000001
2 0.5875 0.32500000000000007 0.578125 0.32500000000000007 0.578125 0.3343750000000001 0.5875 0.3343750000000001
2 0.6546875 0.3156250000000001 0.6484375 0.3156250000000001 0.6484375 0.3421875000000001 0.6546875 0.3421875000000001
1 0.6671875 0.3140625000000001 0.653125 0.3140625000000001 0.653125 0.34062500000000007 0.6671875 0.34062500000000007
2 0.671875 0.3140625000000001 0.6640625 0.3140625000000001 0.6640625 0.34062500000000007 0.671875 0.34062500000000007
2 0.7671875 0.2468750000000001 0.7546875 0.2468750000000001 0.7546875 0.27031250000000007 0.7671875 0.27031250000000007
1 0.6640625 0.2093750000000001 0.6484375 0.2093750000000001 0.6484375 0.2218750000000001 0.6640625 0.2218750000000001
1 0.6640625 0.1921875000000001 0.65 0.1921875000000001 0.65 0.2078125000000001 0.6640625 0.2078125000000001
2 0.65625 0.17968750000000008 0.6484375 0.17968750000000008 0.6484375 0.1906250000000001 0.65625 0.1906250000000001
2 0.665625 0.2218750000000001 0.6546875 0.2218750000000001 0.6546875 0.2375000000000001 0.665625 0.2375000000000001
1 0.665625 0.2390625000000001 0.6484375 0.2390625000000001 0.6484375 0.2515625000000001 0.665625 0.2515625000000001
1 0.6640625 0.2609375000000001 0.646875 0.2609375000000001 0.646875 0.2734375000000001 0.6640625 0.2734375000000001
1 0.653125 0.07968750000000009 0.6421875 0.07968750000000009 0.6421875 0.10312500000000009 0.653125 0.10312500000000009
1 0.63125 0.07968750000000006 0.6203125 0.07968750000000006 0.6203125 0.10312500000000009 0.63125 0.10312500000000009
1 0.778125 0.07968750000000009 0.771875 0.07968750000000009 0.771875 0.10156250000000008 0.778125 0.10156250000000008
1 0.7859375 0.07968750000000009 0.7765625 0.07968750000000009 0.7765625 0.10312500000000009 0.7859375 0.10312500000000009
1 0.80625 0.0828125000000001 0.7984375 0.0828125000000001 0.7984375 0.10156250000000008 0.80625 0.10156250000000008
1 0.81875 0.0812500000000001 0.809375 0.08125000000000009 0.809375 0.10468750000000009 0.81875 0.10468750000000009
1 0.8375 0.08125000000000011 0.828125 0.08125000000000011 0.828125 0.10156250000000008 0.8375 0.10156250000000008
1 0.615625 0.07968750000000006 0.609375 0.07968750000000006 0.609375 0.10312500000000009 0.615625 0.10312500000000009
1 0.5984375 0.07968750000000006 0.5875 0.07968750000000006 0.5875 0.10468750000000009 0.5984375 0.10468750000000009
1 0.5734375 0.08281250000000007 0.5671875 0.08281250000000007 0.5671875 0.10156250000000008 0.5734375 0.10156250000000008
1 0.584375 0.07968750000000006 0.5734375 0.07968750000000006 0.5734375 0.10312500000000009 0.584375 0.10312500000000009
1 0.446875 0.03281250000000006 0.440625 0.03281250000000006 0.440625 0.05468750000000004 0.446875 0.05468750000000004
1 0.4546875 0.6125 0.4390625 0.6125 0.4390625 0.6296875 0.4546875 0.6296875
2 0.4453125 0.6 0.4390625 0.6 0.4390625 0.609375 0.4453125 0.609375
1 0.4546875 0.628125 0.4390625 0.628125 0.4390625 0.64375 0.4546875 0.64375
1 0.4546875 0.6578125 0.4375 0.6578125 0.4375 0.671875 0.4546875 0.671875
1 0.4546875 0.6796875 0.4375 0.6796875 0.4375 0.69375 0.4546875 0.69375