0 0.55625 0.11875000000000009 0.5453125 0.11875000000000009 0.5453125 0.4703125 0.55625 0.4703125
0 0.265625 0.06406250000000002 0.253125 0.06406250000000002 0.253125 0.10937500000000004 0.265625 0.10937500000000004
0 0.265625 0.16875000000000004 0.253125 0.16875000000000004 0.253125 0.2765625 0.265625 0.2765625
0 0.26406250000000003 0.29375 0.25625 0.29375 0.25625000000000003 0.3734375 0.2640625000000001 0.3734375
0 0.26250000000000007 0.3859375 0.25468750000000007 0.3859375 0.25468750000000007 0.465625 0.26250000000000007 0.465625
0 0.2640625000000001 0.475 0.2531250000000001 0.475 0.2531250000000001 0.5484375 0.2640625000000001 0.5484375
0 0.4828125 0.584375 0.3218750000000001 0.584375 0.3218750000000001 0.6015625 0.4828125 0.6015625
0 0.53125 0.11875000000000005 0.515625 0.11875000000000005 0.515625 0.3500000000000001 0.53125 0.3500000000000001
0 0.4453125 0.01875000000000005 0.359375 0.018750000000000044 0.359375 0.03750000000000005 0.4453125 0.037500000000000054
0 0.4375 0.07031250000000004 0.365625 0.07031250000000004 0.365625 0.08750000000000005 0.4375 0.08750000000000005
0 0.4875 5.884045167778298e-17 0.4734375 5.79793718971325e-17 0.4734375 0.11250000000000004 0.4875 0.11250000000000004
0 0.4515625 0.415625 0.3515625000000001 0.415625 0.3515625000000001 0.4296875 0.4515625 0.4296875
0 0.665625 0.17343750000000008 0.6515625 0.17343750000000008 0.6515625 0.25468750000000007 0.665625 0.25468750000000007
2 0.4765625 0.17812500000000003 0.45 0.17812500000000003 0.45 0.2234375000000001 0.4765625 0.2234375000000001
1 0.2890625 0.17187500000000006 0.2640625 0.17187500000000006 0.2640625 0.2 0.2890625 0.2
1 0.6796875 0.6890625 0.6484375 0.6890625 0.6484375 0.7203125 0.6796875 0.7203125
1 0.6812500000000001 0.8046875 0.6500000000000001 0.8046875 0.6500000000000001 0.8296875 0.6812500000000001 0.8296875
1 0.6781250000000002 0.7640625 0.6468750000000002 0.7640625 0.6468750000000002 0.7921875 0.6781250000000002 0.7921875
1 0.6953125000000002 0.728125 0.6640625000000002 0.728125 0.6640625000000002 0.75625 0.6953125000000002 0.75625
1 0.6578125000000001 0.9171875 0.6437500000000002 0.9171875 0.6437500000000002 0.9421875 0.6578125000000001 0.9421875
1 0.6781250000000002 0.8765625 0.6484375000000002 0.8765625 0.6484375000000002 0.903125 0.6781250000000002 0.903125
1 0.6906250000000002 0.8390625 0.6593750000000002 0.8390625 0.6593750000000002 0.875 0.6906250000000002 0.875
1 0.8140625 0.7265625000000002 0.7781250000000002 0.7265625000000002 0.7781250000000002 0.7546875000000002 0.8140625 0.7546875000000002
1 0.796875 0.6843750000000002 0.7796875 0.6843750000000002 0.7796875 0.7187500000000002 0.796875 0.7187500000000002
1 0.825 0.6390625000000002 0.78125 0.6390625000000002 0.78125 0.6671875000000002 0.825 0.6671875000000002
1 0.8359375 0.80625 0.7875000000000002 0.80625 0.7875000000000002 0.83125 0.8359375 0.83125
1 0.846875 0.7671875000000001 0.8015625 0.7671875000000001 0.8015625 0.7968750000000002 0.846875 0.7968750000000002
1 0.8171875 0.8734375 0.7781250000000002 0.8734375 0.7781250000000002 0.90625 0.8171875 0.90625
0 0.5781250000000001 0.6703125 0.5640625 0.6703125 0.5640625000000001 0.9984375 0.5781250000000002 0.9984375
0 0.2515625000000001 0.69375 0.24218750000000008 0.69375 0.24218750000000008 0.9671875 0.2515625000000001 0.9671875