2 0.8609375 0.009375000000000104 0.8484375 0.009375000000000102 0.8484375 0.09687500000000011 0.8609375 0.09687500000000011
2 0.8890625 0.031250000000000104 0.85625 0.0312500000000001 0.85625 0.08125000000000011 0.8890625 0.08125000000000011
2 0.8390625 0.0203125000000001 0.790625 0.020312500000000094 0.790625 0.0796875000000001 0.8390625 0.0796875000000001
2 0.9046875 0.01093750000000011 0.8921875 0.010937500000000109 0.8921875 0.10156250000000008 0.9046875 0.10156250000000008
1 0.5703125 0.12500000000000008 0.5578125 0.12500000000000008 0.5578125 0.15781250000000008 0.5703125 0.15781250000000008
2 0.584375 0.12500000000000008 0.5703125 0.12500000000000008 0.5703125 0.1437500000000001 0.584375 0.1437500000000001
0 0.2765625 0.08906250000000003 0.1984375 0.08906250000000002 0.1984375 0.15000000000000005 0.2765625 0.15000000000000005
2 0.2734375 0.06718750000000004 0.2625 0.06718750000000002 0.2625 0.08593750000000003 0.2734375 0.08593750000000004
2 0.5375 0.12968750000000004 0.528125 0.12968750000000004 0.528125 0.15000000000000005 0.5375 0.15000000000000005
0 0.225 0.17031250000000003 0.1921875 0.17031250000000003 0.1921875 0.3296875 0.225 0.3296875
0 0.3125 0.14375000000000004 0.2875 0.14375000000000004 0.2875 0.18906250000000005 0.3125 0.18906250000000005
0 0.3734375 0.13750000000000004 0.334375 0.13750000000000004 0.334375 0.19218750000000004 0.3734375 0.19218750000000004
0 0.621875 0.15937500000000007 0.50625 0.15937500000000004 0.50625 0.19843750000000007 0.621875 0.1984375000000001
0 0.6515625 0.2000000000000001 0.6015625 0.2000000000000001 0.6015625 0.31718750000000007 0.6515625 0.31718750000000007
0 0.6046875 0.3109375000000001 0.453125 0.3109375000000001 0.453125 0.3843750000000001 0.6046875 0.3843750000000001
0 0.28125000000000006 0.3515625 0.2234375 0.3515625 0.22343750000000004 0.415625 0.2812500000000001 0.415625
0 0.603125 0.35000000000000003 0.278125 0.35 0.27812500000000007 0.425 0.603125 0.425
0 0.846875 0.17187500000000008 0.7921875 0.17187500000000008 0.7921875 0.3609375000000001 0.846875 0.3609375000000001
0 0.7921875 0.3531250000000001 0.6765625 0.3531250000000001 0.6765625 0.4234375000000001 0.7921875 0.4234375000000002
1 0.2015625 0.2328125 0.17500000000000004 0.2328125 0.17500000000000004 0.2578125 0.2015625 0.2578125
1 0.203125 0.2234375 0.18906250000000005 0.2234375 0.18906250000000005 0.234375 0.203125 0.234375
1 0.2515625 0.059375000000000025 0.23125 0.059375000000000025 0.23125 0.09218750000000002 0.2515625 0.09218750000000002
1 0.2640625 0.06718750000000002 0.24375 0.06718750000000002 0.24375 0.09687500000000002 0.2640625 0.09687500000000002
1 0.2984375 0.12656250000000005 0.2875 0.12656250000000005 0.2875 0.15937500000000004 0.2984375 0.15937500000000004
1 0.3328125 0.10625000000000004 0.3171875 0.10625000000000004 0.3171875 0.14062500000000006 0.3328125 0.14062500000000006
1 0.26093750000000004 0.3515625 0.24375 0.3515625 0.24375000000000005 0.3828125 0.2609375000000001 0.3828125
1 0.4125 0.3515625000000001 0.4 0.3515625000000001 0.4 0.3906250000000001 0.4125 0.3906250000000001
1 0.525 0.3187500000000001 0.5140625 0.3187500000000001 0.5140625 0.3593750000000001 0.525 0.3593750000000001
1 0.5375 0.3343750000000001 0.5265625 0.3343750000000001 0.5265625 0.3593750000000001 0.5375 0.3593750000000001
1 0.5515625 0.12656250000000008 0.540625 0.12656250000000005 0.540625 0.15937500000000007 0.5515625 0.1593750000000001
1 0.525 0.12812500000000004 0.509375 0.12812500000000004 0.509375 0.15781250000000005 0.525 0.15781250000000005
1 0.6328125 0.2468750000000001 0.6078125 0.2468750000000001 0.6078125 0.2750000000000001 0.6328125 0.2750000000000001
1 0.3625 0.10781250000000005 0.35 0.10781250000000005 0.35 0.13593750000000004 0.3625 0.13593750000000004
1 0.3734375 0.10781250000000005 0.3625 0.10781250000000005 0.3625 0.13906250000000003 0.3734375 0.13906250000000003
1 0.346875 0.11718750000000004 0.3328125 0.11718750000000004 0.3328125 0.14218750000000005 0.346875 0.14218750000000005
1 0.8234375 0.2765625000000001 0.7984375 0.2765625000000001 0.7984375 0.3000000000000001 0.8234375 0.3000000000000001
1 0.73125 0.3578125000000001 0.7171875 0.3578125000000001 0.7171875 0.3937500000000001 0.73125 0.3937500000000001
2 0.725 0.41875 0.7109375 0.41875 0.7109375 0.46875 0.725 0.46875
1 0.68125 0.4203125 0.6671875 0.4203125 0.6671875 0.4625 0.68125 0.4625
1 0.690625 0.44375 0.68125 0.44375 0.68125 0.4703125 0.690625 0.4703125
2 0.7109375 0.434375 0.6984375 0.434375 0.6984375 0.45 0.7109375 0.45
1 0.8484375 0.42968750000000017 0.834375 0.42968750000000017 0.834375 0.4656250000000002 0.8484375 0.4656250000000002
1 0.8046875 0.4265625000000002 0.79375 0.4265625000000002 0.79375 0.46406250000000016 0.8046875 0.46406250000000016
1 0.81875 0.42500000000000016 0.8078125 0.42500000000000016 0.8078125 0.46093750000000017 0.81875 0.46093750000000017
1 0.7875 0.42500000000000016 0.7734375 0.42500000000000016 0.7734375 0.46093750000000017 0.7875 0.46093750000000017
1 0.753125 0.42500000000000016 0.740625 0.42500000000000016 0.740625 0.46093750000000017 0.753125 0.46093750000000017
1 0.7375 0.4234375000000001 0.721875 0.4234375 0.721875 0.4609375000000001 0.7375 0.46093750000000017
2 0.828125 0.4234375000000002 0.8171875 0.4234375000000002 0.8171875 0.46875000000000017 0.828125 0.46875000000000017
1 0.828125 1.0045930774255631e-16 0.8125 9.950255243072244e-17 0.8125 0.0203125000000001 0.828125 0.0203125000000001
1 0.809375 9.83544460565218e-17 0.796875 9.758904180705471e-17 0.796875 0.0171875000000001 0.809375 0.0171875000000001
1 0.790625 9.577120671457036e-17 0.7734375 9.47187758715531e-17 0.7734375 0.017187500000000095 0.790625 0.017187500000000095
1 0.7734375 9.366634502853585e-17 0.75625 9.26139141855186e-17 0.75625 0.014062500000000094 0.7734375 0.014062500000000094
1 0.546875 0.5734375 0.5265625 0.5734375 0.5265625 0.6078125 0.546875 0.6078125
1 0.6234375 0.575 0.609375 0.575 0.609375 0.6109375 0.6234375 0.6109375
1 0.6453125 0.5765625 0.6265625 0.5765625 0.6265625 0.6078125 0.6453125 0.6078125
1 0.7140625 0.5734375 0.703125 0.5734375 0.703125 0.6078125 0.7140625 0.6078125
1 0.73125 0.5765625000000001 0.7171875 0.5765625 0.7171875 0.6093750000000001 0.73125 0.6093750000000002
1 0.803125 0.5828125000000002 0.7890625 0.5828125000000002 0.7890625 0.6125000000000002 0.803125 0.6125000000000002
1 0.8203125 0.5765625000000002 0.803125 0.5765625000000002 0.803125 0.6109375000000001 0.8203125 0.6109375000000001
1 0.8890625 0.5828125000000002 0.8796875 0.5828125000000002 0.8796875 0.6171875000000002 0.8890625 0.6171875000000002
1 0.90625 0.5828125000000002 0.890625 0.5828125000000002 0.890625 0.6171875000000002 0.90625 0.6171875000000002
1 0.5093750000000001 0.7046875 0.5 0.7046875 0.5000000000000001 0.7375 0.5093750000000001 0.7375
1 0.5109375000000002 0.7484375 0.5000000000000002 0.7484375 0.5000000000000002 0.7828125 0.5109375000000002 0.7828125
1 0.5078125000000002 0.790625 0.5031250000000002 0.790625 0.5031250000000002 0.8234375 0.5078125000000002 0.8234375
1 0.5109375000000002 0.834375 0.4968750000000002 0.834375 0.4968750000000002 0.86875 0.5109375000000002 0.86875
1 0.5359375000000002 0.8328125 0.5203125000000002 0.8328125 0.5203125000000002 0.8671875 0.5359375000000002 0.8671875
1 0.5296875000000002 0.7890625 0.5156250000000002 0.7890625 0.5156250000000002 0.825 0.5296875000000002 0.825
1 0.5546875000000001 0.7015625 0.5375 0.7015625 0.5375000000000001 0.7359375 0.5546875000000002 0.7359375
1 0.5359375000000001 0.70625 0.521875 0.70625 0.5218750000000001 0.7375 0.5359375000000002 0.7375
1 0.6000000000000001 0.70625 0.5921875 0.70625 0.5921875000000001 0.740625 0.6000000000000002 0.740625
2 0.6093750000000002 0.73125 0.6031250000000001 0.73125 0.6031250000000001 0.746875 0.6093750000000002 0.746875
1 0.6265625000000001 0.7046875 0.6125 0.7046875 0.6125 0.7390625 0.6265625000000001 0.7390625
1 0.6000000000000002 0.753125 0.5906250000000002 0.753125 0.5906250000000002 0.7828125 0.6000000000000002 0.7828125
1 0.5984375000000002 0.7953125 0.5906250000000002 0.7953125 0.5906250000000002 0.828125 0.5984375000000002 0.828125
1 0.6000000000000002 0.8359375 0.5875000000000001 0.8359375 0.5875000000000001 0.871875 0.6000000000000002 0.871875
1 0.6171875000000002 0.79375 0.6046875000000002 0.79375 0.6046875000000002 0.8296875 0.6171875000000002 0.8296875
2 0.6093750000000002 0.859375 0.6015625000000002 0.859375 0.6015625000000002 0.875 0.6093750000000002 0.875
1 0.6265625000000001 0.8328125 0.6109375000000001 0.8328125 0.6109375000000001 0.8703125 0.6265625000000001 0.8703125
1 0.6421875000000001 0.746875 0.6265625000000001 0.746875 0.6265625000000001 0.784375 0.6421875000000001 0.784375
2 0.6093750000000002 0.7734375 0.6031250000000001 0.7734375 0.6031250000000001 0.784375 0.6093750000000002 0.784375
1 0.6265625000000001 0.7515625 0.6109375000000001 0.7515625 0.6109375000000001 0.784375 0.6265625000000001 0.784375
1 0.6890625000000001 0.7078125 0.68125 0.7078125 0.6812500000000001 0.740625 0.6890625000000001 0.740625
1 0.6906250000000002 0.7484375 0.6812500000000001 0.7484375 0.6812500000000001 0.784375 0.6906250000000002 0.784375
1 0.6890625000000001 0.7984375 0.6812500000000001 0.7984375 0.6812500000000001 0.83125 0.6890625000000001 0.83125
1 0.6921875000000002 0.8375 0.6750000000000002 0.8375 0.6750000000000002 0.8703125 0.6921875000000002 0.8703125
2 0.7000000000000002 0.7296875 0.6921875000000002 0.7296875 0.6921875000000002 0.7484375 0.7000000000000002 0.7484375
1 0.7140625 0.70625 0.7 0.70625 0.7000000000000001 0.7421875 0.7140625000000002 0.7421875
1 0.7312500000000001 0.7078125000000001 0.71875 0.7078125 0.7187500000000001 0.7421875000000001 0.7312500000000002 0.7421875000000002
2 0.6984375000000002 0.775 0.6937500000000002 0.775 0.6937500000000002 0.7890625 0.6984375000000002 0.7890625
1 0.7156250000000002 0.7515625 0.7000000000000002 0.7515625 0.7000000000000002 0.784375 0.7156250000000002 0.784375
1 0.7312500000000002 0.7484375000000001 0.7171875000000002 0.7484375 0.7171875000000002 0.784375 0.7312500000000002 0.7843750000000002
1 0.7078125000000002 0.7953125 0.6921875000000002 0.7953125 0.6921875000000002 0.83125 0.7078125000000002 0.83125
2 0.7000000000000002 0.85625 0.6921875000000002 0.85625 0.6921875000000002 0.8734375 0.7000000000000002 0.8734375
1 0.7171875000000002 0.8390625 0.7000000000000002 0.8390625 0.7000000000000002 0.8703125 0.7171875000000002 0.8703125
1 0.7812500000000001 0.7093750000000002 0.765625 0.7093750000000002 0.7656250000000001 0.7437500000000001 0.7812500000000002 0.7437500000000001
2 0.7890625000000002 0.7781250000000002 0.7781250000000002 0.7781250000000002 0.7781250000000002 0.7890625000000002 0.7890625000000002 0.7890625000000002
1 0.803125 0.7531250000000002 0.7875000000000002 0.7531250000000002 0.7875000000000002 0.7875000000000002 0.803125 0.7875000000000002
1 0.7781250000000002 0.7515625000000001 0.7687500000000002 0.7515625000000001 0.7687500000000002 0.7890625000000002 0.7781250000000002 0.7890625000000002
1 0.871875 0.7109375000000002 0.8546875 0.7109375000000002 0.8546875 0.7468750000000002 0.871875 0.7468750000000002
2 0.8765625 0.7812500000000002 0.8703125 0.7812500000000002 0.8703125 0.7953125000000002 0.8765625 0.7953125000000002
1 0.8921875 0.7546875000000002 0.8765625 0.7546875000000002 0.8765625 0.7921875000000002 0.8921875 0.7921875000000002
1 0.8640625 0.7578125000000002 0.8578125 0.7578125000000002 0.8578125 0.7906250000000001 0.8640625 0.7906250000000001
1 0.7796875000000002 0.7984375000000001 0.7640625000000002 0.7984375000000001 0.7640625000000002 0.8328125 0.7796875000000002 0.8328125
1 0.7968750000000002 0.7968750000000002 0.7812500000000002 0.7968750000000002 0.7812500000000002 0.8328125 0.7968750000000002 0.8328125
2 0.7875000000000002 0.8625 0.7812500000000002 0.8625 0.7812500000000002 0.878125 0.7875000000000002 0.878125
1 0.803125 0.8375 0.7875000000000002 0.8375 0.7875000000000002 0.8734375 0.803125 0.8734375
1 0.7796875000000002 0.840625 0.7640625000000002 0.840625 0.7640625000000002 0.875 0.7796875000000002 0.875
1 0.86875 0.8 0.8546875 0.8 0.8546875 0.8328125 0.86875 0.8328125
1 0.884375 0.80625 0.8703125 0.80625 0.8703125 0.834375 0.884375 0.834375
1 0.865625 0.84375 0.85625 0.84375 0.85625 0.875 0.865625 0.875
1 0.8828125 0.8421875 0.8703125 0.8421875 0.8703125 0.8765625 0.8828125 0.8765625
1 0.5093750000000001 0.91875 0.5000000000000002 0.91875 0.5000000000000002 0.95625 0.5093750000000001 0.95625
1 0.5109375000000002 0.9671875 0.4968750000000002 0.9671875 0.4968750000000002 0.9984375 0.5109375000000002 0.9984375
1 0.5515625000000002 0.921875 0.5359375000000002 0.921875 0.5359375000000002 0.9578125 0.5515625000000002 0.9578125
1 0.5250000000000001 0.925 0.5140625000000002 0.925 0.5140625000000002 0.9546875 0.5250000000000001 0.9546875
1 0.5515625000000002 0.9671875 0.5375000000000002 0.9671875 0.5375000000000002 1 0.5515625000000002 1
1 0.5328125000000001 0.9671875 0.5171875000000001 0.9671875 0.5171875000000001 1 0.5328125000000001 1
1 0.5984375000000002 0.9234375 0.5875000000000001 0.9234375 0.5875000000000001 0.9578125 0.5984375000000002 0.9578125
1 0.6015625000000002 0.9671875 0.5859375000000002 0.9671875 0.5859375000000002 1 0.6015625000000002 1
1 0.6171875000000002 0.9203125 0.6031250000000001 0.9203125 0.6031250000000001 0.9578125 0.6171875000000002 0.9578125
2 0.6093750000000002 0.99375 0.6000000000000002 0.99375 0.6000000000000002 1 0.6093750000000002 1
1 0.6218750000000002 0.96875 0.6109375000000001 0.96875 0.6109375000000001 1 0.6218750000000002 1
2 0.6218750000000002 0.946875 0.6171875000000002 0.946875 0.6171875000000002 0.9625 0.6218750000000002 0.9625
1 0.6375000000000002 0.9234375 0.6250000000000002 0.9234375 0.6250000000000002 0.95625 0.6375000000000002 0.95625
1 0.6390625000000002 0.96875 0.6250000000000002 0.96875 0.6250000000000002 1 0.6390625000000002 1
1 0.6921875000000002 0.925 0.6750000000000002 0.925 0.6750000000000002 0.959375 0.6921875000000002 0.959375
1 0.6921875000000002 0.9671875 0.6750000000000002 0.9671875 0.6750000000000002 1 0.6921875000000002 1
1 0.7062500000000002 0.928125 0.6937500000000002 0.928125 0.6937500000000002 0.9578125 0.7062500000000002 0.9578125
2 0.6968750000000001 0.9890625 0.6921875000000002 0.9890625 0.6921875000000002 1 0.6968750000000001 1
1 0.7140625000000002 0.96875 0.6984375000000002 0.96875 0.6984375000000002 1 0.7140625000000002 1
2 0.7125000000000001 0.9515625 0.7078125000000002 0.9515625 0.7078125000000002 0.9640625 0.7125000000000001 0.9640625
1 0.7296875000000002 0.928125 0.7140625000000002 0.928125 0.7140625000000002 0.9609375 0.7296875000000002 0.9609375
1 0.7281250000000001 0.9671875 0.7140625000000002 0.9671875 0.7140625000000002 1 0.7281250000000001 1
1 0.9046875 0.9296875 0.890625 0.9296875 0.890625 0.965625 0.9046875 0.965625
1 0.8828125 0.928125 0.86875 0.928125 0.86875 0.9640625 0.8828125 0.9640625
1 0.8671875 0.93125 0.853125 0.93125 0.853125 0.9625 0.8671875 0.9625
1 0.7765625000000002 0.928125 0.7640625000000002 0.928125 0.7640625000000002 0.959375 0.7765625000000002 0.959375
1 0.7781250000000002 0.9703125 0.7625000000000002 0.9703125 0.7625000000000002 1 0.7781250000000002 1
1 0.7937500000000002 0.925 0.7812500000000002 0.925 0.7812500000000002 0.959375 0.7937500000000002 0.959375
1 0.8 0.971875 0.7859375000000002 0.971875 0.7859375000000002 1 0.8 1
1 0.8171875 0.9265625 0.803125 0.9265625 0.803125 0.9625 0.8171875 0.9625
1 0.815625 0.9703125 0.8015625 0.9703125 0.8015625 1 0.815625 1
1 0.86875 0.9703125 0.8515625 0.9703125 0.8515625 1 0.86875 1
1 0.8875 0.975 0.875 0.975 0.875 1 0.8875 1
1 0.90625 0.9734375 0.890625 0.9734375 0.890625 1 0.90625 1
2 0.5203125000000002 0.7296875 0.5125000000000002 0.7296875 0.5125000000000002 0.740625 0.5203125000000002 0.740625
2 0.5187500000000002 0.8578125 0.5125000000000002 0.8578125 0.5125000000000002 0.875 0.5187500000000002 0.875
2 0.5343750000000002 0.9484375 0.5265625000000002 0.9484375 0.5265625000000002 0.959375 0.5343750000000002 0.959375
2 0.5203125000000002 0.990625 0.5125000000000002 0.990625 0.5125000000000002 1 0.5203125000000002 1
1 0.3703125000000001 0.56875 0.35625000000000007 0.56875 0.35625000000000007 0.6 0.3703125000000001 0.6