0 0.7046875 0.2000000000000001 0.6484375 0.2000000000000001 0.6484375 0.3375000000000001 0.7046875 0.3375000000000001
0 0.653125 0.38281250000000006 0.22812500000000008 0.3828125 0.22812500000000008 0.475 0.653125 0.475
0 0.6515625 0.3375000000000001 0.3875 0.3375000000000001 0.38750000000000007 0.4296875 0.6515625 0.4296875
0 0.2484375000000001 0.3828125 0.18125000000000005 0.3828125 0.18125000000000005 0.46875 0.2484375000000001 0.46875
0 0.340625 0.203125 0.3203125 0.203125 0.3203125 0.325 0.340625 0.325
0 0.6687500000000001 0.6890625 0.5859375 0.6890625 0.5859375000000001 0.7484375 0.6687500000000002 0.7484375
0 0.6156250000000002 0.7375 0.2390625000000001 0.7375 0.2390625000000001 0.828125 0.6156250000000002 0.828125
0 0.9609375 0.3203125000000001 0.9078125 0.3203125000000001 0.9078125 0.5218750000000002 0.9609375 0.5218750000000002
0 0.875 0.5390625000000002 0.728125 0.5390625000000002 0.728125 0.6296875000000002 0.875 0.6296875000000002
0 0.8765625 0.5406250000000001 0.7953125 0.5406250000000001 0.7953125 0.5937500000000002 0.8765625 0.5937500000000002
0 0.94375 0.6953125000000002 0.903125 0.6953125000000002 0.903125 0.815625 0.94375 0.815625
1 0.765625 0.2015625000000001 0.75 0.2015625000000001 0.75 0.2328125000000001 0.765625 0.2328125000000001
1 0.7890625 0.20312500000000008 0.7765625 0.20312500000000008 0.7765625 0.2328125000000001 0.7890625 0.2328125000000001
1 0.80625 0.2000000000000001 0.790625 0.2000000000000001 0.790625 0.2312500000000001 0.80625 0.2312500000000001
1 0.8203125 0.2015625000000001 0.80625 0.2015625000000001 0.80625 0.2312500000000001 0.8203125 0.2312500000000001
1 0.84375 0.2000000000000001 0.8296875 0.2000000000000001 0.8296875 0.2312500000000001 0.84375 0.2312500000000001
1 0.8578125 0.2015625000000001 0.84375 0.2015625000000001 0.84375 0.2328125000000001 0.8578125 0.2328125000000001
1 0.871875 0.20312500000000008 0.859375 0.20312500000000008 0.859375 0.2328125000000001 0.871875 0.2328125000000001
1 0.896875 0.1984375000000001 0.8828125 0.1984375000000001 0.8828125 0.2312500000000001 0.896875 0.2312500000000001
1 0.909375 0.2000000000000001 0.896875 0.2000000000000001 0.896875 0.2312500000000001 0.909375 0.2312500000000001
1 0.9359375 0.19843750000000013 0.921875 0.19843750000000013 0.921875 0.2328125000000001 0.9359375 0.2328125000000001
1 0.9515625 0.2015625000000001 0.9359375 0.2015625000000001 0.9359375 0.2296875000000001 0.9515625 0.2296875000000001
1 0.684375 0.2609375000000001 0.665625 0.2609375000000001 0.665625 0.27812500000000007 0.684375 0.27812500000000007
1 0.5171875 0.3734375000000001 0.5046875 0.3734375000000001 0.5046875 0.3984375000000001 0.5171875 0.3984375000000001
1 0.3703125000000001 0.421875 0.35625000000000007 0.421875 0.35625000000000007 0.4453125 0.3703125000000001 0.4453125
1 0.21875000000000008 0.4296875 0.20312500000000008 0.4296875 0.20312500000000008 0.453125 0.21875000000000008 0.453125
1 0.42187500000000017 0.7703125 0.4078125000000002 0.7703125 0.4078125000000002 0.79375 0.42187500000000017 0.79375
1 0.4265625000000002 0.7765625 0.4203125000000002 0.7765625 0.4203125000000002 0.79375 0.4265625000000002 0.79375
1 0.6468750000000001 0.7140625 0.6390625 0.7140625 0.6390625000000001 0.7328125 0.6468750000000002 0.7328125
1 0.6531250000000001 0.7203125 0.646875 0.7203125 0.6468750000000001 0.73125 0.6531250000000002 0.73125
1 0.9328125 0.7062500000000002 0.915625 0.7062500000000002 0.915625 0.7218750000000002 0.9328125 0.7218750000000002
1 0.9328125 0.6968750000000001 0.921875 0.6968750000000001 0.921875 0.7078125000000002 0.9328125 0.7078125000000002
1 0.8625 0.5890625000000002 0.8484375 0.5890625000000002 0.8484375 0.6109375000000001 0.8625 0.6109375000000001
1 0.8609375 0.5625000000000002 0.8515625 0.5625000000000002 0.8515625 0.5750000000000002 0.8609375 0.5750000000000002
1 0.8546875 0.5531250000000002 0.84375 0.5531250000000002 0.84375 0.5750000000000002 0.8546875 0.5750000000000002
1 0.9390625 0.42968750000000017 0.925 0.42968750000000017 0.925 0.4421875000000002 0.9390625 0.4421875000000002
1 0.9390625 0.41718750000000016 0.93125 0.41718750000000016 0.93125 0.4281250000000002 0.9390625 0.4281250000000002
1 0.31875 0.2640625 0.3046875 0.2640625 0.3046875 0.278125 0.31875 0.278125
1 0.31875 0.2546875 0.3046875 0.2546875 0.3046875 0.2609375 0.31875 0.2609375