0 0.6328125 0.2921875000000001 0.4546875 0.2921875000000001 0.4546875 0.3593750000000001 0.6328125 0.3593750000000001
0 0.6734375 0.3593750000000001 0.6328125 0.3593750000000001 0.6328125 0.459375 0.6734375 0.459375
0 0.825 0.48437500000000017 0.7375 0.48437500000000017 0.7375 0.5421875000000002 0.825 0.5421875000000002
0 0.6328125 0.4859375 0.3906250000000001 0.4859375 0.3906250000000001 0.540625 0.6328125 0.540625
0 0.3968750000000001 0.4875 0.3281250000000001 0.4875 0.3281250000000001 0.5390625 0.3968750000000001 0.5390625
0 0.3828125 0.290625 0.309375 0.290625 0.309375 0.32812500000000006 0.3828125 0.3281250000000001
0 0.32656250000000003 0.3296875 0.2890625 0.3296875 0.28906250000000006 0.4859375 0.3265625000000001 0.4859375
1 0.55 0.2750000000000001 0.5375 0.2750000000000001 0.5375 0.2968750000000001 0.55 0.2968750000000001
1 0.29375000000000007 0.4078125 0.2796875000000001 0.4078125 0.2796875000000001 0.421875 0.29375000000000007 0.421875
1 0.2953125000000001 0.390625 0.2796875000000001 0.390625 0.2796875000000001 0.40625 0.2953125000000001 0.40625
1 0.3484375 0.275 0.340625 0.275 0.340625 0.2953125 0.3484375 0.2953125
1 0.3656250000000001 0.50625 0.35625000000000007 0.50625 0.35625000000000007 0.528125 0.3656250000000001 0.528125
1 0.51875 0.503125 0.5078125 0.503125 0.5078125 0.5296875 0.51875 0.5296875
1 0.7859375 0.5109375000000002 0.771875 0.5109375000000002 0.771875 0.5296875000000002 0.7859375 0.5296875000000002
1 0.34062500000000007 0.63125 0.33281250000000007 0.63125 0.33281250000000007 0.6453125 0.34062500000000007 0.6453125
1 0.3359375000000001 0.6578125 0.3281250000000001 0.6578125 0.3281250000000001 0.671875 0.3359375000000001 0.671875
1 0.3359375000000001 0.6828125 0.3296875000000001 0.6828125 0.3296875000000001 0.696875 0.3359375000000001 0.696875
1 0.3359375000000001 0.7109375 0.3296875000000001 0.7109375 0.3296875000000001 0.7234375 0.3359375000000001 0.7234375
1 0.3359375000000001 0.7359375 0.3281250000000001 0.7359375 0.3281250000000001 0.75 0.3359375000000001 0.75
1 0.3453125000000001 0.6578125 0.3390625000000001 0.6578125 0.3390625000000001 0.671875 0.3453125000000001 0.671875
1 0.3468750000000001 0.6828125 0.34062500000000007 0.6828125 0.34062500000000007 0.696875 0.3468750000000001 0.696875
1 0.3437500000000001 0.709375 0.3375000000000001 0.709375 0.3375000000000001 0.725 0.3437500000000001 0.725
1 0.3453125000000001 0.7359375 0.3390625000000001 0.7359375 0.3390625000000001 0.7515625 0.3453125000000001 0.7515625
1 0.3750000000000001 0.7359375 0.3671875000000001 0.7359375 0.3671875000000001 0.75 0.3750000000000001 0.75
1 0.3703125000000001 0.7109375 0.3656250000000001 0.7109375 0.3656250000000001 0.725 0.3703125000000001 0.725
1 0.37968750000000007 0.709375 0.37187500000000007 0.709375 0.37187500000000007 0.7234375 0.37968750000000007 0.7234375
1 0.3703125000000001 0.684375 0.36406250000000007 0.684375 0.36406250000000007 0.6984375 0.3703125000000001 0.6984375
1 0.3812500000000001 0.6828125 0.3750000000000001 0.6828125 0.3750000000000001 0.696875 0.3812500000000001 0.696875
1 0.3765625000000001 0.659375 0.3671875000000001 0.659375 0.3671875000000001 0.671875 0.3765625000000001 0.671875
1 0.37187500000000007 0.63125 0.3625000000000001 0.63125 0.3625000000000001 0.6453125 0.37187500000000007 0.6453125
1 0.37968750000000007 0.63125 0.3750000000000001 0.63125 0.3750000000000001 0.6453125 0.37968750000000007 0.6453125
1 0.4046875 0.6296875 0.4 0.6296875 0.4 0.6453125 0.4046875 0.6453125
1 0.40625 0.65625 0.3984375000000001 0.65625 0.3984375000000001 0.671875 0.40625 0.671875
1 0.4109375 0.6828125 0.4015625 0.6828125 0.4015625 0.696875 0.4109375 0.696875
1 0.4062500000000001 0.7109375 0.4 0.7109375 0.4000000000000001 0.7265625 0.40625000000000017 0.7265625
1 0.4046875000000002 0.7359375 0.4000000000000002 0.7359375 0.4000000000000002 0.7515625 0.4046875000000002 0.7515625
1 0.4156250000000002 0.7359375 0.40937500000000016 0.7359375 0.40937500000000016 0.75 0.4156250000000002 0.75
1 0.415625 0.63125 0.409375 0.63125 0.409375 0.646875 0.415625 0.646875
1 0.4171875 0.6578125 0.409375 0.6578125 0.409375 0.6703125 0.4171875 0.6703125
1 0.4140625 0.7078125 0.40625 0.7078125 0.40625 0.725 0.4140625 0.725
1 0.440625 0.63125 0.434375 0.63125 0.434375 0.64375 0.440625 0.64375
1 0.45 0.63125 0.44375 0.63125 0.44375 0.64375 0.45 0.64375
1 0.4453125 0.6578125 0.4375 0.6578125 0.4375 0.671875 0.4453125 0.671875
1 0.440625 0.6828125 0.4328125 0.6828125 0.4328125 0.6984375 0.440625 0.6984375
1 0.440625 0.709375 0.4359375 0.709375 0.4359375 0.725 0.440625 0.725
1 0.4390625000000002 0.734375 0.4343750000000002 0.734375 0.4343750000000002 0.7515625 0.4390625000000002 0.7515625
1 0.4500000000000002 0.734375 0.4437500000000002 0.734375 0.4437500000000002 0.75 0.4500000000000002 0.75
1 0.446875 0.709375 0.4421875 0.709375 0.4421875 0.725 0.446875 0.725
1 0.45 0.684375 0.4421875 0.684375 0.4421875 0.6984375 0.45 0.6984375
1 0.4796875 0.63125 0.471875 0.63125 0.471875 0.6453125 0.4796875 0.6453125
1 0.34062500000000007 0.60625 0.3359375000000001 0.60625 0.3359375000000001 0.61875 0.34062500000000007 0.61875
1 0.3515625000000001 0.60625 0.3453125000000001 0.60625 0.3453125000000001 0.61875 0.3515625000000001 0.61875
1 0.3812500000000001 0.60625 0.3734375000000001 0.60625 0.3734375000000001 0.6203125 0.3812500000000001 0.6203125
1 0.4109375 0.60625 0.4046875 0.60625 0.4046875 0.6203125 0.4109375 0.6203125
1 0.4203125 0.603125 0.4140625 0.603125 0.4140625 0.61875 0.4203125 0.61875
1 0.45 0.60625 0.44375 0.60625 0.44375 0.61875 0.45 0.61875
1 0.48125 0.659375 0.4734375 0.659375 0.4734375 0.671875 0.48125 0.671875
1 0.4796875 0.68125 0.471875 0.68125 0.471875 0.7 0.4796875 0.7
1 0.4765625 0.709375 0.4703125 0.709375 0.4703125 0.7234375 0.4765625 0.7234375
1 0.47968750000000016 0.7359375 0.4703125000000002 0.7359375 0.4703125000000002 0.7515625 0.47968750000000016 0.7515625
1 0.4828125 0.709375 0.4765625 0.709375 0.4765625 0.7234375 0.4828125 0.7234375
1 0.5109375000000002 0.7359375 0.5031250000000002 0.7359375 0.5031250000000002 0.7515625 0.5109375000000002 0.7515625
1 0.5187500000000002 0.7359375 0.5125000000000002 0.7359375 0.5125000000000002 0.7515625 0.5187500000000002 0.7515625
1 0.509375 0.709375 0.5046875 0.709375 0.5046875 0.725 0.509375 0.725
1 0.5171875000000001 0.7109375 0.5109375 0.7109375 0.5109375 0.7265625 0.5171875000000001 0.7265625
1 0.5125 0.684375 0.5078125 0.684375 0.5078125 0.696875 0.5125 0.696875
1 0.515625 0.659375 0.50625 0.659375 0.50625 0.6734375 0.515625 0.6734375
1 0.509375 0.6296875 0.503125 0.6296875 0.503125 0.6453125 0.509375 0.6453125
1 0.51875 0.63125 0.5125 0.63125 0.5125 0.6453125 0.51875 0.6453125
1 0.4859375 0.60625 0.478125 0.60625 0.478125 0.6203125 0.4859375 0.6203125
1 0.5203125 0.6046875 0.5109375 0.6046875 0.5109375 0.61875 0.5203125 0.61875
1 0.5546875 0.60625 0.5484375 0.60625 0.5484375 0.61875 0.5546875 0.61875
1 0.5453125 0.63125 0.5390625 0.63125 0.5390625 0.6453125 0.5453125 0.6453125
1 0.553125 0.6296875 0.5453125 0.6296875 0.5453125 0.6453125 0.553125 0.6453125
1 0.55 0.65625 0.5421875 0.65625 0.5421875 0.671875 0.55 0.671875
1 0.5484375 0.6828125 0.5421875 0.6828125 0.5421875 0.6984375 0.5484375 0.6984375
1 0.6625 0.39531250000000007 0.64375 0.39531250000000007 0.64375 0.415625 0.6625 0.415625
1 0.5453125 0.7109375 0.5390625 0.7109375 0.5390625 0.7234375 0.5453125 0.7234375
1 0.5515625 0.709375 0.5453125 0.709375 0.5453125 0.7234375 0.5515625 0.7234375
1 0.5484375000000001 0.7328125 0.5421875000000002 0.7328125 0.5421875000000002 0.7515625 0.5484375000000001 0.7515625
1 0.5843750000000002 0.7375 0.5750000000000002 0.7375 0.5750000000000002 0.75 0.5843750000000002 0.75
1 0.6187500000000001 0.734375 0.6109375000000001 0.734375 0.6109375000000001 0.7515625 0.6187500000000001 0.7515625
1 0.6546875000000002 0.7359375 0.6453125000000002 0.7359375 0.6453125000000002 0.7515625 0.6546875000000002 0.7515625
1 0.6890625000000001 0.7359375 0.6796875000000002 0.7359375 0.6796875000000002 0.75 0.6890625000000001 0.75
1 0.5828125 0.684375 0.575 0.684375 0.575 0.6984375 0.5828125 0.6984375
1 0.5796875 0.7109375 0.5734375 0.7109375 0.5734375 0.7234375 0.5796875 0.7234375
1 0.5875 0.709375 0.5796875 0.709375 0.5796875 0.725 0.5875 0.725
1 0.584375 0.6578125 0.5765625 0.6578125 0.5765625 0.6734375 0.584375 0.6734375
1 0.5796875 0.6296875 0.5734375 0.6296875 0.5734375 0.646875 0.5796875 0.646875
1 0.5875 0.63125 0.5796875 0.63125 0.5796875 0.646875 0.5875 0.646875
1 0.590625 0.6046875 0.5828125 0.6046875 0.5828125 0.6203125 0.590625 0.6203125
1 0.6203125 0.6046875 0.6140625 0.6046875 0.6140625 0.6203125 0.6203125 0.6203125
1 0.615625 0.6296875 0.609375 0.6296875 0.609375 0.6453125 0.615625 0.6453125
1 0.621875 0.63125 0.615625 0.63125 0.615625 0.646875 0.621875 0.646875
1 0.6140625 0.659375 0.609375 0.659375 0.609375 0.6734375 0.6140625 0.6734375
1 0.6234375 0.65625 0.615625 0.65625 0.615625 0.671875 0.6234375 0.671875
1 0.61875 0.6828125 0.6125 0.6828125 0.6125 0.696875 0.61875 0.696875
1 0.6140625 0.7109375 0.609375 0.7109375 0.609375 0.7234375 0.6140625 0.7234375
1 0.621875 0.7109375 0.615625 0.7109375 0.615625 0.725 0.621875 0.725
1 0.65 0.63125 0.64375 0.63125 0.64375 0.6453125 0.65 0.6453125
1 0.6265625 0.60625 0.6203125 0.60625 0.6203125 0.61875 0.6265625 0.61875
1 0.6546875 0.60625 0.65 0.60625 0.65 0.621875 0.6546875 0.621875
1 0.6609375 0.60625 0.6546875 0.60625 0.6546875 0.6203125 0.6609375 0.6203125
1 0.6578125 0.63125 0.65 0.63125 0.65 0.6453125 0.6578125 0.6453125
1 0.6484375 0.6578125 0.64375 0.6578125 0.64375 0.6734375 0.6484375 0.6734375
1 0.6578125 0.659375 0.65 0.659375 0.65 0.671875 0.6578125 0.671875
1 0.6484375 0.684375 0.64375 0.684375 0.64375 0.6984375 0.6484375 0.6984375
1 0.65625 0.684375 0.65 0.684375 0.65 0.6984375 0.65625 0.6984375
1 0.6484375 0.7109375 0.6421875 0.7109375 0.6421875 0.7234375 0.6484375 0.7234375
1 0.65625 0.709375 0.65 0.709375 0.65 0.7234375 0.65625 0.7234375
1 0.6875 0.6046875 0.684375 0.6046875 0.684375 0.61875 0.6875 0.61875
1 0.696875 0.6046875 0.6890625 0.6046875 0.6890625 0.6203125 0.696875 0.6203125
1 0.684375 0.63125 0.678125 0.63125 0.678125 0.6453125 0.684375 0.6453125
1 0.690625 0.6296875 0.6859375 0.6296875 0.6859375 0.6453125 0.690625 0.6453125
1 0.6828125 0.65625 0.678125 0.65625 0.678125 0.6734375 0.6828125 0.6734375
1 0.6828125 0.6828125 0.678125 0.6828125 0.678125 0.6953125 0.6828125 0.6953125
1 0.684375 0.7109375 0.6765625 0.7109375 0.6765625 0.7234375 0.684375 0.7234375
1 0.69375 0.7109375 0.684375 0.7109375 0.684375 0.725 0.69375 0.725
1 0.690625 0.6828125 0.6859375 0.6828125 0.6859375 0.6984375 0.690625 0.6984375
1 0.6921875 0.6578125 0.684375 0.6578125 0.684375 0.671875 0.6921875 0.671875
1 0.7234375 0.6046875 0.7171875 0.6046875 0.7171875 0.6203125 0.7234375 0.6203125
1 0.73125 0.6046875 0.725 0.6046875 0.725 0.6203125 0.73125 0.6203125000000002
1 0.71875 0.63125 0.7125 0.63125 0.7125 0.6453125 0.71875 0.6453125
1 0.7265625 0.6296875000000001 0.7203125 0.6296875 0.7203125 0.6453125000000001 0.7265625 0.6453125000000002
1 0.7203125 0.6578125 0.7125 0.6578125 0.7125 0.671875 0.7203125 0.671875
1 0.725 0.6578125 0.7203125 0.6578125 0.7203125 0.6703125 0.725 0.6703125
1 0.71875 0.684375 0.7125 0.684375 0.7125 0.6984375 0.71875 0.6984375
1 0.7265625 0.6843750000000001 0.71875 0.684375 0.71875 0.6968750000000001 0.7265625 0.6968750000000001
1 0.7203125 0.7078125 0.7109375 0.7078125 0.7109375 0.7234375 0.7203125 0.7234375
1 0.725 0.709375 0.7203125 0.709375 0.7203125 0.7234375 0.725 0.7234375
1 0.7187500000000002 0.734375 0.7125000000000001 0.734375 0.7125000000000001 0.7515625 0.7187500000000002 0.7515625
1 0.7265625000000002 0.7359375000000001 0.7187500000000002 0.7359375 0.7187500000000002 0.7500000000000001 0.7265625000000002 0.7500000000000002
1 0.759375 0.6062500000000002 0.753125 0.6062500000000002 0.753125 0.6203125000000002 0.759375 0.6203125000000002
1 0.765625 0.6062500000000002 0.759375 0.6062500000000002 0.759375 0.6187500000000001 0.765625 0.6187500000000001
1 0.7546875 0.6312500000000002 0.746875 0.6312500000000002 0.746875 0.6453125000000002 0.7546875 0.6453125000000002
1 0.7609375 0.6296875000000002 0.7546875 0.6296875000000002 0.7546875 0.6453125000000002 0.7609375 0.6453125000000002
1 0.753125 0.6562500000000002 0.746875 0.6562500000000002 0.746875 0.6718750000000002 0.753125 0.6718750000000002
1 0.759375 0.6593750000000002 0.7546875 0.6593750000000002 0.7546875 0.6718750000000002 0.759375 0.6718750000000002
1 0.7515625 0.6828125000000002 0.746875 0.6828125000000002 0.746875 0.6984375000000002 0.7515625 0.6984375000000002
1 0.7609375 0.6843750000000002 0.7546875 0.6843750000000002 0.7546875 0.6984375000000002 0.7609375 0.6984375000000002
1 0.7546875 0.7093750000000002 0.7484375 0.7093750000000002 0.7484375 0.7250000000000002 0.7546875 0.7250000000000002
1 0.7609375 0.7093750000000002 0.753125 0.7093750000000002 0.753125 0.7234375000000002 0.7609375 0.7234375000000002
1 0.7546875000000002 0.7359375000000001 0.7484375000000002 0.7359375000000001 0.7484375000000002 0.7500000000000002 0.7546875000000002 0.7500000000000002
1 0.7609375000000002 0.7359375000000001 0.7546875000000002 0.7359375000000001 0.7546875000000002 0.7500000000000002 0.7609375000000002 0.7500000000000002
1 0.79375 0.6046875000000002 0.7875 0.6046875000000002 0.7875 0.6203125000000002 0.79375 0.6203125000000002
1 0.8 0.6046875000000002 0.79375 0.6046875000000002 0.79375 0.6203125000000002 0.8 0.6203125000000002
1 0.7890625 0.6328125000000002 0.78125 0.6328125000000002 0.78125 0.6468750000000002 0.7890625 0.6468750000000002
1 0.7953125 0.6312500000000002 0.7890625 0.6312500000000002 0.7890625 0.6453125000000002 0.7953125 0.6453125000000002
1 0.7890625 0.6578125000000001 0.78125 0.6578125000000001 0.78125 0.6718750000000002 0.7890625 0.6718750000000002
1 0.7953125 0.6578125000000001 0.7890625 0.6578125000000001 0.7890625 0.6718750000000002 0.7953125 0.6718750000000002
1 0.7875 0.6843750000000002 0.7828125 0.6843750000000002 0.7828125 0.6984375000000002 0.7875 0.6984375000000002
1 0.7953125 0.6828125000000002 0.7875 0.6828125000000002 0.7875 0.6968750000000001 0.7953125 0.6968750000000001
1 0.7953125000000001 0.7093750000000002 0.7890625 0.7093750000000002 0.7890625000000001 0.7265625000000002 0.7953125000000002 0.7265625000000002
1 0.7875 0.7109375000000002 0.78125 0.7109375000000002 0.78125 0.7234375000000002 0.7875 0.7234375000000002
1 0.7828125000000001 0.7359375000000001 0.7781250000000002 0.7359375000000001 0.7781250000000002 0.7515625000000001 0.7828125000000001 0.7515625000000001
1 0.8 0.7359375000000001 0.7937500000000002 0.7359375000000001 0.7937500000000002 0.7515625000000001 0.8 0.7515625000000001
1 0.7906250000000001 0.7359375000000001 0.7828125000000001 0.7359375000000001 0.7828125000000001 0.7500000000000002 0.7906250000000001 0.7500000000000002
1 0.8234375 0.6312500000000002 0.815625 0.6312500000000002 0.815625 0.6453125000000002 0.8234375 0.6453125000000002
1 0.83125 0.6312500000000002 0.8234375 0.6312500000000002 0.8234375 0.6468750000000002 0.83125 0.6468750000000002
1 0.821875 0.6562500000000002 0.8171875 0.6562500000000002 0.8171875 0.6718750000000002 0.821875 0.6718750000000002
1 0.8296875 0.6578125000000001 0.8234375 0.6578125000000001 0.8234375 0.6718750000000002 0.8296875 0.6718750000000002
1 0.8234375 0.6843750000000002 0.8171875 0.6843750000000002 0.8171875 0.6984375000000002 0.8234375 0.6984375000000002
1 0.8296875 0.6828125000000002 0.8234375 0.6828125000000002 0.8234375 0.6984375000000002 0.8296875 0.6984375000000002
1 0.8234375 0.7093750000000002 0.815625 0.7093750000000002 0.815625 0.7250000000000002 0.8234375 0.7250000000000002
1 0.8296875 0.7109375000000002 0.8234375 0.7109375000000002 0.8234375 0.7234375000000002 0.8296875 0.7234375000000002
1 0.8359375 0.7343750000000002 0.8296875 0.7343750000000002 0.8296875 0.7500000000000002 0.8359375 0.7500000000000002
1 0.8171875 0.7375000000000002 0.8109375 0.7375000000000002 0.8109375 0.7500000000000002 0.8171875 0.7500000000000002
1 0.8265625 0.7375000000000002 0.8203125 0.7375000000000002 0.8203125 0.7484375000000002 0.8265625 0.7484375000000002
1 0.828125 0.6046875000000002 0.8234375 0.6046875000000002 0.8234375 0.6203125000000002 0.828125 0.6203125000000002
1 0.8359375 0.6062500000000002 0.828125 0.6062500000000002 0.828125 0.6187500000000001 0.8359375 0.6187500000000001