0 0.5265625 0.34687500000000004 0.3421875 0.346875 0.34218750000000003 0.434375 0.5265625 0.434375
0 0.28593750000000007 0.340625 0.16562500000000005 0.340625 0.16562500000000005 0.4359375 0.28593750000000007 0.4359375
0 0.17500000000000004 0.340625 0.09218750000000005 0.340625 0.09218750000000005 0.434375 0.17500000000000004 0.434375
0 0.09531250000000002 0.1390625 0.05625000000000002 0.1390625 0.05625000000000002 0.2625 0.09531250000000002 0.2625
0 0.8828125 0.3453125000000001 0.7453125 0.3453125000000001 0.7453125 0.43750000000000017 0.8828125 0.43750000000000017
0 0.75625 0.3500000000000001 0.684375 0.3500000000000001 0.684375 0.4328125000000001 0.75625 0.43281250000000016
0 1 0.33281250000000007 0.9 0.33281250000000007 0.9 0.4281250000000002 1 0.4281250000000002
0 0.4890625 0.5703125 0.4140625 0.5703125 0.4140625 0.5921875 0.4890625 0.5921875
0 0.46875 0.528125 0.3375000000000001 0.528125 0.3375000000000001 0.59375 0.46875 0.59375
0 0.4078125 0.590625 0.3140625000000001 0.590625 0.3140625000000001 0.621875 0.4078125 0.621875
0 0.34062500000000007 0.6234375 0.2656250000000001 0.6234375 0.2656250000000001 0.8265625 0.34062500000000007 0.8265625
0 0.3421875000000001 0.6515625 0.2890625000000001 0.6515625 0.2890625000000001 0.7953125 0.3421875000000001 0.7953125
0 0.34062500000000007 0.671875 0.3203125000000001 0.671875 0.3203125000000001 0.7703125 0.34062500000000007 0.7703125
0 0.20468750000000008 0.56875 0.16562500000000008 0.56875 0.16562500000000008 0.5984375 0.20468750000000008 0.5984375
0 0.2890625000000001 0.5765625 0.2062500000000001 0.5765625 0.2062500000000001 0.609375 0.2890625000000001 0.609375
0 0.2406250000000001 0.6640625 0.2156250000000001 0.6640625 0.2156250000000001 0.825 0.2406250000000001 0.825
0 0.09687500000000009 0.5953125 0.014062500000000071 0.5953125 0.014062500000000089 0.8515625 0.09687500000000011 0.8515625
0 0.09375000000000008 0.628125 0.04062500000000008 0.628125 0.04062500000000009 0.81875 0.09375000000000011 0.81875
0 0.09218750000000009 0.6515625 0.06875000000000009 0.6515625 0.06875000000000009 0.771875 0.09218750000000009 0.771875
0 0.2140625000000001 0.853125 0.08906250000000011 0.853125 0.08906250000000011 0.95 0.2140625000000001 0.95
0 0.22031250000000008 0.85 0.13437500000000008 0.85 0.1343750000000001 0.9234375 0.22031250000000008 0.9234375
0 0.1781250000000001 0.8546875 0.1453125000000001 0.8546875 0.1453125000000001 0.8875 0.1781250000000001 0.8875
0 0.1453125000000001 0.8484375 0.10468750000000009 0.8484375 0.10468750000000009 0.896875 0.1453125000000001 0.896875
0 0.2750000000000001 0.85 0.1703125000000001 0.85 0.1703125000000001 0.878125 0.2750000000000001 0.878125
0 0.4187500000000002 0.8265625 0.3390625000000001 0.8265625 0.3390625000000001 0.903125 0.4187500000000002 0.903125
0 0.3515625000000001 0.8234375 0.28593750000000007 0.8234375 0.28593750000000007 0.90625 0.3515625000000001 0.90625
0 0.4468750000000002 0.8234375 0.3781250000000001 0.8234375 0.3781250000000001 0.853125 0.4468750000000002 0.853125
0 0.5484375000000001 0.5890625 0.5203125 0.5890625 0.5203125000000001 0.859375 0.5484375000000001 0.859375
0 0.4875000000000001 0.6328125 0.4625 0.6328125 0.4625000000000001 0.7796875 0.48750000000000016 0.7796875
0 0.4390625000000002 0.728125 0.4156250000000002 0.728125 0.4156250000000002 0.771875 0.4390625000000002 0.771875
2 0.5171875000000001 0.734375 0.5015625000000001 0.734375 0.5015625000000001 0.7578125 0.5171875000000001 0.7578125
2 0.17187500000000008 0.7765625 0.15625000000000008 0.7765625 0.15625000000000008 0.7953125 0.17187500000000008 0.7953125
0 0.1781250000000001 0.725 0.1687500000000001 0.725 0.1687500000000001 0.8109375 0.1781250000000001 0.8109375
2 0.07031250000000008 0.715625 0.05937500000000009 0.715625 0.05937500000000009 0.7359375 0.07031250000000008 0.7359375
2 0.04843750000000009 0.7171875 0.03281250000000009 0.7171875 0.03281250000000009 0.7359375 0.04843750000000009 0.7359375
2 0.025000000000000095 0.75625 0.007812500000000092 0.75625 0.007812500000000094 0.778125 0.0250000000000001 0.778125
2 0.4265625 0.6921875 0.4140625 0.6921875 0.4140625 0.7125 0.4265625 0.7125
2 0.4781250000000002 0.728125 0.46406250000000016 0.728125 0.46406250000000016 0.7484375 0.4781250000000002 0.7484375
1 0.428125 0.6765625 0.4140625 0.6765625 0.4140625 0.69375 0.428125 0.69375
1 0.4296875 0.659375 0.4125 0.659375 0.4125 0.678125 0.4296875 0.678125
1 0.4765625 0.7078125 0.4625 0.7078125 0.4625 0.71875 0.4765625 0.71875
1 0.4796875 0.6921875 0.4640625 0.6921875 0.4640625 0.7078125 0.4796875 0.7078125
1 0.38750000000000007 0.5765625 0.3765625000000001 0.5765625 0.3765625000000001 0.6015625 0.38750000000000007 0.6015625
1 0.39531250000000007 0.578125 0.3859375000000001 0.578125 0.3859375000000001 0.596875 0.39531250000000007 0.596875
1 0.4046875 0.515625 0.39531250000000007 0.515625 0.39531250000000007 0.5328125 0.4046875 0.5328125
1 0.415625 0.515625 0.403125 0.515625 0.403125 0.5359375 0.415625 0.5359375
1 0.33281250000000007 0.4953125 0.3234375000000001 0.4953125 0.3234375000000001 0.5171875 0.33281250000000007 0.5171875
1 0.3390625000000001 0.4953125 0.3312500000000001 0.4953125 0.3312500000000001 0.51875 0.3390625000000001 0.51875
0 0.10156250000000008 0.5765625 0.06093750000000007 0.5765625 0.06093750000000007 0.5953125 0.10156250000000008 0.5953125
0 0.1359375000000001 0.5765625 0.1140625000000001 0.5765625 0.1140625000000001 0.6 0.1359375000000001 0.6
1 0.1687500000000001 0.759375 0.15781250000000008 0.759375 0.15781250000000008 0.7703125 0.1687500000000001 0.7703125
1 0.1703125000000001 0.7421875 0.1546875000000001 0.7421875 0.1546875000000001 0.75625 0.1703125000000001 0.75625
1 0.3031250000000001 0.828125 0.29375000000000007 0.828125 0.29375000000000007 0.85 0.3031250000000001 0.85
1 0.3203125000000001 0.8265625 0.30937500000000007 0.8265625 0.30937500000000007 0.8484375 0.3203125000000001 0.8484375
1 0.3296875000000001 0.8296875 0.3187500000000001 0.8296875 0.3187500000000001 0.8515625 0.3296875000000001 0.8515625
1 0.2593750000000001 0.84375 0.2531250000000001 0.84375 0.2531250000000001 0.8625 0.2593750000000001 0.8625
1 0.2718750000000001 0.840625 0.2609375000000001 0.840625 0.2609375000000001 0.8640625 0.2718750000000001 0.8640625
1 0.24218750000000008 0.84375 0.2328125000000001 0.84375 0.2328125000000001 0.8609375 0.24218750000000008 0.8609375
1 0.15312500000000012 0.9171875 0.14218750000000013 0.9171875 0.14218750000000013 0.934375 0.15312500000000012 0.934375
1 0.16406250000000014 0.9140625 0.15468750000000014 0.9140625 0.15468750000000014 0.9359375 0.16406250000000014 0.9359375
1 0.1765625000000001 0.884375 0.16562500000000008 0.884375 0.16562500000000008 0.9046875 0.1765625000000001 0.9046875
1 0.1843750000000001 0.884375 0.1765625000000001 0.884375 0.1765625000000001 0.903125 0.1843750000000001 0.903125
1 0.025000000000000088 0.7375 0.009375000000000092 0.7375 0.009375000000000092 0.7515625 0.025000000000000088 0.7515625
1 0.02343750000000009 0.721875 0.009375000000000088 0.721875 0.00937500000000009 0.7375 0.02343750000000009 0.7375
1 0.050000000000000086 0.7 0.034375000000000086 0.7 0.034375000000000086 0.715625 0.050000000000000086 0.715625
1 0.050000000000000086 0.684375 0.034375000000000086 0.684375 0.034375000000000086 0.7015625 0.050000000000000086 0.7015625
1 0.07968750000000009 0.684375 0.05937500000000009 0.684375 0.05937500000000009 0.7015625 0.07968750000000009 0.7015625
1 0.07343750000000009 0.7 0.05625000000000009 0.7 0.05625000000000009 0.7140625 0.07343750000000009 0.7140625
1 0.2875000000000001 0.4953125 0.2718750000000001 0.4953125 0.2718750000000001 0.5203125 0.2875000000000001 0.5203125
1 0.2921875000000001 0.4921875 0.2843750000000001 0.4921875 0.2843750000000001 0.51875 0.2921875000000001 0.51875
1 0.2984375000000001 0.4953125 0.2890625000000001 0.4953125 0.2890625000000001 0.515625 0.2984375000000001 0.515625
1 0.3078125000000001 0.4953125 0.2968750000000001 0.4953125 0.2968750000000001 0.515625 0.3078125000000001 0.515625
1 0.31718750000000007 0.49375 0.3078125000000001 0.49375 0.3078125000000001 0.5140625 0.31718750000000007 0.5140625
1 0.2687500000000001 0.5609375 0.2609375000000001 0.5609375 0.2609375000000001 0.58125 0.2687500000000001 0.58125
1 0.2828125000000001 0.5578125 0.2718750000000001 0.5578125 0.2718750000000001 0.5796875 0.2828125000000001 0.5796875
1 0.2390625000000001 0.5609375 0.2328125000000001 0.5609375 0.2328125000000001 0.5828125 0.2390625000000001 0.5828125
1 0.2531250000000001 0.5578125 0.2406250000000001 0.5578125 0.2406250000000001 0.5796875 0.2531250000000001 0.5796875
1 0.2375000000000001 0.5890625 0.2250000000000001 0.5890625 0.2250000000000001 0.615625 0.2375000000000001 0.615625
1 0.4328125 0.5484375 0.41875 0.5484375 0.41875 0.571875 0.4328125 0.571875
1 0.5421875 0.6953125 0.5234375 0.6953125 0.5234375 0.7078125 0.5421875 0.7078125
1 0.5421875 0.68125 0.525 0.68125 0.525 0.6953125 0.5421875 0.6953125
2 0.5406250000000001 0.7140625 0.5265625 0.7140625 0.5265625 0.7328125 0.5406250000000001 0.7328125
1 0.51875 0.7203125 0.5015625 0.7203125 0.5015625000000001 0.7328125 0.5187500000000002 0.7328125
1 0.5203125 0.7 0.503125 0.7 0.503125 0.7171875 0.5203125 0.7171875
1 0.5984375 0.5171875 0.5921875 0.5171875 0.5921875 0.5375 0.5984375 0.5375
1 0.6046875 0.515625 0.596875 0.515625 0.596875 0.5375 0.6046875 0.5375
1 0.37968750000000007 0.8609375 0.3671875000000001 0.8609375 0.3671875000000001 0.88125 0.37968750000000007 0.88125
1 0.3890625000000001 0.8609375 0.3781250000000001 0.8609375 0.3781250000000001 0.88125 0.3890625000000001 0.88125
2 0.4656250000000002 0.85 0.42968750000000017 0.85 0.42968750000000017 0.8953125 0.4656250000000002 0.8953125
1 0.4500000000000002 0.8515625 0.43750000000000017 0.8515625 0.43750000000000017 0.871875 0.4500000000000002 0.871875
1 0.3265625000000001 0.69375 0.3125000000000001 0.69375 0.3125000000000001 0.70625 0.3265625000000001 0.70625
1 0.3265625000000001 0.678125 0.3125000000000001 0.678125 0.3125000000000001 0.6953125 0.3265625000000001 0.6953125
1 0.3031250000000001 0.696875 0.28593750000000007 0.696875 0.28593750000000007 0.7140625 0.3031250000000001 0.7140625
1 0.3000000000000001 0.7109375 0.28593750000000007 0.7109375 0.28593750000000007 0.7265625 0.3000000000000001 0.7265625
1 0.2734375000000001 0.7203125 0.2578125000000001 0.7203125 0.2578125000000001 0.7359375 0.2734375000000001 0.7359375
1 0.2750000000000001 0.7390625 0.2609375000000001 0.7390625 0.2609375000000001 0.7515625 0.2750000000000001 0.7515625
1 0.2296875000000001 0.7328125 0.2171875000000001 0.7328125 0.2171875000000001 0.746875 0.2296875000000001 0.746875
1 0.2312500000000001 0.7484375 0.21875000000000008 0.7484375 0.21875000000000008 0.759375 0.2312500000000001 0.759375
1 0.2328125000000001 0.7140625 0.2171875000000001 0.7140625 0.2171875000000001 0.7328125 0.2328125000000001 0.7328125
1 0.23437500000000008 0.684375 0.21875000000000008 0.684375 0.21875000000000008 0.7015625 0.23437500000000008 0.7015625
1 0.23437500000000008 0.6640625 0.21875000000000008 0.6640625 0.21875000000000008 0.6796875 0.23437500000000008 0.6796875
1 0.2765625000000001 0.6703125 0.2609375000000001 0.6703125 0.2609375000000001 0.6921875 0.2765625000000001 0.6921875
1 0.2750000000000001 0.6890625 0.26250000000000007 0.6890625 0.26250000000000007 0.7046875 0.2750000000000001 0.7046875
1 0.2718750000000001 0.7046875 0.2593750000000001 0.7046875 0.2593750000000001 0.7140625 0.2718750000000001 0.7140625
2 0.3000000000000001 0.73125 0.28593750000000007 0.73125 0.28593750000000007 0.75 0.3000000000000001 0.75
1 0.04531250000000007 0.515625 0.034375000000000065 0.515625 0.034375000000000065 0.5390625 0.04531250000000007 0.5390625
1 0.05312500000000007 0.5171875 0.04375000000000007 0.5171875 0.04375000000000007 0.5375 0.05312500000000007 0.5375
1 0.06718750000000007 0.5203125 0.050000000000000065 0.5203125 0.050000000000000065 0.54375 0.06718750000000007 0.54375
2 0.06718750000000002 0.2 0.051562500000000025 0.2 0.051562500000000025 0.2234375 0.06718750000000002 0.2234375
1 0.06718750000000002 0.1828125 0.05312500000000002 0.1828125 0.05312500000000002 0.1984375 0.06718750000000002 0.1984375
1 0.06875000000000002 0.1703125 0.05468750000000002 0.1703125 0.05468750000000002 0.184375 0.06875000000000002 0.184375