0 0.39062500000000006 0.23906250000000004 0.334375 0.2390625 0.33437500000000003 0.4828125 0.3906250000000001 0.4828125
0 0.36562500000000003 0.23906250000000004 0.3296875 0.2390625 0.3296875 0.39062500000000006 0.3656250000000001 0.3906250000000001
0 0.275 0.17812500000000003 0.16875 0.178125 0.16875 0.240625 0.275 0.240625
0 0.16562500000000005 0.34375 0.12343750000000005 0.34375 0.12343750000000005 0.4859375 0.16562500000000005 0.4859375
0 0.16718750000000004 0.3484375 0.12656250000000005 0.3484375 0.12656250000000005 0.409375 0.16718750000000004 0.409375
0 0.2203125 0.2453125 0.15000000000000005 0.2453125 0.15000000000000005 0.2625 0.2203125 0.2625
0 0.2203125 0.2125 0.15781250000000005 0.2125 0.15781250000000005 0.2484375 0.2203125 0.2484375
0 0.19687500000000005 0.259375 0.15000000000000005 0.259375 0.15000000000000005 0.3375 0.19687500000000005 0.3375
1 0.19843750000000002 0.16406250000000006 0.190625 0.16406250000000006 0.19062500000000002 0.18750000000000006 0.19843750000000004 0.18750000000000006
1 0.2109375 0.16250000000000003 0.2 0.16250000000000003 0.2 0.18593750000000003 0.2109375 0.18593750000000003
0 0.5828125 0.27812500000000007 0.5640625 0.27812500000000007 0.5640625 0.3625000000000001 0.5828125 0.3625000000000001
0 0.584375 0.3531250000000001 0.5421875 0.3531250000000001 0.5421875 0.4921875 0.584375 0.4921875
0 0.5828125 0.3671875000000001 0.565625 0.3671875000000001 0.565625 0.3921875000000001 0.5828125 0.3921875000000001
0 0.61875 0.2609375000000001 0.6015625 0.2609375000000001 0.6015625 0.3546875000000001 0.61875 0.3546875000000001
0 0.696875 0.2578125000000001 0.6171875 0.2578125000000001 0.6171875 0.3531250000000001 0.696875 0.3531250000000001
0 0.725 0.3109375000000001 0.675 0.3109375000000001 0.675 0.3500000000000001 0.725 0.3500000000000001
0 0.7484375 0.3109375000000001 0.725 0.3109375000000001 0.725 0.3515625000000001 0.7484375 0.3515625000000001
0 0.803125 0.1937500000000001 0.75625 0.1937500000000001 0.75625 0.24218750000000008 0.803125 0.24218750000000008
0 0.7875 0.2562500000000001 0.759375 0.2562500000000001 0.759375 0.2968750000000001 0.7875 0.2968750000000001
0 0.94375 0.2328125000000001 0.871875 0.2328125000000001 0.871875 0.3656250000000001 0.94375 0.3656250000000001
0 0.925 0.2375000000000001 0.8703125 0.2375000000000001 0.8703125 0.36406250000000007 0.925 0.36406250000000007
0 0.896875 0.2500000000000001 0.8640625 0.2500000000000001 0.8640625 0.3000000000000001 0.896875 0.3000000000000001
0 0.896875 0.3109375000000001 0.8703125 0.3109375000000001 0.8703125 0.36406250000000007 0.896875 0.36406250000000007
2 0.55625 0.27812500000000007 0.5421875 0.27812500000000007 0.5421875 0.29375000000000007 0.55625 0.29375000000000007
1 0.565625 0.3062500000000001 0.5484375 0.3062500000000001 0.5484375 0.3203125000000001 0.565625 0.3203125000000001
1 0.5640625 0.2921875000000001 0.5484375 0.2921875000000001 0.5484375 0.3062500000000001 0.5640625 0.3062500000000001
1 0.65625 0.2484375000000001 0.6484375 0.2484375000000001 0.6484375 0.2718750000000001 0.65625 0.2718750000000001
1 0.66875 0.2484375000000001 0.6578125 0.2484375000000001 0.6578125 0.2718750000000001 0.66875 0.2718750000000001
1 0.684375 0.2468750000000001 0.6734375 0.2468750000000001 0.6734375 0.27031250000000007 0.684375 0.27031250000000007
1 0.696875 0.2921875000000001 0.690625 0.2921875000000001 0.690625 0.3156250000000001 0.696875 0.3156250000000001
1 0.703125 0.29375000000000007 0.6953125 0.29375000000000007 0.6953125 0.31718750000000007 0.703125 0.31718750000000007
1 0.9140625 0.27812500000000007 0.9046875 0.27812500000000007 0.9046875 0.2890625000000001 0.9140625 0.2890625000000001
0 0.8953125 0.5234375000000002 0.7875 0.5234375000000002 0.7875 0.5468750000000002 0.8953125 0.5468750000000002
0 0.809375 0.5062500000000002 0.7875 0.5062500000000002 0.7875 0.5468750000000002 0.809375 0.5468750000000002
0 0.8953125 0.5125000000000002 0.840625 0.5125000000000002 0.840625 0.5500000000000002 0.8953125 0.5500000000000002
2 0.6453125 0.2468750000000001 0.63125 0.2468750000000001 0.63125 0.2718750000000001 0.6453125 0.2718750000000001
1 0.68125 0.3937500000000001 0.66875 0.3937500000000001 0.66875 0.40625 0.68125 0.40625
2 0.7843750000000002 0.7546875000000002 0.7718750000000002 0.7546875000000002 0.7718750000000002 0.7703125000000002 0.7843750000000002 0.7703125000000002
2 0.80625 0.7546875000000002 0.7968750000000002 0.7546875000000002 0.7968750000000002 0.7718750000000002 0.80625 0.7718750000000002
2 0.8359375 0.7562500000000002 0.8265625 0.7562500000000002 0.8265625 0.7734375000000002 0.8359375 0.7734375000000002
2 0.859375 0.7546875000000002 0.85 0.7546875000000002 0.85 0.7734375000000002 0.859375 0.7734375000000002
2 0.2968750000000001 0.75625 0.2875000000000001 0.75625 0.2875000000000001 0.771875 0.2968750000000001 0.771875
2 0.31718750000000007 0.759375 0.3078125000000001 0.759375 0.3078125000000001 0.771875 0.31718750000000007 0.771875
2 0.3421875000000001 0.759375 0.3312500000000001 0.759375 0.3312500000000001 0.7734375 0.3421875000000001 0.7734375
2 0.3671875000000001 0.7578125 0.35625000000000007 0.7578125 0.35625000000000007 0.7734375 0.3671875000000001 0.7734375
2 0.39531250000000007 0.759375 0.3859375000000001 0.759375 0.3859375000000001 0.775 0.39531250000000007 0.775
2 0.4187500000000002 0.7578125 0.4109375000000002 0.7578125 0.4109375000000002 0.7765625 0.4187500000000002 0.7765625
2 0.7609375000000002 0.7562500000000002 0.7468750000000002 0.7562500000000002 0.7468750000000002 0.7687500000000002 0.7609375000000002 0.7687500000000002
1 0.8796875 0.5093750000000001 0.8703125 0.5093750000000001 0.8703125 0.5343750000000002 0.8796875 0.5343750000000002
1 0.8921875 0.5109375000000002 0.8796875 0.5109375000000002 0.8796875 0.5343750000000002 0.8921875 0.5343750000000002