0 0.5234375 0.23281250000000003 0.18125000000000005 0.2328125 0.18125000000000005 0.4625 0.5234375 0.4625
0 0.2515625000000001 0.3703125 0.18750000000000006 0.3703125 0.18750000000000006 0.465625 0.2515625000000001 0.465625
0 0.30625 0.3609375 0.2453125 0.3609375 0.24531250000000004 0.4625 0.3062500000000001 0.4625
0 0.5234375 0.36718750000000006 0.2906250000000001 0.3671875 0.2906250000000001 0.5109375 0.5234375 0.5109375
0 0.6640625000000001 0.5140625 0.525 0.5140625 0.5250000000000001 0.8328125 0.6640625000000002 0.8328125
0 0.6046875 0.5875 0.5234375 0.5875 0.5234375000000001 0.7515625 0.6046875000000002 0.7515625
0 0.18593750000000006 0.4625 0.004687500000000057 0.4625 0.004687500000000082 0.8796875 0.1859375000000001 0.8796875
0 0.18906250000000008 0.525 0.07343750000000007 0.525 0.07343750000000007 0.8140625 0.18906250000000008 0.8140625
0 0.1843750000000001 0.5828125 0.12500000000000008 0.5828125 0.12500000000000008 0.7578125 0.1843750000000001 0.7578125
0 0.3296875000000001 0.878125 0.1859375000000001 0.878125 0.18593750000000012 0.9515625 0.3296875000000001 0.9515625
0 0.5250000000000001 0.83125 0.31718750000000007 0.83125 0.31718750000000007 0.953125 0.5250000000000001 0.953125
0 0.821875 0.46093750000000017 0.7390625 0.46093750000000017 0.7390625000000001 0.8578125 0.821875 0.8578125
0 1 0.5953125000000001 0.9375 0.5953125000000001 0.9375 0.7156250000000002 1 0.7156250000000002
0 0.95 0.7500000000000002 0.925 0.7500000000000002 0.925 0.7921875000000002 0.95 0.7921875000000002
1 0.08437500000000009 0.6734375 0.050000000000000086 0.6734375 0.050000000000000086 0.7015625 0.08437500000000009 0.7015625
1 0.1390625000000001 0.6703125 0.10156250000000008 0.6703125 0.10156250000000008 0.7 0.1390625000000001 0.7
1 0.08593750000000008 0.6296875 0.04843750000000008 0.6296875 0.04843750000000008 0.66875 0.08593750000000008 0.66875
1 0.1375000000000001 0.628125 0.10156250000000008 0.628125 0.10156250000000008 0.66875 0.1375000000000001 0.66875
1 0.2578125000000001 0.8828125 0.2375000000000001 0.8828125 0.2375000000000001 0.9359375 0.2578125000000001 0.9359375
1 0.4078125000000002 0.8796875 0.3906250000000001 0.8796875 0.3906250000000001 0.9328125 0.4078125000000002 0.9328125
1 0.43750000000000017 0.8765625 0.4109375000000002 0.8765625 0.4109375000000002 0.9359375 0.43750000000000017 0.9359375
1 0.22968750000000004 0.3140625 0.203125 0.3140625 0.20312500000000006 0.3640625 0.2296875000000001 0.3640625
1 0.28906250000000006 0.3109375 0.2625 0.3109375 0.26250000000000007 0.365625 0.2890625000000001 0.365625
1 0.3765625 0.32500000000000007 0.359375 0.325 0.35937500000000006 0.37812500000000004 0.3765625000000001 0.3781250000000001
1 0.4078125 0.3203125000000001 0.384375 0.3203125000000001 0.384375 0.3750000000000001 0.4078125 0.3750000000000001
1 0.371875 0.19062500000000004 0.34375 0.19062500000000004 0.34375 0.24375000000000005 0.371875 0.24375000000000008
1 0.3421875 0.18906250000000005 0.321875 0.18906250000000005 0.321875 0.240625 0.3421875 0.240625
1 0.5703125 0.66875 0.55625 0.66875 0.55625 0.6796875 0.5703125 0.6796875
1 0.5703125 0.6546875 0.55625 0.6546875 0.55625 0.66875 0.5703125 0.66875
1 0.56875 0.6328125 0.55625 0.6328125 0.55625 0.64375 0.56875 0.64375
1 0.56875 0.6140625 0.55625 0.6140625 0.55625 0.628125 0.56875 0.628125
1 0.56875 0.6015625 0.55625 0.6015625 0.55625 0.6140625 0.56875 0.6140625
1 0.6390625 0.60625 0.621875 0.60625 0.621875 0.6203125 0.6390625 0.6203125
1 0.6390625 0.575 0.61875 0.575 0.61875 0.59375 0.6390625 0.59375
1 0.6390625 0.653125 0.621875 0.653125 0.621875 0.675 0.6390625 0.675
1 0.6390625 0.6734375 0.621875 0.6734375 0.621875 0.69375 0.6390625 0.69375
1 0.75625 0.6328125000000001 0.71875 0.6328125 0.71875 0.6718750000000001 0.75625 0.6718750000000002
1 0.75625 0.6734375000000001 0.7203125 0.6734375 0.7203125 0.7109375000000001 0.75625 0.7109375000000002
1 0.8359375 0.3421875000000001 0.8234375 0.3421875000000001 0.8234375 0.3671875000000001 0.8359375 0.3671875000000001
1 0.8234375 0.3421875000000001 0.8109375 0.3421875000000001 0.8109375 0.3687500000000001 0.8234375 0.3687500000000001
1 0.803125 0.3421875000000001 0.79375 0.3421875000000001 0.79375 0.3671875000000001 0.803125 0.3671875000000001
1 0.7671875 0.3390625000000001 0.75625 0.3390625000000001 0.75625 0.3687500000000001 0.7671875 0.3687500000000001
1 0.753125 0.34062500000000007 0.7453125 0.34062500000000007 0.7453125 0.3671875000000001 0.753125 0.3671875000000001