1 0.3046875 0.19531250000000006 0.2859375 0.19531250000000006 0.2859375 0.21875 0.3046875 0.21875
1 0.3375 0.19843750000000004 0.31875 0.19843750000000004 0.31875 0.215625 0.3375 0.215625
0 0.4640625 0.44375 0.4140625 0.44375 0.4140625 0.453125 0.4640625 0.453125
1 0.4421875 0.425 0.4359375 0.425 0.4359375 0.44375 0.4421875 0.44375
1 0.45 0.425 0.4421875 0.425 0.4421875 0.4421875 0.45 0.4421875
1 0.6640625 0.5234375 0.653125 0.5234375 0.653125 0.5453125 0.6640625 0.5453125
1 0.7703125 0.6593750000000002 0.7609375 0.6593750000000002 0.7609375 0.6812500000000001 0.7703125 0.6812500000000001
1 0.784375 0.6578125000000001 0.775 0.6578125000000001 0.775 0.6828125000000002 0.784375 0.6828125000000002
1 0.79375 0.6578125000000001 0.7875 0.6578125000000001 0.7875 0.6843750000000002 0.79375 0.6843750000000002
0 0.66875 0.4609375 0.6203125 0.4609375 0.6203125 0.471875 0.66875 0.471875
0 0.703125 0.4578125 0.684375 0.4578125 0.684375 0.471875 0.703125 0.471875
0 0.8328125 0.48437500000000017 0.7390625 0.48437500000000017 0.7390625 0.49531250000000016 0.8328125 0.49531250000000016
0 0.7328125 0.2812500000000001 0.7234375 0.2812500000000001 0.7234375 0.4406250000000001 0.7328125 0.44062500000000016
0 0.6734375 0.2640625000000001 0.54375 0.2640625000000001 0.54375 0.2750000000000001 0.6734375 0.2750000000000001
0 0.4921875 0.3218750000000001 0.484375 0.3218750000000001 0.484375 0.4140625 0.4921875 0.4140625
0 0.5 0.440625 0.4734375 0.440625 0.4734375 0.45625 0.5 0.45625
0 0.4703125 0.48125 0.3734375000000001 0.48125 0.3734375000000001 0.49375 0.4703125 0.49375
0 0.471875 0.5296875 0.3078125000000001 0.5296875 0.3078125000000001 0.5421875 0.471875 0.5421875
0 0.3046875000000001 0.5296875 0.2687500000000001 0.5296875 0.2687500000000001 0.5453125 0.3046875000000001 0.5453125
0 0.25625000000000003 0.3015625 0.246875 0.3015625 0.24687500000000004 0.4234375 0.2562500000000001 0.4234375
0 0.33593750000000006 0.321875 0.325 0.321875 0.32500000000000007 0.4078125 0.3359375000000001 0.4078125
0 0.3609375 0.3203125 0.3484375 0.3203125 0.34843750000000007 0.409375 0.3609375000000001 0.409375
0 0.6796875 0.5828125 0.671875 0.5828125 0.671875 0.65625 0.6796875 0.65625
0 0.6828125 0.6765625 0.671875 0.6765625 0.671875 0.715625 0.6828125 0.715625
0 0.3656250000000001 0.78125 0.3203125000000001 0.78125 0.3203125000000001 0.7921875 0.3656250000000001 0.7921875
0 0.3000000000000001 0.78125 0.2750000000000001 0.78125 0.2750000000000001 0.7921875 0.3000000000000001 0.7921875
1 0.69375 0.6296875 0.6828125 0.6296875 0.6828125 0.646875 0.69375 0.646875
1 0.784375 0.4593750000000002 0.771875 0.4593750000000002 0.771875 0.48437500000000017 0.784375 0.48437500000000017
2 0.459375 0.2796875000000001 0.4328125 0.2796875000000001 0.4328125 0.3156250000000001 0.459375 0.3156250000000001
2 0.3640625 0.28125000000000006 0.3421875 0.28125 0.3421875 0.31562500000000004 0.3640625 0.3156250000000001
2 0.3078125 0.240625 0.2484375 0.240625 0.2484375 0.2859375 0.3078125 0.2859375
2 0.3375 0.2234375 0.265625 0.2234375 0.265625 0.2703125 0.3375 0.2703125
2 0.34843750000000007 0.4859375 0.3031250000000001 0.4859375 0.3031250000000001 0.5234375 0.34843750000000007 0.5234375