2 0.5984375 0.640625 0.5640625 0.640625 0.5640625 0.7 0.5984375 0.7
1 0.603125 0.6078125 0.55 0.6078125 0.55 0.6515625 0.603125 0.6515625
0 0.740625 0.5109375 0.3828125000000001 0.5109375 0.3828125000000001 0.5296875000000001 0.740625 0.5296875000000002
1 0.4375 0.4484375 0.4078125 0.4484375 0.4078125 0.5046875 0.4375 0.5046875
0 0.8203125 0.14062500000000008 0.7734375 0.14062500000000008 0.7734375 0.1828125000000001 0.8203125 0.1828125000000001
1 0.8140625 0.09687500000000009 0.759375 0.09687500000000009 0.759375 0.14218750000000008 0.8140625 0.14218750000000008
0 0.2703125 0.16718750000000004 0.253125 0.16718750000000004 0.253125 0.35 0.2703125 0.35
0 0.5078125000000001 0.6765625 0.4859375 0.6765625 0.4859375000000001 0.9171875 0.5078125000000002 0.9171875
0 0.7421875 0.4125000000000001 0.515625 0.4125 0.515625 0.4359375000000001 0.7421875 0.4359375000000002
0 0.4703125 0.18281250000000004 0.4515625 0.18281250000000004 0.4515625 0.3343750000000001 0.4703125 0.3343750000000001
0 0.521875 0.08750000000000005 0.390625 0.08750000000000005 0.390625 0.17812500000000003 0.521875 0.17812500000000003
0 0.3484375 0.0062500000000000385 0.303125 0.006250000000000036 0.303125 0.16562500000000005 0.3484375 0.16562500000000005
2 0.3078125000000001 0.646875 0.2656250000000001 0.646875 0.2656250000000001 0.7125 0.3078125000000001 0.7125
2 0.684375 0.6375 0.6421875 0.6375 0.6421875 0.7 0.684375 0.7