2 0.4671875 0.29375000000000007 0.3703125 0.29375000000000007 0.37031250000000004 0.40625 0.4671875 0.40625
1 0.4359375 0.26250000000000007 0.38125 0.26250000000000007 0.38125 0.2953125000000001 0.4359375 0.2953125000000001
1 0.24375 0.209375 0.2234375 0.209375 0.2234375 0.2390625 0.24375 0.2390625
2 0.28125 0.240625 0.203125 0.240625 0.203125 0.3046875 0.28125 0.3046875
1 0.265625 0.2140625 0.2453125 0.2140625 0.2453125 0.2375 0.265625 0.2375
1 0.31562500000000004 0.359375 0.303125 0.359375 0.30312500000000003 0.3828125 0.3156250000000001 0.3828125
1 0.32656250000000003 0.3578125 0.3140625 0.3578125 0.3140625 0.38125 0.3265625000000001 0.38125
0 0.3734375000000001 0.3921875000000001 0.36406250000000007 0.3921875000000001 0.36406250000000007 0.496875 0.3734375000000001 0.496875
0 0.471875 0.6375 0.2312500000000001 0.6375 0.2312500000000001 0.65 0.471875 0.65
0 0.546875 0.6984375 0.2328125000000001 0.6984375 0.2328125000000001 0.709375 0.546875 0.709375
0 0.5890625000000002 0.7609375 0.2328125000000001 0.7609375 0.2328125000000001 0.771875 0.5890625000000002 0.771875
0 0.2312500000000001 0.7609375 0.18750000000000008 0.7609375 0.18750000000000008 0.775 0.2312500000000001 0.775
0 0.8765625 0.5859375000000002 0.775 0.5859375000000002 0.775 0.5953125000000001 0.8765625 0.5953125000000001
0 0.9359375 0.35625000000000007 0.9265625 0.35625000000000007 0.9265625 0.5328125000000001 0.9359375 0.5328125000000001
0 0.5421875 0.5734375 0.5234375 0.5734375 0.5234375 0.5875 0.5421875 0.5875
0 0.5890625 0.5765625 0.5546875 0.5765625 0.5546875 0.5875 0.5890625 0.5875
0 0.14687500000000003 0.36875 0.13593750000000004 0.36875 0.13593750000000004 0.521875 0.14687500000000003 0.521875
2 0.2609375000000001 0.546875 0.2312500000000001 0.546875 0.2312500000000001 0.6296875 0.2609375000000001 0.6296875
1 0.2515625000000001 0.578125 0.23437500000000008 0.578125 0.23437500000000008 0.6171875 0.2515625000000001 0.6171875
1 0.6296875 0.3703125000000001 0.6046875 0.3703125000000001 0.6046875 0.3984375000000001 0.6296875 0.3984375000000001