1 0.3859375000000001 0.646875 0.37187500000000007 0.646875 0.37187500000000007 0.6734375 0.3859375000000001 0.6734375
1 0.415625 0.6484375 0.3921875000000001 0.6484375 0.3921875000000001 0.6765625 0.415625 0.6765625
1 0.44375 0.6453125 0.4328125 0.6453125 0.4328125 0.6765625 0.44375 0.6765625
1 0.475 0.646875 0.4515625 0.646875 0.4515625 0.6796875 0.475 0.6796875
0 0.55 0.6078125 0.3843750000000001 0.6078125 0.3843750000000001 0.6171875 0.55 0.6171875
0 0.3812500000000001 0.609375 0.3390625000000001 0.609375 0.3390625000000001 0.621875 0.3812500000000001 0.621875
0 0.5515625 0.5703125 0.4109375 0.5703125 0.4109375 0.5796875 0.5515625 0.5796875
0 0.590625 0.4390625 0.5828125 0.4390625 0.5828125 0.5265625 0.590625 0.5265625
0 0.3203125000000001 0.425 0.3109375000000001 0.425 0.3109375000000001 0.5453125 0.3203125000000001 0.5453125
0 0.4078125 0.440625 0.3968750000000001 0.440625 0.3968750000000001 0.5265625 0.4078125 0.5265625
1 0.4234375 0.3031250000000001 0.4 0.3031250000000001 0.4 0.3281250000000001 0.4234375 0.3281250000000001
1 0.38125 0.30000000000000004 0.3625 0.3 0.3625 0.32656250000000003 0.38125 0.3265625000000001
0 0.7765625 0.6093750000000001 0.6734375 0.609375 0.6734375 0.6171875000000001 0.7765625 0.6171875000000002
0 0.6546875 0.4 0.6453125 0.4 0.6453125 0.5671875 0.6546875 0.5671875