0 0.27968750000000003 0.2671875 0.253125 0.2671875 0.25312500000000004 0.4296875 0.2796875000000001 0.4296875
0 0.346875 0.18750000000000006 0.2828125 0.18750000000000006 0.2828125 0.2703125 0.346875 0.2703125
0 0.3140625 0.18906250000000005 0.2828125 0.18906250000000005 0.2828125 0.2703125 0.3140625 0.2703125
0 0.3125 0.2359375 0.278125 0.2359375 0.278125 0.26875 0.3125 0.26875
0 0.346875 0.19062500000000004 0.3234375 0.19062500000000004 0.3234375 0.26875 0.346875 0.26875
0 0.5984375 0.2734375000000001 0.546875 0.2734375000000001 0.546875 0.3156250000000001 0.5984375 0.3156250000000001
0 0.3625 0.2578125 0.3359375 0.2578125 0.3359375 0.3 0.3625 0.3
2 0.4421875 0.2718750000000001 0.421875 0.2718750000000001 0.421875 0.29375000000000007 0.4421875 0.29375000000000007
0 0.45625 0.3046875000000001 0.4453125 0.3046875000000001 0.4453125 0.3968750000000001 0.45625 0.3968750000000001
0 0.4078125 0.2906250000000001 0.396875 0.2906250000000001 0.39687500000000003 0.4046875 0.4078125 0.4046875
0 0.3703125000000001 0.428125 0.3078125000000001 0.428125 0.3078125000000001 0.475 0.3703125000000001 0.475
0 0.5765625 0.403125 0.5140625 0.403125 0.5140625 0.4671875 0.5765625 0.4671875
0 0.6296875 0.40625 0.5328125 0.40625 0.5328125 0.5234375 0.6296875 0.5234375
0 0.578125 0.4 0.5515625 0.4 0.5515625 0.471875 0.578125 0.471875
0 0.6640625 0.3031250000000001 0.625 0.3031250000000001 0.625 0.3937500000000001 0.6640625 0.3937500000000001
0 0.3343750000000001 0.4296875 0.2796875000000001 0.4296875 0.2796875000000001 0.5203125 0.3343750000000001 0.5203125
0 0.5484375 0.43125 0.3265625000000001 0.43125 0.3265625000000001 0.515625 0.5484375 0.515625
0 0.2828125000000001 0.428125 0.24375000000000008 0.428125 0.24375000000000008 0.5609375 0.2828125000000001 0.5609375
0 0.7875 0.1859375000000001 0.7734375 0.1859375000000001 0.7734375 0.2734375000000001 0.7875 0.2734375000000001
0 0.8421875 0.3046875000000001 0.8125 0.3046875000000001 0.8125 0.3843750000000001 0.8421875 0.3843750000000001
0 0.7796875 0.4265625000000002 0.7359375 0.4265625000000002 0.7359375 0.4750000000000002 0.7796875 0.4750000000000002
0 0.734375 0.3609375000000001 0.71875 0.3609375000000001 0.71875 0.3984375000000001 0.734375 0.3984375000000001
0 0.540625 0.3046875000000001 0.475 0.3046875000000001 0.475 0.3921875000000001 0.540625 0.3921875000000001
0 0.5390625 0.3156250000000001 0.5046875 0.3156250000000001 0.5046875 0.3828125000000001 0.5390625 0.3828125000000001
0 0.38281250000000006 0.30312500000000003 0.3515625 0.303125 0.35156250000000006 0.39687500000000003 0.3828125000000001 0.3968750000000001
0 0.6640625 0.3937500000000001 0.571875 0.3937500000000001 0.571875 0.434375 0.6640625 0.434375
0 0.6421875 0.15625000000000006 0.5421875 0.15625000000000006 0.5421875 0.2953125000000001 0.6421875 0.2953125000000001
0 0.41875000000000007 0.6953125 0.39531250000000007 0.6953125 0.39531250000000007 0.7296875 0.4187500000000002 0.7296875
0 0.4375000000000001 0.721875 0.4265625 0.721875 0.42656250000000007 0.8421875 0.43750000000000017 0.8421875
0 0.675 0.621875 0.6140625 0.621875 0.6140625 0.709375 0.675 0.709375
0 0.640625 0.671875 0.6078125 0.671875 0.6078125 0.7078125 0.640625 0.7078125
1 0.4015625 0.2171875000000001 0.3921875 0.2171875000000001 0.3921875 0.2406250000000001 0.4015625 0.2406250000000001
2 0.4046875 0.23437500000000008 0.4 0.23437500000000008 0.4 0.2453125000000001 0.4046875 0.2453125000000001
1 0.4140625 0.21875000000000008 0.40625 0.21875000000000008 0.40625 0.24218750000000008 0.4140625 0.24218750000000008
1 0.5046875 0.2312500000000001 0.496875 0.2312500000000001 0.496875 0.2468750000000001 0.5046875 0.2468750000000001
2 0.5140625 0.21875000000000008 0.50625 0.21875000000000008 0.50625 0.2375000000000001 0.5140625 0.2375000000000001
1 0.5234375 0.2171875000000001 0.5171875 0.2171875000000001 0.5171875 0.2406250000000001 0.5234375 0.2406250000000001
1 0.5328125 0.2171875000000001 0.521875 0.2171875000000001 0.521875 0.2406250000000001 0.5328125 0.2406250000000001
2 0.45 0.2250000000000001 0.440625 0.2250000000000001 0.440625 0.2328125000000001 0.45 0.2328125000000001
2 0.5609375 0.1937500000000001 0.5515625 0.1937500000000001 0.5515625 0.21093750000000008 0.5609375 0.21093750000000008
1 0.5671875 0.18906250000000008 0.5609375 0.18906250000000008 0.5609375 0.2140625000000001 0.5671875 0.2140625000000001
1 0.5765625 0.18750000000000008 0.5671875 0.18750000000000008 0.5671875 0.21250000000000008 0.5765625 0.21250000000000008
1 0.4484375 0.18906250000000005 0.4375 0.18906250000000005 0.4375 0.2140625000000001 0.4484375 0.2140625000000001
1 0.45625 0.19062500000000004 0.4515625 0.19062500000000004 0.4515625 0.21250000000000008 0.45625 0.21250000000000008
1 0.46875 0.19062500000000004 0.4578125 0.19062500000000004 0.4578125 0.21250000000000008 0.46875 0.21250000000000008
1 0.4203125 0.41875 0.4078125 0.41875 0.4078125 0.440625 0.4203125 0.440625
1 0.43125 0.415625 0.41875 0.415625 0.41875 0.4421875 0.43125 0.4421875
2 0.4390625 0.4125 0.43125 0.4125 0.43125 0.4265625 0.4390625 0.4265625
1 0.425 0.2562500000000001 0.4171875 0.2562500000000001 0.4171875 0.2765625000000001 0.425 0.2765625000000001
1 0.4359375 0.2578125000000001 0.4265625 0.2578125000000001 0.4265625 0.2750000000000001 0.4359375 0.2750000000000001
1 0.45 0.3390625000000001 0.4375 0.3390625000000001 0.4375 0.3531250000000001 0.45 0.3531250000000001
1 0.484375 0.3265625000000001 0.471875 0.3265625000000001 0.471875 0.3343750000000001 0.484375 0.3343750000000001
1 0.5109375 0.3281250000000001 0.5 0.3281250000000001 0.5 0.3375000000000001 0.5109375 0.3375000000000001
1 0.4 0.3281250000000001 0.3875 0.3281250000000001 0.3875 0.34062500000000007 0.4 0.34062500000000007
1 0.3703125 0.33906250000000004 0.35625 0.3390625 0.35625 0.35468750000000004 0.3703125 0.3546875000000001
1 0.5953125 0.2578125000000001 0.5859375 0.2578125000000001 0.5859375 0.2734375000000001 0.5953125 0.2734375000000001
1 0.61875 0.3937500000000001 0.609375 0.3937500000000001 0.609375 0.41875 0.61875 0.41875
1 0.6265625 0.3921875000000001 0.6171875 0.3921875000000001 0.6171875 0.41875 0.6265625 0.41875
1 0.5234375 0.4265625 0.5125 0.4265625 0.5125 0.45 0.5234375 0.45
1 0.5296875 0.434375 0.521875 0.434375 0.521875 0.4515625 0.5296875 0.4515625
1 0.36406250000000007 0.428125 0.3546875000000001 0.428125 0.3546875000000001 0.453125 0.36406250000000007 0.453125
1 0.3703125000000001 0.4375 0.36406250000000007 0.4375 0.36406250000000007 0.45625 0.3703125000000001 0.45625
1 0.42500000000000016 0.7625 0.4125000000000002 0.7625 0.4125000000000002 0.7765625 0.42500000000000016 0.7765625
1 0.4125 0.6875 0.403125 0.6875 0.403125 0.703125 0.4125 0.703125
1 0.628125 0.6109375 0.6125 0.6109375 0.6125 0.628125 0.628125 0.628125
1 0.628125 0.6515625 0.6171875 0.6515625 0.6171875 0.675 0.628125 0.675
1 0.828125 0.3390625000000001 0.8140625 0.3390625000000001 0.8140625 0.35625000000000007 0.828125 0.35625000000000007
1 0.7625 0.4312500000000002 0.75 0.4312500000000002 0.75 0.45625000000000016 0.7625 0.45625000000000016
1 0.2609375 0.3390625 0.25 0.3390625 0.25 0.35 0.2609375 0.35
1 0.3671875 0.33125000000000004 0.3546875 0.33125 0.3546875 0.34218750000000003 0.3671875 0.3421875000000001
2 0.6359375 0.3906250000000001 0.628125 0.3906250000000001 0.628125 0.4 0.6359375 0.4