1 0.2312500000000001 0.4046875 0.20312500000000008 0.4046875 0.20312500000000008 0.434375 0.2312500000000001 0.434375
0 0.79375 0.6390625000000002 0.7640625 0.6390625000000002 0.7640625 0.6453125000000002 0.79375 0.6453125000000002
1 0.7921875 0.6265625000000001 0.7765625 0.6265625000000001 0.7765625 0.6406250000000002 0.7921875 0.6406250000000002
0 0.2296875000000001 0.5015625 0.22031250000000008 0.5015625 0.22031250000000008 0.5953125 0.2296875000000001 0.5953125
0 0.2984375000000001 0.4234375 0.21093750000000008 0.4234375 0.21093750000000008 0.475 0.2984375000000001 0.475
2 0.3390625000000001 0.471875 0.2843750000000001 0.471875 0.2843750000000001 0.5078125 0.3390625000000001 0.5078125
0 0.3703125000000001 0.6390625 0.28593750000000007 0.6390625 0.28593750000000007 0.646875 0.3703125000000001 0.646875
0 0.3468750000000001 0.6171875 0.2843750000000001 0.6171875 0.2843750000000001 0.6234375 0.3468750000000001 0.6234375
0 0.2453125000000001 0.69375 0.2078125000000001 0.69375 0.2078125000000001 0.703125 0.2453125000000001 0.703125
0 0.4953125 0.6953125 0.28593750000000007 0.6953125 0.28593750000000007 0.703125 0.4953125 0.703125
0 0.496875 0.6375 0.3703125000000001 0.6375 0.3703125000000001 0.6453125 0.496875 0.6453125
0 0.34062500000000007 0.5078125 0.3343750000000001 0.5078125 0.3343750000000001 0.59375 0.34062500000000007 0.59375
0 0.534375 0.50625 0.528125 0.50625 0.528125 0.59375 0.534375 0.59375
0 0.6421875 0.6984375 0.5546875 0.6984375 0.5546875 0.7046875 0.6421875 0.7046875
0 0.68125 0.48125 0.675 0.48125 0.675 0.625 0.68125 0.625
0 0.728125 0.6968750000000001 0.6875 0.696875 0.6875 0.7031250000000001 0.728125 0.7031250000000002
0 0.7875 0.6968750000000001 0.759375 0.6968750000000001 0.759375 0.7046875000000001 0.7875 0.7046875000000001
0 0.7953125 0.6718750000000002 0.7640625 0.6718750000000002 0.7640625 0.6796875000000002 0.7953125 0.6796875000000002
0 0.75625 0.6718750000000002 0.740625 0.6718750000000002 0.740625 0.6781250000000002 0.75625 0.6781250000000002
0 0.7609375 0.6390625000000002 0.746875 0.6390625000000002 0.746875 0.6437500000000002 0.7609375 0.6437500000000002
0 0.840625 0.5046875000000002 0.8359375 0.5046875000000002 0.8359375 0.5984375000000002 0.840625 0.5984375000000002
0 0.8625 0.5000000000000002 0.8578125 0.5000000000000002 0.8578125 0.6015625000000002 0.8625 0.6015625000000002
0 0.7578125 0.4625000000000002 0.734375 0.4625000000000002 0.734375 0.46875000000000017 0.7578125 0.46875000000000017
0 0.7953125 0.46093750000000017 0.7703125 0.46093750000000017 0.7703125 0.46875000000000017 0.7953125 0.46875000000000017