0 0.2890625 0.08281250000000004 0.221875 0.08281250000000002 0.221875 0.18593750000000003 0.2890625 0.18593750000000003
0 0.4265625 0.07812500000000004 0.3484375 0.07812500000000004 0.3484375 0.14218750000000005 0.4265625 0.14218750000000005
0 0.15625000000000003 1.703024455064288e-17 0.121875 1.492538286460837e-17 0.12187500000000002 0.4703125 0.15625000000000006 0.4703125
0 1 0.859375 0.1531250000000001 0.859375 0.1531250000000001 0.9 1 0.9
1 0.6578125000000001 0.86875 0.6484375000000002 0.86875 0.6484375000000002 0.8875 0.6578125000000001 0.8875
1 0.6640625000000002 0.86875 0.6562500000000002 0.86875 0.6562500000000002 0.8859375 0.6640625000000002 0.8859375
1 0.6484375000000002 0.86875 0.6406250000000002 0.86875 0.6406250000000002 0.8859375 0.6484375000000002 0.8859375
0 0.7234375 0.08125000000000009 0.64375 0.08125000000000009 0.64375 0.22812500000000008 0.7234375 0.22812500000000008
0 0.675 0.07812500000000008 0.615625 0.07812500000000007 0.615625 0.1281250000000001 0.675 0.1281250000000001
0 0.675 0.0031250000000000782 0.596875 0.0031250000000000735 0.596875 0.05781250000000008 0.675 0.057812500000000086
0 0.9546875 0.006250000000000112 0.8859375 0.006250000000000108 0.8859375 0.17031250000000012 0.9546875 0.17031250000000014
0 0.8828125 0.006250000000000105 0.8375 0.006250000000000103 0.8375 0.09062500000000011 0.8828125 0.09062500000000011
1 0.12656250000000005 0.2015625 0.11562500000000005 0.2015625 0.11562500000000005 0.2140625 0.12656250000000005 0.2140625
1 0.12656250000000005 0.1890625 0.11406250000000004 0.1890625 0.11406250000000004 0.2015625 0.12656250000000005 0.2015625
1 0.2890625 0.048437500000000036 0.275 0.048437500000000036 0.275 0.07812500000000004 0.2890625 0.07812500000000004
1 0.4046875 0.050000000000000044 0.3890625 0.050000000000000044 0.3890625 0.07968750000000005 0.4046875 0.07968750000000005
1 0.6640625 0.046875000000000076 0.6484375 0.046875000000000076 0.6484375 0.07343750000000009 0.6640625 0.07343750000000009
1 0.715625 0.04843750000000009 0.7078125 0.04843750000000009 0.7078125 0.07656250000000009 0.715625 0.07656250000000009