0 0.5515625 0.0015625000000000632 0.4828125 0.001562500000000059 0.4828125 0.2640625000000001 0.5515625 0.2640625000000001
0 0.5140625 0.03593750000000006 0.4796875 0.03593750000000005 0.4796875 0.11718750000000004 0.5140625 0.11718750000000004
0 0.4546875 0.18437500000000004 0.4171875 0.18437500000000004 0.4171875 0.26250000000000007 0.4546875 0.26250000000000007
0 0.515625 0.15468750000000003 0.44375 0.15468750000000003 0.44375 0.26250000000000007 0.515625 0.26250000000000007
0 0.446875 0.26093750000000004 0.353125 0.2609375 0.353125 0.33906250000000004 0.446875 0.3390625000000001
0 0.7390625 0.2578125000000001 0.646875 0.2578125000000001 0.646875 0.3281250000000001 0.7390625 0.3281250000000001
0 0.7359375 0.15781250000000008 0.715625 0.15781250000000008 0.715625 0.3281250000000001 0.7359375 0.3281250000000001
0 0.66875 0.1593750000000001 0.64375 0.1593750000000001 0.64375 0.3281250000000001 0.66875 0.3281250000000001
0 0.775 0.037500000000000096 0.7359375 0.03750000000000009 0.7359375 0.15000000000000008 0.775 0.15000000000000008
0 0.771875 0.006250000000000091 0.715625 0.006250000000000089 0.715625 0.10312500000000009 0.771875 0.10312500000000009
0 0.6484375 0.01875000000000008 0.61875 0.01875000000000008 0.61875 0.1312500000000001 0.6484375 0.1312500000000001
0 0.3765625 0.16562500000000005 0.3140625 0.16562500000000005 0.3140625 0.24218750000000006 0.3765625 0.24218750000000008
0 0.35 0.13906250000000003 0.3125 0.13906250000000003 0.3125 0.17187500000000006 0.35 0.17187500000000006
0 0.6515625 0.1593750000000001 0.60625 0.1593750000000001 0.60625 0.1984375000000001 0.6515625 0.1984375000000001
0 0.43125 0.004687500000000048 0.3640625 0.004687500000000044 0.3640625 0.07812500000000004 0.43125 0.07812500000000004
1 0.3515625000000001 0.484375 0.3437500000000001 0.484375 0.3437500000000001 0.50625 0.3515625000000001 0.50625
1 0.3609375000000001 0.4859375 0.3531250000000001 0.4859375 0.3531250000000001 0.503125 0.3609375000000001 0.503125
1 0.3515625000000001 0.5296875 0.3437500000000001 0.5296875 0.3437500000000001 0.5484375 0.3515625000000001 0.5484375
1 0.3609375000000001 0.5265625 0.3515625000000001 0.5265625 0.3515625000000001 0.55 0.3609375000000001 0.55
1 0.3515625000000001 0.575 0.3453125000000001 0.575 0.3453125000000001 0.5921875 0.3515625000000001 0.5921875
1 0.3609375000000001 0.575 0.3531250000000001 0.575 0.3531250000000001 0.59375 0.3609375000000001 0.59375
1 0.3515625000000001 0.6203125 0.3421875000000001 0.6203125 0.3421875000000001 0.6390625 0.3515625000000001 0.6390625
1 0.3593750000000001 0.61875 0.3515625000000001 0.61875 0.3515625000000001 0.6390625 0.3593750000000001 0.6390625
1 0.3515625000000001 0.6640625 0.3437500000000001 0.6640625 0.3437500000000001 0.6828125 0.3515625000000001 0.6828125
1 0.3593750000000001 0.6609375 0.3515625000000001 0.6609375 0.3515625000000001 0.68125 0.3593750000000001 0.68125
1 0.3531250000000001 0.709375 0.3437500000000001 0.709375 0.3437500000000001 0.73125 0.3531250000000001 0.73125
1 0.3578125000000001 0.7078125 0.3515625000000001 0.7078125 0.3515625000000001 0.7265625 0.3578125000000001 0.7265625
1 0.35625000000000007 0.978125 0.3375000000000001 0.978125 0.3375000000000001 0.9953125 0.35625000000000007 0.9953125
1 0.3671875000000001 0.9296875 0.3359375000000001 0.9296875 0.3359375000000001 0.95625 0.3671875000000001 0.95625
1 0.36406250000000007 0.8828125 0.3375000000000001 0.8828125 0.3375000000000001 0.90625 0.36406250000000007 0.90625
1 0.36406250000000007 0.8375 0.3359375000000001 0.8375 0.3359375000000001 0.859375 0.36406250000000007 0.859375
1 0.3625000000000001 0.7921875 0.3390625000000001 0.7921875 0.3390625000000001 0.821875 0.3625000000000001 0.821875
1 0.3453125000000001 0.7546875 0.3375000000000001 0.7546875 0.3375000000000001 0.771875 0.3453125000000001 0.771875
1 0.3515625000000001 0.753125 0.3437500000000001 0.753125 0.3437500000000001 0.771875 0.3515625000000001 0.771875
1 0.3593750000000001 0.7515625 0.3515625000000001 0.7515625 0.3515625000000001 0.7703125 0.3593750000000001 0.7703125
1 0.4078125000000002 0.9765625 0.3843750000000001 0.9765625 0.3843750000000001 1 0.4078125000000002 1
1 0.4109375000000002 0.9296875 0.3843750000000001 0.9296875 0.3843750000000001 0.9546875 0.4109375000000002 0.9546875
1 0.4078125000000002 0.8828125 0.3890625000000001 0.8828125 0.3890625000000001 0.909375 0.4078125000000002 0.909375
1 0.4109375000000002 0.8359375 0.3890625000000001 0.8359375 0.3890625000000001 0.8640625 0.4109375000000002 0.8640625
1 0.4109375000000002 0.7921875 0.3890625000000001 0.7921875 0.3890625000000001 0.815625 0.4109375000000002 0.815625
1 0.40937500000000016 0.7484375 0.3906250000000001 0.7484375 0.3906250000000001 0.7703125 0.40937500000000016 0.7703125
1 0.4062500000000001 0.70625 0.3921875000000001 0.70625 0.3921875000000001 0.7296875 0.40625000000000017 0.7296875
1 0.40625 0.6625 0.3906250000000001 0.6625 0.3906250000000001 0.6828125 0.40625 0.6828125
1 0.409375 0.61875 0.3906250000000001 0.61875 0.3906250000000001 0.6390625 0.409375 0.6390625
1 0.4078125 0.5703125 0.3921875000000001 0.5703125 0.3921875000000001 0.5921875 0.4078125 0.5921875
1 0.40625 0.528125 0.3921875000000001 0.528125 0.3921875000000001 0.55 0.40625 0.55
1 0.40625 0.484375 0.3921875000000001 0.484375 0.3921875000000001 0.5046875 0.40625 0.5046875
1 0.4578125 0.4828125 0.44375 0.4828125 0.44375 0.50625 0.4578125 0.50625
1 0.4578125 0.571875 0.4390625 0.571875 0.4390625 0.59375 0.4578125 0.59375
1 0.4578125 0.5296875 0.4375 0.5296875 0.4375 0.5484375 0.4578125 0.5484375
1 0.4578125 0.65625 0.4375 0.65625 0.4375 0.684375 0.4578125 0.684375
1 0.459375 0.6171875 0.4390625 0.6171875 0.4390625 0.6390625 0.459375 0.6390625
1 0.4593750000000001 0.70625 0.440625 0.70625 0.4406250000000001 0.7296875 0.4593750000000002 0.7296875
1 0.45625000000000016 0.75 0.44062500000000016 0.75 0.44062500000000016 0.7734375 0.45625000000000016 0.7734375
1 0.46093750000000017 0.8359375 0.4390625000000002 0.8359375 0.4390625000000002 0.865625 0.46093750000000017 0.865625
1 0.4578125000000002 0.796875 0.43750000000000017 0.796875 0.43750000000000017 0.8171875 0.4578125000000002 0.8171875
1 0.4546875000000002 0.8828125 0.4390625000000002 0.8828125 0.4390625000000002 0.9046875 0.4546875000000002 0.9046875
1 0.45625000000000016 0.971875 0.4343750000000002 0.971875 0.4343750000000002 0.9921875 0.45625000000000016 0.9921875
1 0.4578125000000002 0.93125 0.43750000000000017 0.93125 0.43750000000000017 0.946875 0.4578125000000002 0.946875
1 0.503125 0.48125 0.4890625 0.48125 0.4890625 0.503125 0.503125 0.503125
1 0.50625 0.528125 0.4890625 0.528125 0.4890625 0.5515625 0.50625 0.5515625
1 0.50625 0.5734375 0.4875 0.5734375 0.4875 0.59375 0.50625 0.59375
1 0.503125 0.61875 0.4875 0.61875 0.4875 0.6375 0.503125 0.6375
1 0.5046875 0.6625 0.4890625 0.6625 0.4890625 0.68125 0.5046875 0.68125
1 0.503125 0.70625 0.4875 0.70625 0.4875 0.725 0.503125 0.725
1 0.5046875000000002 0.7515625 0.48750000000000016 0.7515625 0.48750000000000016 0.7671875 0.5046875000000002 0.7671875
1 0.5062500000000002 0.796875 0.48750000000000016 0.796875 0.48750000000000016 0.8171875 0.5062500000000002 0.8171875
1 0.5046875000000002 0.840625 0.48750000000000016 0.840625 0.48750000000000016 0.8625 0.5046875000000002 0.8625
1 0.5046875000000002 0.8859375 0.48750000000000016 0.8859375 0.48750000000000016 0.9078125 0.5046875000000002 0.9078125
1 0.5046875000000002 0.925 0.4812500000000002 0.925 0.4812500000000002 0.9484375 0.5046875000000002 0.9484375
1 0.5031250000000002 0.9734375 0.47968750000000016 0.9734375 0.47968750000000016 0.9953125 0.5031250000000002 0.9953125
1 0.5531250000000002 0.9734375 0.5359375000000002 0.9734375 0.5359375000000002 0.996875 0.5531250000000002 0.996875
1 0.5515625000000002 0.928125 0.5359375000000002 0.928125 0.5359375000000002 0.9515625 0.5515625000000002 0.9515625
1 0.5531250000000002 0.8828125 0.5328125000000001 0.8828125 0.5328125000000001 0.9046875 0.5531250000000002 0.9046875
1 0.5531250000000002 0.8390625 0.5343750000000002 0.8390625 0.5343750000000002 0.859375 0.5531250000000002 0.859375
1 0.5531250000000002 0.7953125 0.5359375000000002 0.7953125 0.5359375000000002 0.8171875 0.5531250000000002 0.8171875
1 0.5515625000000002 0.753125 0.5343750000000002 0.753125 0.5343750000000002 0.7734375 0.5515625000000002 0.7734375
1 0.5515625000000001 0.7046875 0.5375 0.7046875 0.5375000000000001 0.728125 0.5515625000000002 0.728125
1 0.5515625 0.6625 0.534375 0.6625 0.534375 0.684375 0.5515625 0.684375
1 0.55 0.61875 0.5375 0.61875 0.5375 0.6375 0.55 0.6375
1 0.5546875 0.5734375 0.5359375 0.5734375 0.5359375 0.5953125 0.5546875 0.5953125
1 0.5515625 0.5296875 0.5359375 0.5296875 0.5359375 0.55 0.5515625 0.55
1 0.553125 0.4859375 0.5359375 0.4859375 0.5359375 0.5046875 0.553125 0.5046875
1 0.590625 0.4859375 0.584375 0.4859375 0.584375 0.5046875 0.590625 0.5046875
1 0.6015625 0.4859375 0.590625 0.4859375 0.590625 0.5046875 0.6015625 0.5046875
1 0.646875 0.4875 0.6390625 0.4875 0.6390625 0.5046875 0.646875 0.5046875
1 0.6859375 0.4859375 0.678125 0.4859375 0.678125 0.5046875 0.6859375 0.5046875
1 0.69375 0.4859375 0.6875 0.4859375 0.6875 0.5046875 0.69375 0.5046875
1 0.734375 0.4859375000000002 0.7296875 0.4859375000000002 0.7296875 0.5046875000000002 0.734375 0.5046875000000002
1 0.74375 0.4859375000000002 0.734375 0.4859375000000002 0.734375 0.5046875000000002 0.74375 0.5046875000000002
1 0.784375 0.5328125000000001 0.7765625 0.5328125000000001 0.7765625 0.5531250000000002 0.784375 0.5531250000000002
1 0.590625 0.53125 0.5859375 0.53125 0.5859375 0.55 0.590625 0.55
1 0.6 0.5296875 0.590625 0.5296875 0.590625 0.5484375 0.6 0.5484375
1 0.6484375 0.5296875 0.6390625 0.5296875 0.6390625 0.5484375 0.6484375 0.5484375
1 0.6890625 0.5296875 0.6796875 0.5296875 0.6796875 0.5484375 0.6890625 0.5484375
1 0.69375 0.53125 0.6890625 0.53125 0.6890625 0.5484375 0.69375 0.5484375
1 0.734375 0.5312500000000002 0.7296875 0.5312500000000002 0.7296875 0.5468750000000002 0.734375 0.5468750000000002
1 0.74375 0.5312500000000002 0.7359375 0.5312500000000002 0.7359375 0.5484375000000001 0.74375 0.5484375000000001
1 0.5890625 0.575 0.5859375 0.575 0.5859375 0.59375 0.5890625 0.59375
1 0.6 0.575 0.5921875 0.575 0.5921875 0.59375 0.6 0.59375
1 0.6390625 0.575 0.634375 0.575 0.634375 0.59375 0.6390625 0.59375
1 0.6484375 0.575 0.6390625 0.575 0.6390625 0.59375 0.6484375 0.59375
1 0.6875 0.5734375 0.6796875 0.5734375 0.6796875 0.5921875 0.6875 0.5921875
1 0.6953125 0.5734375 0.6890625 0.5734375 0.6890625 0.5921875 0.6953125 0.5921875
1 0.734375 0.5765625000000002 0.7296875 0.5765625000000002 0.7296875 0.5937500000000002 0.734375 0.5937500000000002
1 0.74375 0.5734375000000002 0.7328125 0.5734375000000002 0.7328125 0.5921875000000002 0.74375 0.5921875000000002
1 0.590625 0.61875 0.584375 0.61875 0.584375 0.6375 0.590625 0.6375
1 0.5984375 0.6203125 0.590625 0.6203125 0.590625 0.6359375 0.5984375 0.6359375
1 0.5921875 0.6609375 0.584375 0.6609375 0.584375 0.68125 0.5921875 0.68125
1 0.6 0.6640625 0.5921875 0.6640625 0.5921875 0.6828125 0.6 0.6828125
1 0.5906250000000001 0.7078125 0.5828125 0.7078125 0.5828125000000001 0.7265625 0.5906250000000002 0.7265625
1 0.5984375 0.7078125 0.5921875 0.7078125 0.5921875 0.725 0.5984375 0.725
1 0.5921875000000002 0.75 0.5843750000000002 0.75 0.5843750000000002 0.7734375 0.5921875000000002 0.7734375
1 0.5984375000000002 0.753125 0.5906250000000002 0.753125 0.5906250000000002 0.771875 0.5984375000000002 0.771875
1 0.5921875000000002 0.7953125 0.5828125000000002 0.7953125 0.5828125000000002 0.815625 0.5921875000000002 0.815625
1 0.5984375000000002 0.7984375 0.5921875000000002 0.7984375 0.5921875000000002 0.8140625 0.5984375000000002 0.8140625
1 0.5906250000000002 0.8421875 0.5843750000000002 0.8421875 0.5843750000000002 0.859375 0.5906250000000002 0.859375
1 0.6000000000000002 0.8421875 0.5906250000000002 0.8421875 0.5906250000000002 0.859375 0.6000000000000002 0.859375
1 0.5921875000000002 0.884375 0.5859375000000002 0.884375 0.5859375000000002 0.9046875 0.5921875000000002 0.9046875
1 0.6000000000000002 0.8875 0.5906250000000002 0.8875 0.5906250000000002 0.9046875 0.6000000000000002 0.9046875
1 0.5906250000000002 0.9296875 0.5843750000000002 0.9296875 0.5843750000000002 0.9484375 0.5906250000000002 0.9484375
1 0.6000000000000002 0.93125 0.5906250000000002 0.93125 0.5906250000000002 0.9484375 0.6000000000000002 0.9484375
1 0.5921875000000002 0.975 0.5828125000000002 0.975 0.5828125000000002 0.99375 0.5921875000000002 0.99375
1 0.5984375000000002 0.975 0.5921875000000002 0.975 0.5921875000000002 0.99375 0.5984375000000002 0.99375
1 0.6390625000000002 0.975 0.6328125000000002 0.975 0.6328125000000002 0.99375 0.6390625000000002 0.99375
1 0.6468750000000002 0.975 0.6390625000000002 0.975 0.6390625000000002 0.99375 0.6468750000000002 0.99375
1 0.6390625000000002 0.9328125 0.6328125000000002 0.9328125 0.6328125000000002 0.9484375 0.6390625000000002 0.9484375
1 0.6484375000000002 0.93125 0.6390625000000002 0.93125 0.6390625000000002 0.9484375 0.6484375000000002 0.9484375
1 0.6406250000000002 0.8859375 0.6328125000000002 0.8859375 0.6328125000000002 0.9046875 0.6406250000000002 0.9046875
1 0.6468750000000002 0.8859375 0.6406250000000002 0.8859375 0.6406250000000002 0.90625 0.6468750000000002 0.90625
1 0.6390625000000002 0.8421875 0.6328125000000002 0.8421875 0.6328125000000002 0.859375 0.6390625000000002 0.859375
1 0.6484375000000002 0.8421875 0.6406250000000002 0.8421875 0.6406250000000002 0.8578125 0.6484375000000002 0.8578125
1 0.6406250000000002 0.7953125 0.6328125000000002 0.7953125 0.6328125000000002 0.815625 0.6406250000000002 0.815625
1 0.6468750000000002 0.796875 0.6390625000000002 0.796875 0.6390625000000002 0.815625 0.6468750000000002 0.815625
1 0.6390625000000002 0.753125 0.6328125000000002 0.753125 0.6328125000000002 0.7703125 0.6390625000000002 0.7703125
1 0.6453125000000002 0.753125 0.6390625000000002 0.753125 0.6390625000000002 0.7703125 0.6453125000000002 0.7703125
1 0.6390625000000001 0.7078125 0.634375 0.7078125 0.6343750000000001 0.7265625 0.6390625000000002 0.7265625
1 0.646875 0.70625 0.6390625 0.70625 0.6390625 0.725 0.646875 0.725
1 0.6390625 0.6609375 0.6328125 0.6609375 0.6328125 0.6828125 0.6390625 0.6828125
1 0.6484375 0.6640625 0.6390625 0.6640625 0.6390625 0.6828125 0.6484375 0.6828125
1 0.6390625 0.61875 0.6328125 0.61875 0.6328125 0.6390625 0.6390625 0.6390625
1 0.6484375 0.61875 0.6390625 0.61875 0.6390625 0.6375 0.6484375 0.6375
1 0.6875 0.61875 0.6796875 0.61875 0.6796875 0.6375 0.6875 0.6375
1 0.696875 0.61875 0.6890625 0.61875 0.6890625 0.6375 0.696875 0.6375
1 0.6875 0.6625 0.68125 0.6625 0.68125 0.68125 0.6875 0.68125
1 0.6953125 0.6625 0.6875 0.6625 0.6875 0.68125 0.6953125 0.68125
1 0.6875000000000001 0.709375 0.6796875 0.709375 0.6796875000000001 0.7265625 0.6875000000000002 0.7265625
1 0.6953125 0.7078125 0.6875 0.7078125 0.6875 0.725 0.6953125 0.725
1 0.6875000000000002 0.7515625 0.6796875000000002 0.7515625 0.6796875000000002 0.771875 0.6875000000000002 0.771875
1 0.6968750000000001 0.7515625 0.6875000000000002 0.7515625 0.6875000000000002 0.7703125 0.6968750000000001 0.7703125
1 0.6890625000000001 0.796875 0.6796875000000002 0.796875 0.6796875000000002 0.815625 0.6890625000000001 0.815625
1 0.6953125000000002 0.796875 0.6875000000000002 0.796875 0.6875000000000002 0.8140625 0.6953125000000002 0.8140625
1 0.6875000000000002 0.8421875 0.6796875000000002 0.8421875 0.6796875000000002 0.8578125 0.6875000000000002 0.8578125
1 0.6953125000000002 0.8421875 0.6875000000000002 0.8421875 0.6875000000000002 0.859375 0.6953125000000002 0.859375
1 0.6890625000000001 0.8859375 0.6781250000000002 0.8859375 0.6781250000000002 0.9046875 0.6890625000000001 0.9046875
1 0.6953125000000002 0.8875 0.6875000000000002 0.8875 0.6875000000000002 0.903125 0.6953125000000002 0.903125
1 0.6890625000000001 0.9328125 0.6796875000000002 0.9328125 0.6796875000000002 0.95 0.6890625000000001 0.95
1 0.6968750000000001 0.93125 0.6890625000000001 0.93125 0.6890625000000001 0.95 0.6968750000000001 0.95
1 0.6796875000000002 0.9765625 0.6734375000000001 0.9765625 0.6734375000000001 0.9953125 0.6796875000000002 0.9953125
1 0.6859375000000002 0.9734375 0.6812500000000001 0.9734375 0.6812500000000001 0.9921875 0.6859375000000002 0.9921875
1 0.6953125000000002 0.9765625 0.6859375000000002 0.9765625 0.6859375000000002 0.99375 0.6953125000000002 0.99375
1 0.7359375 0.6187500000000001 0.728125 0.6187500000000001 0.728125 0.6375000000000002 0.7359375 0.6375000000000002
1 0.74375 0.6171875000000002 0.7359375 0.6171875000000002 0.7359375 0.6375000000000002 0.74375 0.6375000000000002
1 0.734375 0.6625000000000002 0.728125 0.6625000000000002 0.728125 0.6828125000000002 0.734375 0.6828125000000002
1 0.7421875 0.6640625000000002 0.7359375 0.6640625000000002 0.7359375 0.6828125000000002 0.7421875 0.6828125000000002
1 0.7359375000000001 0.7078125000000002 0.7296875 0.7078125000000002 0.7296875 0.7265625000000002 0.7359375000000001 0.7265625000000002
1 0.7437500000000001 0.7062500000000002 0.7359375 0.7062500000000002 0.7359375000000001 0.7281250000000001 0.7437500000000001 0.7281250000000001
1 0.7359375000000001 0.7500000000000002 0.7281250000000001 0.7500000000000002 0.7281250000000001 0.7703125000000002 0.7359375000000001 0.7703125000000002
1 0.7437500000000001 0.7531250000000002 0.7359375000000001 0.7531250000000002 0.7359375000000001 0.7703125000000002 0.7437500000000001 0.7703125000000002
1 0.7359375000000001 0.7953125000000002 0.7281250000000001 0.7953125000000002 0.7281250000000001 0.8171875 0.7359375000000001 0.8171875
1 0.7406250000000002 0.7984375000000001 0.7359375000000001 0.7984375000000001 0.7359375000000001 0.8140625 0.7406250000000002 0.8140625
1 0.7359375000000001 0.840625 0.7281250000000001 0.840625 0.7281250000000001 0.8609375 0.7359375000000001 0.8609375
1 0.7437500000000001 0.8421875 0.7359375000000001 0.8421875 0.7359375000000001 0.859375 0.7437500000000001 0.859375
1 0.7359375000000001 0.8859375 0.7281250000000001 0.8859375 0.7281250000000001 0.9046875 0.7359375000000001 0.9046875
1 0.7437500000000001 0.8859375 0.7359375000000001 0.8859375 0.7359375000000001 0.9046875 0.7437500000000001 0.9046875
1 0.7359375000000001 0.93125 0.7296875000000002 0.93125 0.7296875000000002 0.9484375 0.7359375000000001 0.9484375
1 0.7437500000000001 0.93125 0.7343750000000002 0.93125 0.7343750000000002 0.9484375 0.7437500000000001 0.9484375
1 0.7359375000000001 0.9734375 0.7265625000000002 0.9734375 0.7265625000000002 0.99375 0.7359375000000001 0.99375
1 0.7421875000000002 0.9734375 0.7359375000000001 0.9734375 0.7359375000000001 0.99375 0.7421875000000002 0.99375
1 0.7828125000000001 0.828125 0.7750000000000001 0.828125 0.7750000000000001 0.846875 0.7828125000000001 0.846875
1 0.784375 0.6968750000000001 0.775 0.6968750000000001 0.775 0.7125000000000001 0.784375 0.7125000000000001
1 0.83125 0.5015625000000001 0.8234375 0.5015625000000001 0.8234375 0.5218750000000002 0.83125 0.5218750000000002
1 0.83125 0.5906250000000002 0.825 0.5906250000000002 0.825 0.6062500000000002 0.83125 0.6062500000000002
1 0.8328125 0.6625000000000002 0.825 0.6625000000000002 0.825 0.6812500000000001 0.8328125 0.6812500000000001
1 0.821875 0.7109375000000002 0.81875 0.7109375000000002 0.81875 0.7281250000000001 0.821875 0.7281250000000001
1 0.8328125 0.7078125000000002 0.8234375 0.7078125000000002 0.8234375 0.7265625000000002 0.8328125 0.7265625000000002
1 0.8234375 0.7531250000000002 0.8171875 0.7531250000000002 0.8171875 0.7718750000000002 0.8234375 0.7718750000000002
1 0.83125 0.7531250000000002 0.825 0.7531250000000002 0.825 0.7687500000000002 0.83125 0.7687500000000002
1 0.821875 0.7968750000000002 0.81875 0.7968750000000002 0.81875 0.8171875 0.821875 0.8171875
1 0.8328125 0.7953125000000002 0.8234375 0.7953125000000002 0.8234375 0.815625 0.8328125 0.815625
1 0.8234375 0.8421875 0.8171875 0.8421875 0.8171875 0.8578125 0.8234375 0.8578125
1 0.83125 0.8421875 0.8234375 0.8421875 0.8234375 0.859375 0.83125 0.859375
1 0.8234375 0.8859375 0.815625 0.8859375 0.815625 0.903125 0.8234375 0.903125
1 0.8328125 0.8859375 0.825 0.8859375 0.825 0.9046875 0.8328125 0.9046875
1 0.8234375 0.9453125 0.8171875 0.9453125 0.8171875 0.9640625 0.8234375 0.9640625
1 0.83125 0.946875 0.821875 0.946875 0.821875 0.9640625 0.83125 0.9640625
1 0.8625 0.4109375000000002 0.8578125 0.4109375000000002 0.8578125 0.42500000000000016 0.8625 0.42500000000000016
1 0.86875 0.4859375000000002 0.8609375 0.4859375000000002 0.8609375 0.5046875000000002 0.86875 0.5046875000000002
1 0.88125 0.48437500000000017 0.8734375 0.48437500000000017 0.8734375 0.5046875000000002 0.88125 0.5046875000000002
1 0.8859375 0.4859375000000002 0.8796875 0.4859375000000002 0.8796875 0.5046875000000002 0.8859375 0.5046875000000002
1 0.878125 0.5296875000000002 0.875 0.5296875000000002 0.875 0.5484375000000001 0.878125 0.5484375000000001
1 0.8875 0.5312500000000002 0.88125 0.5312500000000002 0.88125 0.5468750000000002 0.8875 0.5468750000000002
1 0.86875 0.5296875000000002 0.859375 0.5296875000000002 0.859375 0.5484375000000001 0.86875 0.5484375000000001
1 0.86875 0.5718750000000001 0.8609375 0.5718750000000001 0.8609375 0.5921875000000002 0.86875 0.5921875000000002
1 0.878125 0.5750000000000002 0.8734375 0.5750000000000002 0.8734375 0.5937500000000002 0.878125 0.5937500000000002
1 0.8875 0.5750000000000002 0.8796875 0.5750000000000002 0.8796875 0.5921875000000002 0.8875 0.5921875000000002
1 0.8796875 0.6187500000000001 0.871875 0.6187500000000001 0.871875 0.6390625000000002 0.8796875 0.6390625000000002
1 0.8859375 0.6187500000000001 0.88125 0.6187500000000001 0.88125 0.6375000000000002 0.8859375 0.6375000000000002
1 0.86875 0.6203125000000002 0.8609375 0.6203125000000002 0.8609375 0.6359375000000002 0.86875 0.6359375000000002
1 0.8703125 0.6625000000000002 0.8609375 0.6625000000000002 0.8609375 0.6828125000000002 0.8703125 0.6828125000000002
1 0.8703125 0.7093750000000002 0.8609375 0.7093750000000002 0.8609375 0.7250000000000002 0.8703125 0.7250000000000002
1 0.8796875 0.7078125000000002 0.871875 0.7078125000000002 0.871875 0.7265625000000002 0.8796875 0.7265625000000002
1 0.8859375 0.7078125000000002 0.8796875 0.7078125000000002 0.8796875 0.7265625000000002 0.8859375 0.7265625000000002
1 0.8796875 0.6625000000000002 0.871875 0.6625000000000002 0.871875 0.6812500000000001 0.8796875 0.6812500000000001
1 0.8875 0.6640625000000002 0.8796875 0.6640625000000002 0.8796875 0.6812500000000001 0.8875 0.6812500000000001
1 0.8671875 0.7531250000000002 0.8625 0.7531250000000002 0.8625 0.7703125000000002 0.8671875 0.7703125000000002
1 0.8796875 0.7531250000000002 0.871875 0.7531250000000002 0.871875 0.7703125000000002 0.8796875 0.7703125000000002
1 0.8875 0.7531250000000002 0.88125 0.7531250000000002 0.88125 0.7703125000000002 0.8875 0.7703125000000002
1 0.86875 0.7968750000000002 0.8625 0.7968750000000002 0.8625 0.815625 0.86875 0.815625
1 0.878125 0.7984375000000001 0.871875 0.7984375000000001 0.871875 0.815625 0.878125 0.815625
1 0.8875 0.7968750000000002 0.8796875 0.7968750000000002 0.8796875 0.815625 0.8875 0.815625
1 0.86875 0.84375 0.8625 0.84375 0.8625 0.859375 0.86875 0.859375
1 0.8796875 0.840625 0.8734375 0.840625 0.8734375 0.859375 0.8796875 0.859375
1 0.8890625 0.8421875 0.88125 0.8421875 0.88125 0.8578125 0.8890625 0.8578125
1 0.86875 0.8875 0.8625 0.8875 0.8625 0.9046875 0.86875 0.9046875
1 0.8796875 0.8859375 0.871875 0.8859375 0.871875 0.9046875 0.8796875 0.9046875
1 0.8875 0.8875 0.88125 0.8875 0.88125 0.9046875 0.8875 0.9046875
1 0.86875 0.93125 0.8625 0.93125 0.8625 0.9484375 0.86875 0.9484375
1 0.8796875 0.9328125 0.871875 0.9328125 0.871875 0.9484375 0.8796875 0.9484375
1 0.8875 0.93125 0.878125 0.93125 0.878125 0.95 0.8875 0.95
1 0.8796875 0.9765625 0.871875 0.9765625 0.871875 0.99375 0.8796875 0.99375
1 0.8875 0.975 0.8796875 0.975 0.8796875 0.99375 0.8875 0.99375
1 0.859375 0.9734375 0.8546875 0.9734375 0.8546875 0.99375 0.859375 0.99375
1 0.86875 0.975 0.8609375 0.975 0.8609375 0.99375 0.86875 0.99375
2 0.3796875 0.27187500000000003 0.3625 0.271875 0.3625 0.2984375 0.3796875 0.2984375000000001
2 0.35625 0.17812500000000003 0.340625 0.17812500000000003 0.340625 0.2046875 0.35625 0.2046875
2 0.471875 0.16093750000000004 0.45625 0.16093750000000004 0.45625 0.18906250000000005 0.471875 0.18906250000000005
2 0.5484375 0.004687500000000065 0.509375 0.004687500000000062 0.509375 0.13593750000000007 0.5484375 0.1359375000000001
2 0.6203125 0.07031250000000007 0.603125 0.07031250000000007 0.603125 0.10781250000000009 0.6203125 0.10781250000000009
1 0.365625 0.29375000000000007 0.35625 0.29375 0.35625 0.30468750000000006 0.365625 0.3046875000000001
1 0.365625 0.27812500000000007 0.35625 0.278125 0.35625 0.28906250000000006 0.365625 0.2890625000000001
1 0.3375 0.18750000000000006 0.3296875 0.18750000000000006 0.3296875 0.203125 0.3375 0.203125
1 0.3453125 0.17656250000000004 0.334375 0.17656250000000004 0.334375 0.19218750000000004 0.3453125 0.19218750000000004
1 0.4671875 0.17812500000000003 0.4609375 0.17812500000000003 0.4609375 0.19062500000000004 0.4671875 0.19062500000000004
1 0.4796875 0.17656250000000004 0.4703125 0.17656250000000004 0.4703125 0.19375000000000003 0.4796875 0.19375000000000003
1 0.4984375 0.19375000000000003 0.4875 0.19375000000000003 0.4875 0.20468750000000008 0.4984375 0.20468750000000008
1 0.4984375 0.17968750000000006 0.4859375 0.17968750000000006 0.4859375 0.19531250000000006 0.4984375 0.19531250000000006
1 0.540625 0.020312500000000067 0.528125 0.020312500000000067 0.528125 0.032812500000000064 0.540625 0.032812500000000064
1 0.540625 0.032812500000000064 0.528125 0.032812500000000064 0.528125 0.04531250000000007 0.540625 0.04531250000000007
1 0.54375 0.04531250000000007 0.534375 0.04531250000000007 0.534375 0.057812500000000065 0.54375 0.057812500000000065
1 0.6171875 0.05312500000000007 0.603125 0.05312500000000007 0.603125 0.06562500000000007 0.6171875 0.06562500000000007
1 0.61875 0.017187500000000074 0.603125 0.01718750000000007 0.603125 0.03437500000000008 0.61875 0.03437500000000008
1 0.6171875 0.02968750000000008 0.603125 0.02968750000000008 0.603125 0.045312500000000075 0.6171875 0.045312500000000075
1 0.7046875 0.2921875000000001 0.696875 0.2921875000000001 0.696875 0.3078125000000001 0.7046875 0.3078125000000001