0 0.2859375 0.021875000000000033 0.25625 0.021875000000000033 0.25625 0.09843750000000004 0.2859375 0.09843750000000004
0 0.5171875 0.02187500000000006 0.4859375 0.02187500000000006 0.4859375 0.09062500000000007 0.5171875 0.09062500000000007
0 0.4921875 0.11406250000000004 0.24375 0.11406250000000004 0.24375 0.18906250000000005 0.4921875 0.18906250000000005
0 0.4890625 0.11406250000000004 0.315625 0.11406250000000004 0.315625 0.18593750000000003 0.4890625 0.18593750000000003
0 0.4875 0.09531250000000005 0.3765625 0.09531250000000005 0.3765625 0.14843750000000006 0.4875 0.14843750000000006
2 0.3421875 0.12343750000000005 0.321875 0.12343750000000005 0.321875 0.15781250000000005 0.3421875 0.15781250000000005
0 0.2921875 0.10937500000000004 0.24375 0.10937500000000004 0.24375 0.18437500000000004 0.2921875 0.18437500000000004
0 0.371875 0.03125000000000004 0.3625 0.03125000000000004 0.3625 0.08750000000000005 0.371875 0.08750000000000005
2 0.36875 0.0015625000000000437 0.346875 0.0015625000000000424 0.346875 0.025000000000000043 0.36875 0.025000000000000043
0 0.5921875 0.11250000000000007 0.521875 0.11250000000000004 0.521875 0.18437500000000007 0.5921875 0.1843750000000001
0 0.6328125 7.491394091659199e-17 0.590625 7.233070157464055e-17 0.590625 0.11093750000000009 0.6328125 0.11093750000000009
0 0.771875 0.001562500000000092 0.73125 0.0015625000000000894 0.73125 0.0984375000000001 0.771875 0.0984375000000001
0 0.74375 0.10937500000000008 0.625 0.10937500000000008 0.625 0.1843750000000001 0.74375 0.1843750000000001
0 0.7421875 0.10937500000000008 0.646875 0.10937500000000008 0.646875 0.15000000000000008 0.7421875 0.15000000000000008
0 0.525 0.37187500000000007 0.428125 0.37187500000000007 0.428125 0.4125 0.525 0.4125
0 0.4765625 0.39375000000000004 0.31718750000000007 0.39375 0.31718750000000007 0.440625 0.4765625 0.440625
0 0.634375 0.53125 0.6 0.53125 0.6 0.653125 0.634375 0.653125
0 0.6328125 0.534375 0.6015625 0.534375 0.6015625 0.5953125 0.6328125 0.5953125
0 0.634375 0.60625 0.6015625 0.60625 0.6015625 0.65 0.634375 0.65
0 0.7515625 0.6562500000000001 0.6296875 0.65625 0.6296875 0.7125000000000001 0.7515625 0.7125000000000001
0 0.7453125 0.6515625 0.6921875 0.6515625 0.6921875 0.70625 0.7453125 0.7062500000000002
0 0.6671875 0.6453125 0.628125 0.6453125 0.628125 0.7078125 0.6671875 0.7078125
0 0.3765625000000001 0.6625 0.2656250000000001 0.6625 0.2656250000000001 0.7328125 0.3765625000000001 0.7328125
0 0.3812500000000001 0.6609375 0.3140625000000001 0.6609375 0.3140625000000001 0.740625 0.3812500000000001 0.740625
0 0.37968750000000007 0.6609375 0.3234375000000001 0.6609375 0.3234375000000001 0.6921875 0.37968750000000007 0.6921875
0 0.3203125000000001 0.6609375 0.2875000000000001 0.6609375 0.2875000000000001 0.6953125 0.3203125000000001 0.6953125
0 0.3765625000000001 0.8984375 0.25468750000000007 0.8984375 0.25468750000000007 0.9796875 0.3765625000000001 0.9796875
0 0.3500000000000001 0.9 0.3078125000000001 0.9 0.3078125000000001 0.9390625 0.3500000000000001 0.9390625
0 0.3156250000000001 0.8984375 0.2515625000000001 0.8984375 0.2515625000000001 0.9375 0.3156250000000001 0.9375
0 0.30156250000000007 0.7953125 0.2671875000000001 0.7953125 0.2671875000000001 0.8828125 0.30156250000000007 0.8828125
0 0.3000000000000001 0.7671875 0.2750000000000001 0.7671875 0.2750000000000001 0.8515625 0.3000000000000001 0.8515625
0 0.3218750000000001 0.76875 0.2765625000000001 0.76875 0.2765625000000001 0.7921875 0.3218750000000001 0.7921875
1 0.3031250000000001 0.740625 0.2906250000000001 0.740625 0.2906250000000001 0.76875 0.3031250000000001 0.76875
1 0.3187500000000001 0.7421875 0.3062500000000001 0.7421875 0.3062500000000001 0.7671875 0.3187500000000001 0.7671875
1 0.2718750000000001 0.80625 0.2562500000000001 0.80625 0.2562500000000001 0.815625 0.2718750000000001 0.815625
1 0.37187500000000007 0.9359375 0.36406250000000007 0.9359375 0.36406250000000007 0.9546875 0.37187500000000007 0.9546875
1 0.45312500000000017 0.8890625 0.44062500000000016 0.8890625 0.44062500000000016 0.915625 0.45312500000000017 0.915625
1 0.4390625000000002 0.890625 0.42500000000000016 0.890625 0.42500000000000016 0.9140625 0.4390625000000002 0.9140625
1 0.4359375000000002 0.9234375 0.4265625000000002 0.9234375 0.4265625000000002 0.9484375 0.4359375000000002 0.9484375
1 0.4500000000000002 0.9234375 0.4421875000000002 0.9234375 0.4421875000000002 0.9484375 0.4500000000000002 0.9484375
1 0.4812500000000002 0.9203125 0.4703125000000002 0.9203125 0.4703125000000002 0.9484375 0.4812500000000002 0.9484375
1 0.4968750000000002 0.91875 0.4859375000000002 0.91875 0.4859375000000002 0.9484375 0.4968750000000002 0.9484375
1 0.5906250000000002 0.7375 0.5796875000000001 0.7375 0.5796875000000001 0.7640625 0.5906250000000002 0.7640625
1 0.5218750000000002 0.934375 0.5125000000000002 0.934375 0.5125000000000002 0.95625 0.5218750000000002 0.95625
0 0.7406250000000002 0.896875 0.6265625000000001 0.896875 0.6265625000000001 0.9609375 0.7406250000000002 0.9609375
0 0.7406250000000002 0.8890625 0.6921875000000002 0.8890625 0.6921875000000002 0.9578125 0.7406250000000002 0.9578125
1 0.7312500000000002 0.9171875 0.7234375000000002 0.9171875 0.7234375000000002 0.9390625 0.7312500000000002 0.9390625
1 0.734375 0.6703125000000002 0.728125 0.6703125000000002 0.728125 0.6890625000000001 0.734375 0.6890625000000001
1 0.6203125 0.528125 0.603125 0.528125 0.603125 0.5453125 0.6203125 0.5453125
1 0.5890625 0.4796875 0.575 0.4796875 0.575 0.5046875 0.5890625 0.5046875
2 0.41718750000000016 0.9265625 0.40156250000000016 0.9265625 0.40156250000000016 0.940625 0.41718750000000016 0.940625
2 0.42500000000000016 0.8890625 0.4078125000000002 0.8890625 0.4078125000000002 0.9078125 0.42500000000000016 0.9078125
2 0.4593750000000002 0.940625 0.45312500000000017 0.940625 0.45312500000000017 0.9484375 0.4593750000000002 0.9484375
2 0.46406250000000016 0.9421875 0.4593750000000002 0.9421875 0.4593750000000002 0.953125 0.46406250000000016 0.953125
2 0.46875000000000017 0.9453125 0.46406250000000016 0.9453125 0.46406250000000016 0.9515625 0.46875000000000017 0.9515625
2 0.5062500000000002 0.91875 0.49531250000000016 0.91875 0.49531250000000016 0.95625 0.5062500000000002 0.95625
2 0.4265625000000002 0.921875 0.41718750000000016 0.921875 0.41718750000000016 0.9515625 0.4265625000000002 0.9515625
1 0.6046875000000002 0.975 0.5906250000000002 0.975 0.5906250000000002 1 0.6046875000000002 1
0 0.6671875000000002 0.890625 0.6250000000000002 0.890625 0.6250000000000002 0.959375 0.6671875000000002 0.959375
1 0.3703125000000001 0.6984375 0.36406250000000007 0.6984375 0.36406250000000007 0.7171875 0.3703125000000001 0.7171875
1 0.3703125000000001 0.6578125 0.3593750000000001 0.6578125 0.3593750000000001 0.6765625 0.3703125000000001 0.6765625
1 0.515625 0.3750000000000001 0.50625 0.3750000000000001 0.50625 0.3984375000000001 0.515625 0.3984375000000001
1 0.403125 0.4 0.3937500000000001 0.4 0.3937500000000001 0.4234375 0.403125 0.4234375
1 0.31875 0.19687500000000005 0.30625 0.19687500000000005 0.30625 0.221875 0.31875 0.221875
1 0.3328125 0.19687500000000005 0.3203125 0.19687500000000005 0.3203125 0.2203125 0.3328125 0.2203125
1 0.3421875 0.19687500000000005 0.328125 0.19687500000000005 0.328125 0.221875 0.3421875 0.221875
1 0.5859375 0.2218750000000001 0.5734375 0.2218750000000001 0.5734375 0.2453125000000001 0.5859375 0.2453125000000001
1 0.3625 0.042187500000000044 0.35 0.042187500000000044 0.35 0.05312500000000005 0.3625 0.05312500000000005
1 0.3546875 0.10937500000000004 0.3375 0.10937500000000004 0.3375 0.12656250000000005 0.3546875 0.12656250000000005
1 0.353125 0.13125000000000003 0.3375 0.13125000000000003 0.3375 0.14687500000000003 0.353125 0.14687500000000003
1 0.5046875 0.04531250000000006 0.4875 0.045312500000000054 0.4875 0.06718750000000007 0.5046875 0.06718750000000007
1 0.49375 5.912747827133314e-17 0.471875 5.778802083476573e-17 0.471875 0.01562500000000006 0.49375 0.015625000000000062
1 0.5640625 0.1359375000000001 0.553125 0.1359375000000001 0.553125 0.1593750000000001 0.5640625 0.1593750000000001
1 0.26875 0.13906250000000003 0.259375 0.13906250000000003 0.259375 0.16250000000000003 0.26875 0.16250000000000003
1 0.2625 0.050000000000000024 0.24375 0.050000000000000024 0.24375 0.07187500000000002 0.2625 0.07187500000000002