0 0.3687500000000001 0.578125 0.21250000000000008 0.578125 0.21250000000000008 0.6859375 0.3687500000000001 0.6859375
0 0.3671875000000001 0.5703125 0.30937500000000007 0.5703125 0.30937500000000007 0.6921875 0.3671875000000001 0.6921875
0 0.2718750000000001 0.5734375 0.21250000000000008 0.5734375 0.21250000000000008 0.6875 0.2718750000000001 0.6875
0 0.66875 0.571875 0.5265625 0.571875 0.5265625 0.6921875 0.66875 0.6921875
0 0.709375 0.453125 0.621875 0.453125 0.621875 0.6890625 0.709375 0.6890625
0 0.86875 0.5687500000000001 0.7203125 0.56875 0.7203125 0.6796875000000001 0.86875 0.6796875000000002
0 0.865625 0.5750000000000002 0.8078125 0.5750000000000002 0.8078125 0.6953125000000002 0.865625 0.6953125000000002
0 0.78125 0.5625000000000001 0.7234375 0.5625 0.7234375 0.6875000000000001 0.78125 0.6875000000000002
0 0.490625 0.446875 0.38750000000000007 0.446875 0.38750000000000007 0.503125 0.490625 0.503125
0 0.5609375 0.2953125000000001 0.4640625 0.2953125000000001 0.4640625 0.428125 0.5609375 0.428125
1 0.4671875 0.3703125000000001 0.446875 0.3703125000000001 0.446875 0.3984375000000001 0.4671875 0.3984375000000001
1 0.471875 0.3468750000000001 0.45 0.3468750000000001 0.45 0.3765625000000001 0.471875 0.3765625000000001