0 0.5328125 0.515625 0.2468750000000001 0.515625 0.2468750000000001 0.5765625 0.5328125 0.5765625
0 0.25468750000000007 0.51875 0.17812500000000003 0.51875 0.17812500000000006 0.5765625 0.25468750000000007 0.5765625
0 0.534375 0.26875000000000004 0.2765625 0.26875 0.2765625 0.35156250000000006 0.534375 0.3515625000000001
0 0.59375 0.2687500000000001 0.5234375 0.2687500000000001 0.5234375 0.3515625000000001 0.59375 0.3515625000000001
0 0.7421875 0.5265625 0.61875 0.5265625 0.61875 0.6312500000000001 0.7421875 0.6312500000000002
0 0.74375 0.4906250000000001 0.6765625 0.490625 0.6765625 0.5453125000000001 0.74375 0.5453125000000002
1 0.1937500000000001 0.5484375 0.18750000000000008 0.5484375 0.18750000000000008 0.5671875 0.1937500000000001 0.5671875
1 0.2000000000000001 0.55 0.1937500000000001 0.55 0.1937500000000001 0.565625 0.2000000000000001 0.565625
1 0.3921875000000001 0.5484375 0.3843750000000001 0.5484375 0.3843750000000001 0.565625 0.3921875000000001 0.565625
1 0.3968750000000001 0.55 0.3906250000000001 0.55 0.3906250000000001 0.565625 0.3968750000000001 0.565625
1 0.3984375 0.2500000000000001 0.39375 0.2500000000000001 0.39375 0.2671875000000001 0.3984375 0.2671875000000001
1 0.40625 0.2500000000000001 0.4 0.2500000000000001 0.4 0.2671875000000001 0.40625 0.2671875000000001
1 0.4140625 0.2500000000000001 0.4046875 0.2500000000000001 0.4046875 0.2671875000000001 0.4140625 0.2671875000000001
1 0.5671875 0.2515625000000001 0.559375 0.2515625000000001 0.559375 0.2656250000000001 0.5671875 0.2656250000000001
1 0.5765625 0.2484375000000001 0.5703125 0.2484375000000001 0.5703125 0.2656250000000001 0.5765625 0.2656250000000001
1 0.584375 0.2500000000000001 0.578125 0.2500000000000001 0.578125 0.2656250000000001 0.584375 0.2656250000000001
2 0.590625 0.2500000000000001 0.5859375 0.2500000000000001 0.5859375 0.2562500000000001 0.590625 0.2562500000000001
2 0.821875 0.2218750000000001 0.8140625 0.2218750000000001 0.8140625 0.2375000000000001 0.821875 0.2375000000000001
1 0.8265625 0.22031250000000008 0.821875 0.22031250000000008 0.821875 0.2375000000000001 0.8265625 0.2375000000000001
1 0.884375 0.3234375000000001 0.875 0.3234375000000001 0.875 0.3390625000000001 0.884375 0.3390625000000001
1 0.83125 0.5828125000000002 0.825 0.5828125000000002 0.825 0.5984375000000002 0.83125 0.5984375000000002
1 0.8203125 0.6625000000000002 0.8125 0.6625000000000002 0.8125 0.6781250000000002 0.8203125 0.6781250000000002
1 0.8390625 0.5828125000000002 0.8328125 0.5828125000000002 0.8328125 0.6000000000000002 0.8390625 0.6000000000000002
1 0.825 0.6609375000000002 0.8203125 0.6609375000000002 0.8203125 0.6765625000000002 0.825 0.6765625000000002
0 0.759375 0.3828125000000001 0.7359375 0.3828125000000001 0.7359375 0.43750000000000017 0.759375 0.43750000000000017
1 0.7890625000000002 0.8640625 0.7828125000000001 0.8640625 0.7828125000000001 0.8875 0.7890625000000002 0.8875
1 0.7968750000000002 0.865625 0.7906250000000001 0.865625 0.7906250000000001 0.8875 0.7968750000000002 0.8875
1 0.8046875 0.865625 0.7968750000000002 0.865625 0.7968750000000002 0.8875 0.8046875 0.8875
1 0.8140625 0.865625 0.8046875 0.865625 0.8046875 0.8859375 0.8140625 0.8859375
1 0.8265625 0.865625 0.821875 0.865625 0.821875 0.8875 0.8265625 0.8875
1 0.834375 0.865625 0.828125 0.865625 0.828125 0.8875 0.834375 0.8875
1 0.88125 0.8078125 0.8734375 0.8078125 0.8734375 0.8265625 0.88125 0.8265625
1 0.8890625 0.8078125 0.88125 0.8078125 0.88125 0.825 0.8890625 0.825
1 0.89375 0.8109375 0.8890625 0.8109375 0.8890625 0.8265625 0.89375 0.8265625
1 0.91875 0.809375 0.9109375 0.809375 0.9109375 0.8265625 0.91875 0.8265625
1 0.9265625 0.809375 0.9203125 0.809375 0.9203125 0.825 0.9265625 0.825
0 0.853125 0.3906250000000001 0.809375 0.3906250000000001 0.809375 0.4593750000000002 0.853125 0.4593750000000002