0 0.565625 0.4046875 0.4578125 0.4046875 0.4578125 0.7140625 0.565625 0.7140625
0 0.5671875 0.33281250000000007 0.49375 0.33281250000000007 0.49375 0.7140625 0.5671875 0.7140625
0 0.540625 0.3921875000000001 0.4921875 0.3921875000000001 0.4921875 0.715625 0.540625 0.715625
0 0.5125 0.584375 0.4515625 0.584375 0.4515625 0.7140625 0.5125 0.7140625
0 0.4828125 0.5609375 0.4546875 0.5609375 0.4546875 0.6609375 0.4828125 0.6609375
0 0.5671875 0.3296875000000001 0.4703125 0.3296875000000001 0.4703125 0.3687500000000001 0.5671875 0.3687500000000001
0 0.5000000000000001 0.7125 0.4046875 0.7125 0.4046875000000001 0.7609375 0.5000000000000002 0.7609375
0 0.40312500000000007 0.58125 0.3734375000000001 0.58125 0.3734375000000001 0.7359375 0.4031250000000002 0.7359375
0 0.4484375 0.453125 0.4171875 0.453125 0.4171875 0.4734375 0.4484375 0.4734375
0 0.4671875 0.2656250000000001 0.396875 0.2656250000000001 0.396875 0.33281250000000007 0.4671875 0.33281250000000007
0 0.4640625 0.3031250000000001 0.40625 0.3031250000000001 0.40625 0.3343750000000001 0.4640625 0.3343750000000001
0 0.37500000000000006 0.353125 0.3453125 0.353125 0.3453125 0.40625 0.3750000000000001 0.40625
0 0.375 0.03125000000000004 0.3234375 0.03125000000000004 0.3234375 0.22031250000000005 0.375 0.22031250000000008
0 0.371875 0.07343750000000004 0.35 0.07343750000000004 0.35 0.21875000000000006 0.371875 0.21875000000000008
0 0.3703125 0.15468750000000003 0.3546875 0.15468750000000003 0.3546875 0.21718750000000003 0.3703125 0.2171875000000001
0 0.36875 0.07656250000000005 0.35 0.07656250000000005 0.35 0.13281250000000006 0.36875 0.13281250000000006
0 0.56875 0.2140625000000001 0.515625 0.2140625000000001 0.515625 0.3046875000000001 0.56875 0.3046875000000001
0 0.58125 0.2140625000000001 0.5296875 0.2140625000000001 0.5296875 0.2671875000000001 0.58125 0.2671875000000001
0 0.778125 0.1843750000000001 0.6828125 0.1843750000000001 0.6828125 0.2562500000000001 0.778125 0.2562500000000001
0 0.8171875 0.12500000000000008 0.78125 0.12500000000000008 0.78125 0.1859375000000001 0.8171875 0.1859375000000001
0 0.5453125 0.026562500000000065 0.5046875 0.026562500000000065 0.5046875 0.04687500000000007 0.5453125 0.04687500000000007
2 0.428125 0.2406250000000001 0.4140625 0.2406250000000001 0.4140625 0.2640625000000001 0.428125 0.2640625000000001
1 0.525 6.352855270576895e-17 0.5125 6.276314845630185e-17 0.5125 0.026562500000000065 0.525 0.026562500000000065
1 0.440625 0.23437500000000008 0.428125 0.23437500000000008 0.428125 0.26250000000000007 0.440625 0.26250000000000007
1 0.4484375 0.23593750000000008 0.4390625 0.23593750000000008 0.4390625 0.26250000000000007 0.4484375 0.26250000000000007
1 0.5421875 0.2609375000000001 0.53125 0.2609375000000001 0.53125 0.2875000000000001 0.5421875 0.2875000000000001
1 0.546875 0.2640625000000001 0.5390625 0.2640625000000001 0.5390625 0.2875000000000001 0.546875 0.2875000000000001
1 0.6515625 0.0750000000000001 0.6390625 0.0750000000000001 0.6390625 0.11250000000000009 0.6515625 0.11250000000000009
1 0.6609375 0.07968750000000009 0.65 0.07968750000000009 0.65 0.10468750000000009 0.6609375 0.10468750000000009