1 0.69375 0.26250000000000007 0.678125 0.26250000000000007 0.678125 0.3000000000000001 0.69375 0.3000000000000001
1 0.69375 0.1750000000000001 0.6796875 0.1750000000000001 0.6796875 0.21250000000000008 0.69375 0.21250000000000008
1 0.696875 0.08906250000000009 0.678125 0.08906250000000009 0.678125 0.1296875000000001 0.696875 0.1296875000000001
1 0.6984375 0.0062500000000000845 0.678125 0.006250000000000084 0.678125 0.04687500000000008 0.6984375 0.04687500000000009
1 0.5140625 0.009375000000000062 0.490625 0.00937500000000006 0.490625 0.050000000000000065 0.5140625 0.050000000000000065
1 0.5859375000000002 0.74375 0.5781250000000002 0.74375 0.5781250000000002 0.7640625 0.5859375000000002 0.7640625
1 0.5953125000000001 0.74375 0.5859375000000002 0.74375 0.5859375000000002 0.7609375 0.5953125000000001 0.7609375
1 0.6375000000000002 0.7421875 0.6296875000000002 0.7421875 0.6296875000000002 0.7625 0.6375000000000002 0.7625
1 0.6468750000000002 0.74375 0.6390625000000002 0.74375 0.6390625000000002 0.7609375 0.6468750000000002 0.7609375
2 0.6250000000000002 0.746875 0.6156250000000002 0.746875 0.6156250000000002 0.759375 0.6250000000000002 0.759375
2 0.6953125000000002 0.7953125 0.6859375000000002 0.7953125 0.6859375000000002 0.80625 0.6953125000000002 0.80625
1 0.7078125000000002 0.7921875 0.7000000000000002 0.7921875 0.7000000000000002 0.8109375 0.7078125000000002 0.8109375
1 0.7343750000000002 0.7890625000000001 0.7250000000000002 0.7890625 0.7250000000000002 0.8109375 0.7343750000000002 0.8109375
1 0.7500000000000002 0.7906250000000001 0.7421875000000002 0.7906250000000001 0.7421875000000002 0.809375 0.7500000000000002 0.809375
1 0.7593750000000001 0.7906250000000001 0.7500000000000002 0.7906250000000001 0.7500000000000002 0.8109375 0.7593750000000001 0.8109375
2 0.7718750000000002 0.7937500000000002 0.7625000000000002 0.7937500000000002 0.7625000000000002 0.809375 0.7718750000000002 0.809375
1 0.7843750000000002 0.7921875000000002 0.7734375000000002 0.7921875000000002 0.7734375000000002 0.8109375 0.7843750000000002 0.8109375
1 0.7937500000000002 0.7921875000000002 0.7828125000000001 0.7921875000000002 0.7828125000000001 0.8109375 0.7937500000000002 0.8109375
1 0.46093750000000017 0.81875 0.4515625000000002 0.81875 0.4515625000000002 0.8359375 0.46093750000000017 0.8359375
1 0.47187500000000016 0.8171875 0.46406250000000016 0.8171875 0.46406250000000016 0.8359375 0.47187500000000016 0.8359375
1 0.4968750000000002 0.81875 0.48750000000000016 0.81875 0.48750000000000016 0.8359375 0.4968750000000002 0.8359375
1 0.5078125000000002 0.8171875 0.5000000000000002 0.8171875 0.5000000000000002 0.8359375 0.5078125000000002 0.8359375
1 0.5250000000000001 0.8171875 0.5171875000000001 0.8171875 0.5171875000000001 0.8359375 0.5250000000000001 0.8359375
1 0.5328125000000001 0.8171875 0.5250000000000001 0.8171875 0.5250000000000001 0.8359375 0.5328125000000001 0.8359375
1 0.5515625000000002 0.81875 0.5468750000000002 0.81875 0.5468750000000002 0.8359375 0.5515625000000002 0.8359375
1 0.5625000000000002 0.8171875 0.5531250000000002 0.8171875 0.5531250000000002 0.8359375 0.5625000000000002 0.8359375
1 0.5578125000000002 0.84375 0.5500000000000002 0.84375 0.5500000000000002 0.8625 0.5578125000000002 0.8625
1 0.5671875000000002 0.8421875 0.5593750000000002 0.8421875 0.5593750000000002 0.8625 0.5671875000000002 0.8625
1 0.5421875000000002 0.84375 0.5328125000000001 0.84375 0.5328125000000001 0.8625 0.5421875000000002 0.8625
1 0.5156250000000002 0.84375 0.5078125000000002 0.84375 0.5078125000000002 0.8625 0.5156250000000002 0.8625
1 0.5250000000000001 0.8421875 0.5156250000000002 0.8421875 0.5156250000000002 0.8625 0.5250000000000001 0.8625
1 0.5000000000000002 0.8453125 0.49218750000000017 0.8453125 0.49218750000000017 0.8625 0.5000000000000002 0.8625
1 0.4828125000000002 0.84375 0.4734375000000002 0.84375 0.4734375000000002 0.8625 0.4828125000000002 0.8625
1 0.44843750000000016 0.8453125 0.4390625000000002 0.8453125 0.4390625000000002 0.8640625 0.44843750000000016 0.8640625
1 0.40156250000000016 0.8734375 0.3921875000000001 0.8734375 0.3921875000000001 0.89375 0.40156250000000016 0.89375
1 0.4125000000000002 0.875 0.40625000000000017 0.875 0.40625000000000017 0.8921875 0.4125000000000002 0.8921875
1 0.4343750000000002 0.875 0.4281250000000002 0.875 0.4281250000000002 0.8921875 0.4343750000000002 0.8921875
1 0.4468750000000002 0.875 0.44062500000000016 0.875 0.44062500000000016 0.8921875 0.4468750000000002 0.8921875
1 0.46406250000000016 0.875 0.45625000000000016 0.875 0.45625000000000016 0.8921875 0.46406250000000016 0.8921875
1 0.47187500000000016 0.875 0.4656250000000002 0.875 0.4656250000000002 0.8921875 0.47187500000000016 0.8921875
1 0.4968750000000002 0.8765625 0.4906250000000002 0.8765625 0.4906250000000002 0.89375 0.4968750000000002 0.89375
1 0.5062500000000002 0.8734375 0.4984375000000002 0.8734375 0.4984375000000002 0.8921875 0.5062500000000002 0.8921875
1 0.5078125000000002 0.9015625 0.5015625000000001 0.9015625 0.5015625000000001 0.91875 0.5078125000000002 0.91875
1 0.5203125000000002 0.9015625 0.5140625000000002 0.9015625 0.5140625000000002 0.9171875 0.5203125000000002 0.9171875
1 0.5468750000000002 0.9015625 0.5390625000000002 0.9015625 0.5390625000000002 0.91875 0.5468750000000002 0.91875
1 0.5593750000000002 0.9015625 0.5531250000000002 0.9015625 0.5531250000000002 0.9203125 0.5593750000000002 0.9203125
1 0.5750000000000002 0.903125 0.5687500000000002 0.903125 0.5687500000000002 0.91875 0.5750000000000002 0.91875
1 0.5859375000000002 0.9015625 0.5765625000000002 0.9015625 0.5765625000000002 0.91875 0.5859375000000002 0.91875
2 0.5984375000000002 0.9046875 0.5875000000000001 0.9046875 0.5875000000000001 0.9171875 0.5984375000000002 0.9171875
1 0.6093750000000002 0.8984375 0.6015625000000002 0.8984375 0.6015625000000002 0.9171875 0.6093750000000002 0.9171875
1 0.6187500000000001 0.9 0.6109375000000001 0.9 0.6109375000000001 0.91875 0.6187500000000001 0.91875
1 0.5406250000000001 0.9265625 0.5328125000000001 0.9265625 0.5328125000000001 0.9453125 0.5406250000000001 0.9453125
1 0.5312500000000002 0.925 0.5218750000000002 0.925 0.5218750000000002 0.9453125 0.5312500000000002 0.9453125
1 0.49531250000000016 0.9265625 0.4890625000000002 0.9265625 0.4890625000000002 0.9453125 0.49531250000000016 0.9453125
1 0.5046875000000002 0.9265625 0.4984375000000002 0.9265625 0.4984375000000002 0.9453125 0.5046875000000002 0.9453125
1 0.4781250000000002 0.928125 0.46875000000000017 0.928125 0.46875000000000017 0.9453125 0.4781250000000002 0.9453125
1 0.4656250000000002 0.928125 0.4578125000000002 0.928125 0.4578125000000002 0.9453125 0.4656250000000002 0.9453125
1 0.44531250000000017 0.9265625 0.4359375000000002 0.9265625 0.4359375000000002 0.9453125 0.44531250000000017 0.9453125
1 0.4312500000000002 0.9265625 0.42187500000000017 0.9265625 0.42187500000000017 0.9453125 0.4312500000000002 0.9453125
1 0.3890625000000001 0.95625 0.3812500000000001 0.95625 0.3812500000000001 0.9765625 0.3890625000000001 0.9765625
1 0.4203125000000002 0.9578125 0.4109375000000002 0.9578125 0.4109375000000002 0.975 0.4203125000000002 0.975
1 0.4312500000000002 0.9578125 0.4265625000000002 0.9578125 0.4265625000000002 0.975 0.4312500000000002 0.975
1 0.4421875000000002 0.95625 0.4343750000000002 0.95625 0.4343750000000002 0.975 0.4421875000000002 0.975
1 0.4546875000000002 0.95625 0.4468750000000002 0.95625 0.4468750000000002 0.975 0.4546875000000002 0.975
1 0.4656250000000002 0.95625 0.4593750000000002 0.95625 0.4593750000000002 0.9765625 0.4656250000000002 0.9765625
1 0.4750000000000002 0.95625 0.4671875000000002 0.95625 0.4671875000000002 0.975 0.4750000000000002 0.975
1 0.4906250000000002 0.95625 0.48437500000000017 0.95625 0.48437500000000017 0.975 0.4906250000000002 0.975
1 0.5015625000000001 0.9578125 0.49218750000000017 0.9578125 0.49218750000000017 0.975 0.5015625000000001 0.975
1 0.5312500000000002 0.95625 0.5234375000000002 0.95625 0.5234375000000002 0.975 0.5312500000000002 0.975
2 0.4859375000000002 0.8796875 0.47656250000000017 0.8796875 0.47656250000000017 0.8890625 0.4859375000000002 0.8890625
2 0.4359375000000002 0.85 0.4265625000000002 0.85 0.4265625000000002 0.8578125 0.4359375000000002 0.8578125
2 0.46875000000000017 0.8484375 0.46093750000000017 0.8484375 0.46093750000000017 0.859375 0.46875000000000017 0.859375
2 0.4968750000000002 0.9046875 0.48750000000000016 0.9046875 0.48750000000000016 0.915625 0.4968750000000002 0.915625
2 0.5187500000000002 0.9296875 0.5093750000000001 0.9296875 0.5093750000000001 0.9453125 0.5187500000000002 0.9453125
2 0.5171875000000001 0.959375 0.5062500000000002 0.959375 0.5062500000000002 0.9734375 0.5171875000000001 0.9734375
2 0.5406250000000001 0.8234375 0.5312500000000002 0.8234375 0.5312500000000002 0.8328125 0.5406250000000001 0.8328125
2 0.5500000000000002 0.85 0.5421875000000002 0.85 0.5421875000000002 0.859375 0.5500000000000002 0.859375
2 0.5312500000000002 0.846875 0.5234375000000002 0.846875 0.5234375000000002 0.859375 0.5312500000000002 0.859375
2 0.44843750000000016 0.821875 0.4390625000000002 0.821875 0.4390625000000002 0.8359375 0.44843750000000016 0.8359375
1 0.4640625000000001 0.7171875 0.4546875 0.7171875 0.4546875000000001 0.7359375 0.46406250000000016 0.7359375
1 0.4546875000000001 0.71875 0.446875 0.71875 0.4468750000000001 0.7390625 0.4546875000000002 0.7390625
1 0.4468750000000001 0.7171875 0.4359375 0.7171875 0.4359375000000001 0.7359375 0.4468750000000002 0.7359375