0 0.16093750000000007 0.4125 0.14687500000000003 0.4125 0.14687500000000006 0.6296875 0.1609375000000001 0.6296875
0 0.7937500000000002 0.7343750000000001 0.4078125000000002 0.734375 0.4078125000000002 0.840625 0.7937500000000002 0.840625
0 0.7984375000000001 0.6312500000000001 0.403125 0.63125 0.40312500000000007 0.7359375000000001 0.7984375000000001 0.7359375000000001
0 0.4531250000000001 0.6328125 0.2921875000000001 0.6328125 0.2921875000000001 0.846875 0.45312500000000017 0.846875
2 0.21250000000000008 0.7078125 0.050000000000000086 0.7078125 0.050000000000000086 0.79375 0.21250000000000008 0.79375
1 0.15781250000000008 0.7390625 0.14843750000000008 0.7390625 0.14843750000000008 0.778125 0.15781250000000008 0.778125
1 0.17343750000000008 0.7375 0.1546875000000001 0.7375 0.1546875000000001 0.778125 0.17343750000000008 0.778125
1 0.1937500000000001 0.7390625 0.1750000000000001 0.7390625 0.1750000000000001 0.778125 0.1937500000000001 0.778125
1 0.14375000000000004 0.503125 0.10156250000000004 0.503125 0.10156250000000004 0.540625 0.14375000000000004 0.540625
2 0.13437500000000005 0.2765625 0.07343750000000004 0.2765625 0.07343750000000004 0.3640625 0.13437500000000005 0.3640625
1 0.17031250000000003 0.3140625 0.15781250000000005 0.3140625 0.15781250000000005 0.3484375 0.17031250000000003 0.3484375
1 0.18281250000000004 0.3140625 0.16562500000000005 0.3140625 0.16562500000000005 0.3515625 0.18281250000000004 0.3515625
1 0.2015625 0.3109375 0.18437500000000004 0.3109375 0.18437500000000004 0.3515625 0.2015625 0.3515625
1 0.196875 0.11562500000000002 0.16875 0.115625 0.16875 0.16250000000000003 0.196875 0.16250000000000003
1 0.209375 0.13906250000000003 0.196875 0.13906250000000003 0.196875 0.16562500000000005 0.209375 0.16562500000000005
1 0.36875 0.19531250000000006 0.340625 0.19531250000000006 0.340625 0.21875000000000006 0.36875 0.21875000000000008
1 0.3671875 0.16562500000000005 0.3390625 0.16562500000000005 0.3390625 0.19375000000000003 0.3671875 0.19375000000000003
0 0.3921875 0.24375000000000005 0.3171875 0.24375 0.31718750000000007 0.40625 0.3921875000000001 0.40625
1 0.3671875 0.21562500000000004 0.340625 0.215625 0.340625 0.23125000000000004 0.3671875 0.2312500000000001
1 0.6234375 0.19531250000000008 0.6046875 0.19531250000000008 0.6046875 0.2500000000000001 0.6234375 0.2500000000000001
0 0.890625 0.44062500000000016 0.7921875 0.44062500000000016 0.7921875 0.6000000000000002 0.890625 0.6000000000000002
0 0.5859375 0.45 0.5671875 0.45 0.5671875 0.5890625 0.5859375 0.5890625
0 0.2593750000000001 0.5015625 0.2140625000000001 0.5015625 0.2140625000000001 0.7921875 0.2593750000000001 0.7921875
0 0.321875 0.346875 0.2140625 0.346875 0.21406250000000004 0.540625 0.3218750000000001 0.540625
0 0.8703125 0.7312500000000002 0.7859375000000002 0.7312500000000002 0.7859375000000002 0.9 0.8703125 0.9
2 0.9234375 0.8125 0.8640625 0.8125 0.8640625 0.9 0.9234375 0.9
1 0.971875 0.8453125 0.953125 0.8453125 0.953125 0.884375 0.971875 0.884375
1 0.9875 0.846875 0.96875 0.846875 0.96875 0.884375 0.9875 0.884375
1 0.86875 0.4968750000000002 0.828125 0.4968750000000002 0.828125 0.5375000000000002 0.86875 0.5375000000000002
1 0.70625 0.6484375 0.6859375 0.6484375 0.6859375 0.703125 0.70625 0.703125
0 0.403125 0.4421875 0.3687500000000001 0.4421875 0.3687500000000001 0.49375 0.403125 0.49375
1 0.565625 0.4984375 0.528125 0.4984375 0.528125 0.5390625 0.565625 0.5390625
1 0.5640625 0.4796875 0.54375 0.4796875 0.54375 0.4953125 0.5640625 0.4953125