0 0.6328125 0.509375 0.30156250000000007 0.509375 0.30156250000000007 0.525 0.6328125 0.525
1 0.48125 0.484375 0.453125 0.484375 0.453125 0.5140625 0.48125 0.5140625
2 0.10468750000000004 0.2875 0.09062500000000004 0.2875 0.09062500000000004 0.3078125 0.10468750000000004 0.3078125
1 0.10781250000000005 0.2359375 0.08906250000000002 0.2359375 0.08906250000000003 0.2890625 0.10781250000000005 0.2890625
0 0.11718750000000003 0.178125 0.10625 0.178125 0.10625000000000002 0.371875 0.11718750000000004 0.371875
2 0.13437500000000005 0.2859375 0.11718750000000004 0.2859375 0.11718750000000004 0.30625 0.13437500000000005 0.30625
1 0.13750000000000004 0.2640625 0.11718750000000004 0.2640625 0.11718750000000004 0.2921875 0.13750000000000004 0.2921875
0 0.21875000000000008 0.46875 0.16562500000000005 0.46875 0.16562500000000005 0.48125 0.21875000000000008 0.48125
1 0.2000000000000001 0.4421875 0.18750000000000006 0.4421875 0.18750000000000006 0.465625 0.2000000000000001 0.465625
2 0.2140625 0.04531250000000002 0.165625 0.04531250000000002 0.165625 0.13125000000000003 0.2140625 0.13125000000000003
1 0.1984375 0.017187500000000022 0.1796875 0.017187500000000022 0.1796875 0.04843750000000002 0.1984375 0.04843750000000002
0 0.35625 0.06250000000000003 0.253125 0.06250000000000003 0.253125 0.07656250000000003 0.35625 0.07656250000000005
1 0.3171875 0.03593750000000003 0.2984375 0.03593750000000003 0.2984375 0.06250000000000004 0.3171875 0.06250000000000004
2 0.459375 0.12656250000000005 0.4078125 0.12656250000000005 0.4078125 0.17187500000000006 0.459375 0.17187500000000006
1 0.446875 0.09531250000000005 0.4234375 0.09531250000000005 0.4234375 0.12343750000000005 0.446875 0.12343750000000005
0 0.7078125 0.12031250000000009 0.5953125 0.12031250000000009 0.5953125 0.1359375000000001 0.7078125 0.1359375000000001
1 0.6703125 0.09531250000000009 0.6515625 0.09531250000000009 0.6515625 0.12343750000000009 0.6703125 0.12343750000000009
1 0.690625 0.09218750000000009 0.66875 0.09218750000000009 0.66875 0.12343750000000009 0.690625 0.12343750000000009
2 0.6640625 0.28593750000000007 0.6484375 0.28593750000000007 0.6484375 0.2984375000000001 0.6640625 0.2984375000000001
1 0.665625 0.2593750000000001 0.6484375 0.2593750000000001 0.6484375 0.2843750000000001 0.665625 0.2843750000000001
0 0.678125 0.24218750000000008 0.665625 0.24218750000000008 0.665625 0.3203125000000001 0.678125 0.3203125000000001
1 0.7125 0.24375000000000008 0.690625 0.24375000000000008 0.690625 0.29375000000000007 0.7125 0.29375000000000007
2 0.3984375000000001 0.4390625 0.38750000000000007 0.4390625 0.38750000000000007 0.4640625 0.3984375000000001 0.4640625
1 0.4140625 0.4421875 0.3984375000000001 0.4421875 0.3984375000000001 0.46875 0.4140625 0.46875
1 0.3890625 0.2562500000000001 0.371875 0.2562500000000001 0.371875 0.2765625000000001 0.3890625 0.2765625000000001
0 0.33281250000000007 0.46875 0.2687500000000001 0.46875 0.2687500000000001 0.478125 0.33281250000000007 0.478125
0 0.6328125 0.020312500000000056 0.25625 0.020312500000000032 0.25625 0.03281250000000006 0.6328125 0.03281250000000008
0 0.7203125 0.17968750000000008 0.7109375 0.17968750000000008 0.7109375 0.37187500000000007 0.7203125 0.37187500000000007
0 0.14531250000000004 0.2296875 0.13593750000000004 0.2296875 0.13593750000000004 0.34375 0.14531250000000004 0.34375
1 0.5484375 0.14531250000000007 0.525 0.14531250000000004 0.525 0.17343750000000008 0.5484375 0.17343750000000008
2 0.5046875 0.13281250000000006 0.478125 0.13281250000000006 0.478125 0.17656250000000004 0.5046875 0.17656250000000004
2 1 0.2843750000000001 0.9828125 0.2843750000000001 0.9828125 0.30156250000000007 1 0.30156250000000007
2 0.3078125 0.14687500000000003 0.2515625 0.14687500000000003 0.2515625 0.19687500000000005 0.3078125 0.19687500000000005
2 0.35 0.15468750000000003 0.3109375 0.15468750000000003 0.3109375 0.19531250000000006 0.35 0.19531250000000006
0 0.9640625 0.5109375000000002 0.78125 0.5109375000000002 0.78125 0.5250000000000001 0.9640625 0.5250000000000001
1 0.8875 0.4828125000000002 0.85625 0.4828125000000002 0.85625 0.5109375000000002 0.8875 0.5109375000000002