0 0.4593750000000002 0.7296875 0.2687500000000001 0.7296875 0.2687500000000001 0.75625 0.4593750000000002 0.75625
0 0.19687500000000005 0.215625 0.16875000000000004 0.215625 0.16875000000000004 0.3015625 0.19687500000000005 0.3015625
0 0.19375000000000003 0.04843750000000002 0.1765625 0.04843750000000002 0.1765625 0.184375 0.19375000000000003 0.18437500000000004
1 0.6937500000000002 0.8296875 0.6500000000000001 0.8296875 0.6500000000000001 0.86875 0.6937500000000002 0.86875
1 0.7109375000000002 0.7796875 0.6453125000000002 0.7796875 0.6453125000000002 0.81875 0.7109375000000002 0.81875
1 0.7140625000000002 0.7328125 0.6515625000000002 0.7328125 0.6515625000000002 0.7734375 0.7140625000000002 0.7734375
1 0.7093750000000002 0.9796875 0.6484375000000002 0.9796875 0.6484375000000002 1 0.7093750000000002 1
1 0.7390625000000002 0.928125 0.6531250000000002 0.928125 0.6531250000000002 0.9703125 0.7390625000000002 0.9703125
1 0.7343750000000002 0.8796875 0.6671875000000002 0.8796875 0.6671875000000002 0.921875 0.7343750000000002 0.921875
0 0.928125 0.017187500000000112 0.9109375 0.017187500000000112 0.9109375 0.5281250000000002 0.928125 0.5281250000000002
0 0.93125 0.5328125000000001 0.9140625 0.5328125000000001 0.9140625 0.6375000000000002 0.93125 0.6375000000000002