0 0.16250000000000003 0.109375 0.11875 0.109375 0.11875000000000002 0.3046875 0.16250000000000003 0.3046875
0 0.2046875 0.006250000000000022 0.15625 0.006250000000000019 0.15625 0.09062500000000002 0.2046875 0.09062500000000002
0 0.35 0.009375000000000033 0.20625 0.009375000000000026 0.20625 0.09218750000000003 0.35 0.09218750000000005
0 0.3640625 0.06093750000000003 0.2234375 0.06093750000000002 0.2234375 0.12031250000000004 0.3640625 0.12031250000000004
0 0.7203125 0.32656250000000003 0.209375 0.3265625 0.20937500000000003 0.440625 0.7203125 0.440625
0 0.7171875 0.2734375000000001 0.5046875 0.2734375000000001 0.5046875 0.3421875000000001 0.7171875 0.3421875000000001
0 0.790625 0.11562500000000009 0.7171875 0.11562500000000009 0.7171875 0.2765625000000001 0.790625 0.2765625000000001
0 0.17656250000000004 0.3203125 0.023437500000000038 0.3203125 0.02343750000000005 0.44375 0.17656250000000004 0.44375
0 0.440625 0.14218750000000005 0.4265625 0.14218750000000005 0.4265625 0.2671875000000001 0.440625 0.2671875000000001
0 0.9765625 0.31718750000000007 0.8390625 0.31718750000000007 0.8390625 0.4312500000000002 0.9765625 0.4312500000000002
0 0.8515625 0.2734375000000001 0.8359375 0.2734375000000001 0.8359375 0.4281250000000002 0.8515625 0.4281250000000002
0 0.6 0.2968750000000001 0.5890625 0.2968750000000001 0.5890625 0.32500000000000007 0.6 0.32500000000000007
0 0.6109375 0.2953125000000001 0.5984375 0.2953125000000001 0.5984375 0.3218750000000001 0.6109375 0.3218750000000001
0 0.7703125 0.1765625000000001 0.75625 0.1765625000000001 0.75625 0.1937500000000001 0.7703125 0.1937500000000001
0 0.7765625 0.15781250000000008 0.759375 0.15781250000000008 0.759375 0.1781250000000001 0.7765625 0.1781250000000001
0 0.771875 0.21250000000000008 0.7515625 0.21250000000000008 0.7515625 0.2296875000000001 0.771875 0.2296875000000001
0 0.7703125 0.19687500000000008 0.753125 0.19687500000000008 0.753125 0.21250000000000008 0.7703125 0.21250000000000008
1 0.878125 0.3812500000000001 0.8671875 0.3812500000000001 0.8671875 0.40937500000000016 0.878125 0.40937500000000016
1 0.890625 0.37968750000000007 0.878125 0.37968750000000007 0.878125 0.4078125000000002 0.890625 0.4078125000000002
1 0.8953125 0.3843750000000001 0.8875 0.3843750000000001 0.8875 0.4078125000000002 0.8953125 0.4078125000000002
1 0.9109375 0.3828125000000001 0.896875 0.3828125000000001 0.896875 0.4078125000000002 0.9109375 0.4078125000000002
1 0.051562500000000046 0.3875 0.04062500000000004 0.3875 0.04062500000000005 0.415625 0.051562500000000046 0.415625
1 0.059375000000000046 0.384375 0.04843750000000004 0.384375 0.04843750000000005 0.41875 0.059375000000000046 0.41875
1 0.07187500000000005 0.3890625 0.06093750000000005 0.3890625 0.06093750000000005 0.4203125 0.07187500000000005 0.4203125
1 0.08281250000000004 0.3921875 0.07031250000000004 0.3921875 0.07031250000000004 0.4140625 0.08281250000000004 0.4140625
1 0.10156250000000004 0.3859375 0.08437500000000005 0.3859375 0.08437500000000005 0.4171875 0.10156250000000004 0.4171875
1 0.12031250000000004 0.3875 0.10468750000000004 0.3875 0.10468750000000004 0.415625 0.12031250000000004 0.415625
1 0.13125000000000003 0.384375 0.12187500000000004 0.384375 0.12187500000000004 0.4140625 0.13125000000000003 0.4140625
1 0.14218750000000005 0.3859375 0.12968750000000004 0.3859375 0.12968750000000004 0.4171875 0.14218750000000005 0.4171875
1 0.12187500000000004 0.215625 0.10156250000000004 0.215625 0.10156250000000004 0.234375 0.12187500000000004 0.234375
1 0.12031250000000004 0.2015625 0.10312500000000005 0.2015625 0.10312500000000005 0.2171875 0.12031250000000004 0.2171875
1 0.12031250000000004 0.1828125 0.10156250000000004 0.1828125 0.10156250000000004 0.1984375 0.12031250000000004 0.1984375
1 0.3015625 0.07500000000000004 0.2875 0.07500000000000004 0.2875 0.10312500000000005 0.3015625 0.10312500000000005
1 0.3125 0.07500000000000004 0.303125 0.07500000000000004 0.303125 0.10312500000000005 0.3125 0.10312500000000005
1 0.3234375 0.07812500000000004 0.3125 0.07812500000000004 0.3125 0.10312500000000005 0.3234375 0.10312500000000005
1 0.3546875 0.07812500000000004 0.3375 0.07812500000000004 0.3375 0.10625000000000004 0.3546875 0.10625000000000004
1 0.4296875 0.07656250000000005 0.40625 0.07656250000000005 0.40625 0.09531250000000005 0.4296875 0.09531250000000005
1 0.428125 0.059375000000000046 0.409375 0.059375000000000046 0.409375 0.07968750000000005 0.428125 0.07968750000000005
1 0.4265625 0.03125000000000005 0.4078125 0.03125000000000004 0.4078125 0.06093750000000005 0.4265625 0.06093750000000005
2 0.6328125 0.2828125000000001 0.6140625 0.2828125000000001 0.6140625 0.30937500000000007 0.6328125 0.30937500000000007
2 0.7828125 0.08437500000000009 0.76875 0.08437500000000009 0.76875 0.10781250000000009 0.7828125 0.10781250000000009