1 0.21875000000000006 0.3609375 0.2 0.3609375 0.20000000000000004 0.3828125 0.21875000000000008 0.3828125
1 0.22500000000000003 0.346875 0.2046875 0.346875 0.20468750000000005 0.371875 0.2250000000000001 0.371875
1 0.240625 0.31875 0.21875 0.31875 0.21875 0.3453125 0.240625 0.3453125
1 0.246875 0.30625 0.2265625 0.30625 0.2265625 0.33125 0.246875 0.33125
2 0.24375 0.29375 0.2328125 0.29375 0.2328125 0.309375 0.24375 0.309375
0 0.5609375 0.615625 0.34062500000000007 0.615625 0.34062500000000007 0.6734375 0.5609375 0.6734375
0 0.2921875000000001 0.584375 0.2453125000000001 0.584375 0.2453125000000001 0.6734375 0.2921875000000001 0.6734375
0 0.6140625 0.4265625 0.5625 0.4265625 0.5625 0.5515625 0.6140625 0.5515625
0 0.6703125 0.48125 0.61875 0.48125 0.61875 0.49375 0.6703125 0.49375
0 0.35000000000000003 0.3109375 0.25 0.3109375 0.25000000000000006 0.384375 0.3500000000000001 0.384375
0 0.7546875 0.38750000000000007 0.715625 0.38750000000000007 0.715625 0.5953125000000001 0.7546875 0.5953125000000001
0 0.8828125 0.5921875000000002 0.753125 0.5921875000000002 0.753125 0.6890625000000001 0.8828125 0.6890625000000001
0 0.55625 0.55 0.37187500000000007 0.55 0.37187500000000007 0.621875 0.55625 0.621875
1 0.5921875 0.3218750000000001 0.5765625 0.3218750000000001 0.5765625 0.3578125000000001 0.5921875 0.3578125000000001
1 0.5734375 0.3203125000000001 0.559375 0.3203125000000001 0.559375 0.3578125000000001 0.5734375 0.3578125000000001
1 0.540625 0.3218750000000001 0.5265625 0.3218750000000001 0.5265625 0.3578125000000001 0.540625 0.3578125000000001
1 0.521875 0.3218750000000001 0.5078125 0.3218750000000001 0.5078125 0.35625000000000007 0.521875 0.35625000000000007
1 0.5078125 0.3234375000000001 0.490625 0.3234375000000001 0.490625 0.3578125000000001 0.5078125 0.3578125000000001
1 0.4875 0.3218750000000001 0.4734375 0.3218750000000001 0.4734375 0.3578125000000001 0.4875 0.3578125000000001
1 0.4578125 0.3218750000000001 0.4421875 0.3218750000000001 0.4421875 0.3625000000000001 0.4578125 0.3625000000000001
1 0.4390625 0.3234375000000001 0.4234375 0.3234375000000001 0.4234375 0.3593750000000001 0.4390625 0.3593750000000001
1 0.4203125 0.3218750000000001 0.4046875 0.3218750000000001 0.4046875 0.3578125000000001 0.4203125 0.3578125000000001
1 0.4015625 0.3218750000000001 0.3859375 0.3218750000000001 0.3859375 0.3593750000000001 0.4015625 0.3593750000000001
1 0.65625 0.4265625 0.6390625 0.4265625 0.6390625 0.4671875 0.65625 0.4671875
1 0.596875 0.4796875 0.5734375 0.4796875 0.5734375 0.4984375 0.596875 0.4984375
1 0.475 0.5625 0.45625 0.5625 0.45625 0.59375 0.475 0.59375
1 0.2687500000000001 0.6140625 0.2531250000000001 0.6140625 0.2531250000000001 0.6484375 0.2687500000000001 0.6484375
1 0.8453125 0.2953125000000001 0.7921875 0.2953125000000001 0.7921875 0.3546875000000001 0.8453125 0.3546875000000001