0 0.73125 0.4359375000000001 0.19687500000000005 0.4359375 0.19687500000000005 0.4484375000000001 0.73125 0.44843750000000016
0 0.19375000000000003 0.4296875 0.12968750000000004 0.4296875 0.12968750000000004 0.45 0.19375000000000003 0.45
0 0.478125 0.35156250000000006 0.19531250000000006 0.3515625 0.19531250000000006 0.36406250000000007 0.478125 0.36406250000000007
0 0.73125 0.3500000000000001 0.4859375 0.3500000000000001 0.4859375 0.3671875000000001 0.73125 0.3671875000000001
0 0.3546875 0.10312500000000005 0.1984375 0.10312500000000005 0.1984375 0.11250000000000004 0.3546875 0.11250000000000004
0 0.221875 0.003125000000000025 0.18125 0.0031250000000000223 0.18125 0.057812500000000024 0.221875 0.057812500000000024
1 0.7796875 0.1671875000000001 0.75625 0.1671875000000001 0.75625 0.2578125000000001 0.7796875 0.2578125000000001
0 0.7859375 0.1359375000000001 0.778125 0.1359375000000001 0.778125 0.2890625000000001 0.7859375 0.2890625000000001
1 0.3515625 0.3125 0.321875 0.3125 0.321875 0.3515625 0.3515625 0.3515625
1 0.50625 0.403125 0.4203125 0.403125 0.4203125 0.4375 0.50625 0.4375
1 0.6046875 0.3125000000000001 0.5796875 0.3125000000000001 0.5796875 0.34843750000000007 0.6046875 0.34843750000000007
1 0.63125 0.30937500000000007 0.609375 0.30937500000000007 0.609375 0.33281250000000007 0.63125 0.33281250000000007
1 0.5046875 0.01562500000000006 0.453125 0.015625000000000056 0.453125 0.048437500000000064 0.5046875 0.048437500000000064
1 0.3578125 0.06718750000000004 0.28125 0.06718750000000004 0.28125 0.10312500000000005 0.3578125 0.10312500000000005
1 0.5390625 0.03593750000000006 0.496875 0.03593750000000005 0.496875 0.057812500000000065 0.5390625 0.057812500000000065
1 0.940625 0.40625000000000017 0.85625 0.40625000000000017 0.85625 0.44062500000000016 0.940625 0.44062500000000016
1 0.79375 0.07812500000000008 0.771875 0.07812500000000008 0.771875 0.10156250000000008 0.79375 0.10156250000000008