0 0.590625 0.20625000000000004 0.3546875 0.20625 0.3546875 0.2671875 0.590625 0.2671875000000001
0 0.5921875 0.18125000000000008 0.453125 0.18125000000000005 0.453125 0.23593750000000008 0.5921875 0.23593750000000008
0 0.6578125 0.08906250000000007 0.5875 0.08906250000000007 0.5875 0.17968750000000008 0.6578125 0.17968750000000008
0 0.628125 0.10156250000000008 0.5890625 0.10156250000000008 0.5890625 0.16562500000000008 0.628125 0.16562500000000008
0 0.3625 0.203125 0.31875 0.203125 0.31875 0.2671875 0.3625 0.2671875
0 0.41875 0.09531250000000005 0.409375 0.09531250000000005 0.409375 0.17343750000000005 0.41875 0.17343750000000005
0 0.31875 0.07343750000000004 0.28125 0.07343750000000004 0.28125 0.19375000000000003 0.31875 0.19375000000000003
0 0.58125 0.017187500000000067 0.5078125 0.01718750000000006 0.5078125 0.09218750000000006 0.58125 0.09218750000000006
0 0.409375 0.03906250000000005 0.3625 0.03906250000000004 0.3625 0.08906250000000004 0.409375 0.08906250000000004
0 0.3640625 3.874859012927172e-17 0.26875 3.2912382727085115e-17 0.26875 0.06406250000000004 0.3640625 0.06406250000000005
0 0.7765625 0.2062500000000001 0.6859375 0.2062500000000001 0.6859375 0.2531250000000001 0.7765625 0.2531250000000001
0 0.809375 0.05937500000000009 0.778125 0.05937500000000009 0.778125 0.2078125000000001 0.809375 0.2078125000000001
0 0.6078125 0.4140625 0.5171875 0.4140625 0.5171875 0.4515625 0.6078125 0.4515625
0 0.5578125 0.434375 0.35625000000000007 0.434375 0.35625000000000007 0.4828125 0.5578125 0.4828125
2 0.7765625 0.36406250000000007 0.7453125 0.36406250000000007 0.7453125 0.4046875000000002 0.7765625 0.4046875000000002
1 0.5140625 0.05156250000000007 0.4984375 0.05156250000000007 0.4984375 0.06406250000000006 0.5140625 0.06406250000000006
1 0.5171875 0.03593750000000007 0.503125 0.03593750000000007 0.503125 0.050000000000000065 0.5171875 0.050000000000000065
1 0.61875 0.1218750000000001 0.6046875 0.1218750000000001 0.6046875 0.1312500000000001 0.61875 0.1312500000000001
1 0.2718750000000001 0.5328125 0.2578125000000001 0.5328125 0.2578125000000001 0.540625 0.2718750000000001 0.540625
1 0.8328125 0.5390625000000002 0.8171875 0.5390625000000002 0.8171875 0.5531250000000002 0.8328125 0.5531250000000002