0 0.303125 0.3171875 0.275 0.3171875 0.275 0.3421875 0.303125 0.3421875
0 0.3500000000000001 0.45625 0.3046875000000001 0.45625 0.3046875000000001 0.4703125 0.3500000000000001 0.4703125
0 0.60625 0.4546875 0.3500000000000001 0.4546875 0.3500000000000001 0.4703125 0.60625 0.4703125
0 0.6078125 0.421875 0.578125 0.421875 0.578125 0.434375 0.6078125 0.434375
0 0.6421875 0.3046875000000001 0.634375 0.3046875000000001 0.634375 0.3750000000000001 0.6421875 0.3750000000000001
0 0.5421875 0.25468750000000007 0.515625 0.25468750000000007 0.515625 0.2890625000000001 0.5421875 0.2890625000000001
1 0.2953125 0.29375 0.25 0.29375 0.25 0.315625 0.2953125 0.315625
0 0.41875 0.2953125000000001 0.403125 0.2953125000000001 0.403125 0.3828125000000001 0.41875 0.3828125000000001
0 0.7734375 0.4406250000000001 0.696875 0.440625 0.696875 0.4593750000000001 0.7734375 0.4593750000000002
0 0.8125 0.27812500000000007 0.7984375 0.27812500000000007 0.7984375 0.40625000000000017 0.8125 0.40625000000000017
0 0.34843750000000007 0.7953125 0.3062500000000001 0.7953125 0.3062500000000001 0.8078125 0.34843750000000007 0.8078125
0 0.6062500000000002 0.7953125 0.3515625000000001 0.7953125 0.3515625000000001 0.809375 0.6062500000000002 0.809375
0 0.6421875 0.6453125 0.63125 0.6453125 0.63125 0.7140625 0.6421875 0.7140625
0 0.6062500000000002 0.7609375 0.5765625000000002 0.7609375 0.5765625000000002 0.775 0.6062500000000002 0.775
0 0.540625 0.5859375 0.4921875 0.5859375 0.4921875 0.6296875 0.540625 0.6296875
0 0.3046875000000001 0.6546875 0.2765625000000001 0.6546875 0.2765625000000001 0.7359375 0.3046875000000001 0.7359375
1 0.2953125000000001 0.628125 0.2484375000000001 0.628125 0.2484375000000001 0.653125 0.2953125000000001 0.653125
1 0.5296875 0.5890625 0.5046875 0.5890625 0.5046875 0.6109375 0.5296875 0.6109375
0 0.7703125000000002 0.7796875000000001 0.6984375000000002 0.7796875 0.6984375000000002 0.7921875 0.7703125000000002 0.7921875000000002
0 0.8125 0.6156250000000002 0.8 0.6156250000000002 0.8 0.7468750000000002 0.8125 0.7468750000000002