1 0.8734375 0.5359375000000002 0.8515625 0.5359375000000002 0.8515625 0.5703125000000002 0.8734375 0.5703125000000002
1 0.6859375000000002 0.803125 0.6656250000000001 0.803125 0.6656250000000001 0.8390625 0.6859375000000002 0.8390625
1 0.6859375000000002 0.759375 0.6687500000000002 0.759375 0.6687500000000002 0.7953125 0.6859375000000002 0.7953125
1 0.809375 0.803125 0.7984375000000001 0.803125 0.7984375000000001 0.8375 0.809375 0.8375
1 0.8140625 0.8421875 0.7953125000000002 0.8421875 0.7953125000000002 0.88125 0.8140625 0.88125
1 0.6828125000000002 0.84375 0.6625000000000002 0.84375 0.6625000000000002 0.88125 0.6828125000000002 0.88125
1 0.6812500000000001 0.890625 0.6656250000000001 0.890625 0.6656250000000001 0.925 0.6812500000000001 0.925
1 0.6843750000000002 0.934375 0.6656250000000001 0.934375 0.6656250000000001 0.9703125 0.6843750000000002 0.9703125
1 0.8703125 0.43750000000000017 0.853125 0.43750000000000017 0.853125 0.4750000000000002 0.8703125 0.4750000000000002
1 0.8703125 0.17187500000000008 0.853125 0.17187500000000008 0.853125 0.2093750000000001 0.8703125 0.2093750000000001
1 0.86875 0.09218750000000012 0.8546875 0.09218750000000012 0.8546875 0.1312500000000001 0.86875 0.1312500000000001
1 0.8734375 0.014062500000000106 0.853125 0.014062500000000106 0.853125 0.05312500000000011 0.8734375 0.05312500000000011
0 0.3796875 0.007812500000000043 0.3125 0.007812500000000038 0.3125 0.06562500000000004 0.3796875 0.06562500000000004