0 0.6734375 0.4 0.475 0.4 0.475 0.4171875 0.6734375 0.4171875
0 0.453125 0.4015625 0.428125 0.4015625 0.428125 0.4140625 0.453125 0.4140625
0 0.471875 0.3515625000000001 0.4484375 0.3515625000000001 0.4484375 0.37187500000000007 0.471875 0.37187500000000007
0 0.521875 0.34843750000000007 0.5015625 0.34843750000000007 0.5015625 0.3703125000000001 0.521875 0.3703125000000001
0 0.5625 0.27031250000000007 0.5296875 0.27031250000000007 0.5296875 0.2890625000000001 0.5625 0.2890625000000001
0 0.6703125 0.2687500000000001 0.5734375 0.2687500000000001 0.5734375 0.28593750000000007 0.6703125 0.28593750000000007
0 0.725 0.1312500000000001 0.709375 0.1312500000000001 0.709375 0.1828125000000001 0.725 0.1828125000000001
0 0.3828125 0.20937500000000003 0.35625 0.209375 0.35625 0.25312500000000004 0.3828125 0.2531250000000001
0 0.5625 0.023437500000000066 0.5296875 0.023437500000000066 0.5296875 0.03906250000000007 0.5625 0.03906250000000007
0 0.4375 0.08906250000000004 0.428125 0.08906250000000004 0.428125 0.22812500000000008 0.4375 0.22812500000000008
1 0.4921875 0.2734375000000001 0.4640625 0.2734375000000001 0.4640625 0.3031250000000001 0.4921875 0.3031250000000001
1 0.6234375 0.6671875 0.596875 0.6671875 0.596875 0.6984375 0.6234375 0.6984375
1 0.6250000000000001 0.7125 0.5921875 0.7125 0.5921875000000001 0.7484375 0.6250000000000002 0.7484375
1 0.6171875000000002 0.759375 0.5984375000000002 0.759375 0.5984375000000002 0.8 0.6171875000000002 0.8
1 0.6187500000000001 0.8125 0.6000000000000002 0.8125 0.6000000000000002 0.84375 0.6187500000000001 0.84375
1 0.6140625000000002 0.8640625 0.6031250000000001 0.8640625 0.6031250000000001 0.8921875 0.6140625000000002 0.8921875
1 0.6218750000000002 0.9109375 0.5984375000000002 0.9109375 0.5984375000000002 0.9375 0.6218750000000002 0.9375
1 0.671875 0.6703125 0.64375 0.6703125 0.64375 0.696875 0.671875 0.696875
1 0.61875 0.6171875 0.5984375 0.6171875 0.5984375 0.646875 0.61875 0.646875
1 0.665625 0.621875 0.646875 0.621875 0.646875 0.653125 0.665625 0.653125
1 0.6796875000000001 0.7140625 0.640625 0.7140625 0.6406250000000001 0.7453125 0.6796875000000002 0.7453125
1 0.6703125000000002 0.7671875 0.6437500000000002 0.7671875 0.6437500000000002 0.7953125 0.6703125000000002 0.7953125
1 0.6671875000000002 0.8125 0.6515625000000002 0.8125 0.6515625000000002 0.8484375 0.6671875000000002 0.8484375
1 0.6656250000000001 0.8609375 0.6500000000000001 0.8609375 0.6500000000000001 0.8953125 0.6656250000000001 0.8953125
1 0.6703125000000002 0.9078125 0.6437500000000002 0.9078125 0.6437500000000002 0.940625 0.6703125000000002 0.940625
1 0.7140625 0.615625 0.6953125 0.615625 0.6953125 0.65 0.7140625 0.65
1 0.715625 0.66875 0.6921875 0.66875 0.6921875 0.7 0.715625 0.7
1 0.721875 0.7125 0.6859375 0.7125 0.6859375000000001 0.746875 0.7218750000000002 0.746875
1 0.7203125000000001 0.76875 0.6921875000000002 0.76875 0.6921875000000002 0.796875 0.7203125000000001 0.796875
1 0.7140625000000002 0.8109375 0.6968750000000001 0.8109375 0.6968750000000001 0.846875 0.7140625000000002 0.846875
1 0.7140625000000002 0.8625 0.6937500000000002 0.8625 0.6937500000000002 0.8984375 0.7140625000000002 0.8984375
1 0.7187500000000002 0.9078125 0.6906250000000002 0.9078125 0.6906250000000002 0.94375 0.7187500000000002 0.94375
1 0.7640625 0.6187500000000001 0.740625 0.6187500000000001 0.740625 0.6500000000000001 0.7640625 0.6500000000000001
1 0.765625 0.6671875000000002 0.734375 0.6671875000000002 0.734375 0.6984375000000002 0.765625 0.6984375000000002
1 0.7671875000000001 0.7156250000000002 0.734375 0.7156250000000002 0.7343750000000001 0.7484375000000002 0.7671875000000001 0.7484375000000002
1 0.7656250000000002 0.7687500000000002 0.7375000000000002 0.7687500000000002 0.7375000000000002 0.7968750000000002 0.7656250000000002 0.7968750000000002
1 0.7640625000000002 0.809375 0.7390625000000002 0.809375 0.7390625000000002 0.84375 0.7640625000000002 0.84375
1 0.7578125000000002 0.8671875 0.7421875000000002 0.8671875 0.7421875000000002 0.89375 0.7578125000000002 0.89375
1 0.7671875000000001 0.9109375 0.7375000000000002 0.9109375 0.7375000000000002 0.94375 0.7671875000000001 0.94375
1 0.7640625000000002 0.9625 0.7375000000000002 0.9625 0.7375000000000002 0.9953125 0.7640625000000002 0.9953125
1 0.8171875 0.6156250000000002 0.79375 0.6156250000000002 0.79375 0.6515625000000002 0.8171875 0.6515625000000002
1 0.8203125 0.6703125000000002 0.7859375 0.6703125000000002 0.7859375 0.6984375000000002 0.8203125 0.6984375000000002
1 0.825 0.7203125000000001 0.7859375 0.7203125000000001 0.7859375000000001 0.7453125000000002 0.825 0.7453125000000002
1 0.8140625 0.7625000000000002 0.7906250000000001 0.7625000000000002 0.7906250000000001 0.7937500000000002 0.8140625 0.7937500000000002
1 0.815625 0.8125 0.7937500000000002 0.8125 0.7937500000000002 0.840625 0.815625 0.840625
1 0.8109375 0.8625 0.7968750000000002 0.8625 0.7968750000000002 0.8953125 0.8109375 0.8953125
1 0.815625 0.9109375 0.7906250000000001 0.9109375 0.7906250000000001 0.9390625 0.815625 0.9390625
1 0.8171875 0.959375 0.7906250000000001 0.959375 0.7906250000000001 0.9890625 0.8171875 0.9890625
1 0.8765625 0.6234375000000002 0.8484375 0.6234375000000002 0.8484375 0.6468750000000002 0.8765625 0.6468750000000002
1 0.8734375 0.6687500000000002 0.8484375 0.6687500000000002 0.8484375 0.6968750000000001 0.8734375 0.6968750000000001
1 0.8734375 0.7171875000000002 0.84375 0.7171875000000002 0.84375 0.7484375000000002 0.8734375 0.7484375000000002
1 0.8734375 0.7656250000000002 0.8453125 0.7656250000000002 0.8453125 0.7953125000000002 0.8734375 0.7953125000000002
1 0.875 0.815625 0.8453125 0.815625 0.8453125 0.8453125 0.875 0.8453125
1 0.871875 0.8625 0.846875 0.8625 0.846875 0.89375 0.871875 0.89375
1 0.8765625 0.9109375 0.8453125 0.9109375 0.8453125 0.9421875 0.8765625 0.9421875
1 0.8734375 0.9609375 0.846875 0.9609375 0.846875 0.9921875 0.8734375 0.9921875
1 0.934375 0.6187500000000001 0.9078125 0.6187500000000001 0.9078125 0.6500000000000001 0.934375 0.6500000000000001
1 1 0.6156250000000002 0.9734375 0.6156250000000002 0.9734375 0.6500000000000001 1 0.6500000000000001
1 0.996875 0.6687500000000002 0.975 0.6687500000000002 0.975 0.6968750000000001 0.996875 0.6968750000000001
1 0.9921875 0.7171875000000002 0.965625 0.7171875000000002 0.965625 0.7468750000000002 0.9921875 0.7468750000000002
1 0.996875 0.7625000000000002 0.9734375 0.7625000000000002 0.9734375 0.7984375000000001 0.996875 0.7984375000000001
1 0.996875 0.8140625 0.9734375 0.8140625 0.9734375 0.84375 0.996875 0.84375
1 1 0.8625 0.9734375 0.8625 0.9734375 0.8890625 1 0.8890625
1 0.9984375 0.9109375 0.975 0.9109375 0.975 0.9421875 0.9984375 0.9421875
1 1 0.9609375 0.971875 0.9609375 0.971875 0.990625 1 0.990625
1 0.9359375 0.6703125000000002 0.90625 0.6703125000000002 0.90625 0.6984375000000002 0.9359375 0.6984375000000002
1 0.946875 0.7156250000000002 0.8984375 0.7156250000000002 0.8984375 0.7500000000000002 0.946875 0.7500000000000002
1 0.9375 0.7640625000000002 0.909375 0.7640625000000002 0.909375 0.7984375000000001 0.9375 0.7984375000000001
1 0.9375 0.8125 0.9046875 0.8125 0.9046875 0.8453125 0.9375 0.8453125
1 0.9328125 0.865625 0.909375 0.865625 0.909375 0.8953125 0.9328125 0.8953125
1 0.934375 0.9109375 0.9078125 0.9109375 0.9078125 0.940625 0.934375 0.940625
1 0.934375 0.9609375 0.90625 0.9609375 0.90625 0.99375 0.934375 0.99375