0 0.6484375 0.4109375 0.59375 0.4109375 0.59375 0.559375 0.6484375 0.559375
0 0.7171875 0.3390625000000001 0.68125 0.3390625000000001 0.68125 0.6328125 0.7171875 0.6328125
0 0.9015625 0.6312500000000001 0.7171875 0.63125 0.7171875 0.7046875000000001 0.9015625 0.7046875000000001
0 0.5984375 0.5625 0.4421875 0.5625 0.4421875 0.7140625 0.5984375 0.7140625
0 0.2765625000000001 0.625 0.1828125000000001 0.625 0.1828125000000001 0.7609375 0.2765625000000001 0.7609375
0 0.5953125000000001 0.6234375 0.2687500000000001 0.6234375 0.2687500000000001 0.7609375 0.5953125000000001 0.7609375
0 0.3390625000000001 0.421875 0.3234375000000001 0.421875 0.3234375000000001 0.5515625 0.3390625000000001 0.5515625
0 0.2265625 0.2671875 0.17812500000000003 0.2671875 0.17812500000000003 0.3515625 0.2265625 0.3515625
2 0.3203125000000001 0.365625 0.27812500000000007 0.365625 0.27812500000000007 0.4109375 0.3203125000000001 0.4109375
1 0.284375 0.228125 0.2734375 0.228125 0.2734375 0.253125 0.284375 0.253125
2 0.2921875 0.225 0.284375 0.225 0.284375 0.2390625 0.2921875 0.2390625
1 0.23125 0.225 0.215625 0.225 0.215625 0.25625 0.23125 0.25625
2 0.2390625 0.2265625 0.2296875 0.2265625 0.2296875 0.240625 0.2390625 0.240625
1 0.271875 0.2265625 0.259375 0.2265625 0.259375 0.2546875 0.271875 0.2546875
1 0.215625 0.2265625 0.2046875 0.2265625 0.2046875 0.2546875 0.215625 0.2546875
1 0.31250000000000006 0.34375 0.303125 0.34375 0.30312500000000003 0.365625 0.3125000000000001 0.365625
1 0.3203125000000001 0.4828125 0.30156250000000007 0.4828125 0.30156250000000007 0.50625 0.3203125000000001 0.50625
1 0.32500000000000007 0.4671875 0.3140625000000001 0.4671875 0.3140625000000001 0.4828125 0.32500000000000007 0.4828125
1 0.2375000000000001 0.7078125 0.22031250000000008 0.7078125 0.22031250000000008 0.7421875 0.2375000000000001 0.7421875
1 0.4390625000000001 0.7078125 0.4296875 0.7078125 0.4296875000000001 0.7421875 0.4390625000000002 0.7421875
1 0.528125 0.6609375 0.5140625 0.6609375 0.5140625 0.690625 0.528125 0.690625
1 0.63125 0.4703125 0.6109375 0.4703125 0.6109375 0.496875 0.63125 0.496875
1 0.6890625 0.475 0.675 0.475 0.675 0.4953125 0.6890625 0.4953125
1 0.8203125 0.6578125000000001 0.8015625 0.6578125000000001 0.8015625 0.6875000000000002 0.8203125 0.6875000000000002