0 0.8390625 0.2390625000000001 0.7734375 0.2390625000000001 0.7734375 0.3468750000000001 0.8390625 0.3468750000000001
0 0.28125 0.08437500000000003 0.240625 0.08437500000000002 0.240625 0.240625 0.28125 0.240625
0 0.4234375 0.12031250000000004 0.409375 0.12031250000000004 0.409375 0.2078125000000001 0.4234375 0.2078125000000001
0 0.353125 0.240625 0.28125 0.240625 0.28125000000000006 0.41875 0.3531250000000001 0.41875
0 0.6609375 0.24218750000000006 0.3453125 0.2421875 0.3453125 0.4171875 0.6609375 0.4171875
0 0.6640625 0.2156250000000001 0.4515625 0.2156250000000001 0.4515625 0.3531250000000001 0.6640625 0.3531250000000001
0 0.728125 0.1140625000000001 0.6640625 0.1140625000000001 0.6640625 0.2156250000000001 0.728125 0.2156250000000001
1 0.4046875 0.15312500000000004 0.38125 0.15312500000000004 0.38125 0.18125000000000005 0.4046875 0.18125000000000005
1 0.2390625 0.15937500000000004 0.21875 0.15937500000000004 0.21875 0.18281250000000004 0.2390625 0.18281250000000004
1 0.24375 0.15156250000000004 0.23125 0.15156250000000004 0.23125 0.16875000000000004 0.24375 0.16875000000000004
1 0.32812500000000006 0.35625 0.309375 0.35625 0.30937500000000007 0.390625 0.3281250000000001 0.390625
1 0.5125 0.3515625000000001 0.496875 0.3515625000000001 0.496875 0.3921875000000001 0.5125 0.3921875000000001
1 0.56875 0.2906250000000001 0.55 0.2906250000000001 0.55 0.33281250000000007 0.56875 0.33281250000000007
1 0.4140625 0.14375000000000004 0.4015625 0.14375000000000004 0.4015625 0.16250000000000003 0.4140625 0.16250000000000003
1 0.7078125 0.14843750000000008 0.6828125 0.14843750000000008 0.6828125 0.1750000000000001 0.7078125 0.1750000000000001
1 0.8140625 0.2906250000000001 0.796875 0.2906250000000001 0.796875 0.3203125000000001 0.8140625 0.3203125000000001
1 0.4078125 0.496875 0.4015625 0.496875 0.4015625 0.515625 0.4078125 0.515625
1 0.4171875 0.496875 0.40625 0.496875 0.40625 0.5140625 0.4171875 0.5140625
1 0.50625 0.4984375 0.4984375 0.4984375 0.4984375 0.5171875 0.50625 0.5171875
1 0.4078125 0.5265625 0.4015625 0.5265625 0.4015625 0.5421875 0.4078125 0.5421875
1 0.415625 0.525 0.409375 0.525 0.409375 0.5421875 0.415625 0.5421875
1 0.409375 0.5546875 0.4015625 0.5546875 0.4015625 0.5734375 0.409375 0.5734375
1 0.415625 0.5546875 0.4078125 0.5546875 0.4078125 0.5703125 0.415625 0.5703125
1 0.40625 0.58125 0.4015625 0.58125 0.4015625 0.596875 0.40625 0.596875
1 0.415625 0.58125 0.4078125 0.58125 0.4078125 0.6 0.415625 0.6
1 0.40625 0.6109375 0.4015625 0.6109375 0.4015625 0.6265625 0.40625 0.6265625
1 0.415625 0.609375 0.4078125 0.609375 0.4078125 0.625 0.415625 0.625
1 0.4078125 0.634375 0.4015625 0.634375 0.4015625 0.6515625 0.4078125 0.6515625
1 0.4171875 0.6359375 0.4078125 0.6359375 0.4078125 0.6515625 0.4171875 0.6515625
1 0.3000000000000001 0.4984375 0.29375000000000007 0.4984375 0.29375000000000007 0.515625 0.3000000000000001 0.515625
1 0.3000000000000001 0.525 0.29375000000000007 0.525 0.29375000000000007 0.5421875 0.3000000000000001 0.5421875
1 0.30156250000000007 0.5546875 0.29375000000000007 0.5546875 0.29375000000000007 0.5703125 0.30156250000000007 0.5703125
1 0.3000000000000001 0.58125 0.2921875000000001 0.58125 0.2921875000000001 0.5984375 0.3000000000000001 0.5984375
1 0.3000000000000001 0.609375 0.29375000000000007 0.609375 0.29375000000000007 0.6265625 0.3000000000000001 0.6265625
1 0.2968750000000001 0.6328125 0.2890625000000001 0.6328125 0.2890625000000001 0.653125 0.2968750000000001 0.653125
1 0.3046875000000001 0.6359375 0.2968750000000001 0.6359375 0.2968750000000001 0.653125 0.3046875000000001 0.653125
1 0.2953125000000001 0.6640625 0.2906250000000001 0.6640625 0.2906250000000001 0.6796875 0.2953125000000001 0.6796875
1 0.3046875000000001 0.6625 0.2953125000000001 0.6625 0.2953125000000001 0.6796875 0.3046875000000001 0.6796875
1 0.2968750000000001 0.6890625 0.2906250000000001 0.6890625 0.2906250000000001 0.7078125 0.2968750000000001 0.7078125
1 0.3046875000000001 0.6890625 0.2968750000000001 0.6890625 0.2968750000000001 0.709375 0.3046875000000001 0.709375
1 0.2953125000000001 0.7203125 0.2906250000000001 0.7203125 0.2906250000000001 0.734375 0.2953125000000001 0.734375
1 0.3031250000000001 0.71875 0.2984375000000001 0.71875 0.2984375000000001 0.7359375 0.3031250000000001 0.7359375
1 0.2968750000000001 0.7453125 0.2906250000000001 0.7453125 0.2906250000000001 0.7625 0.2968750000000001 0.7625
1 0.3031250000000001 0.74375 0.2968750000000001 0.74375 0.2968750000000001 0.765625 0.3031250000000001 0.765625
1 0.2968750000000001 0.771875 0.2875000000000001 0.771875 0.2875000000000001 0.7890625 0.2968750000000001 0.7890625
1 0.3046875000000001 0.775 0.2968750000000001 0.775 0.2968750000000001 0.790625 0.3046875000000001 0.790625
1 0.2968750000000001 0.8 0.2890625000000001 0.8 0.2890625000000001 0.815625 0.2968750000000001 0.815625
1 0.3046875000000001 0.7984375 0.2984375000000001 0.7984375 0.2984375000000001 0.815625 0.3046875000000001 0.815625
1 0.2968750000000001 0.8265625 0.2906250000000001 0.8265625 0.2906250000000001 0.8453125 0.2968750000000001 0.8453125
1 0.3046875000000001 0.825 0.2968750000000001 0.825 0.2968750000000001 0.8453125 0.3046875000000001 0.8453125
1 0.2968750000000001 0.85625 0.2906250000000001 0.85625 0.2906250000000001 0.871875 0.2968750000000001 0.871875
1 0.3046875000000001 0.8546875 0.2968750000000001 0.8546875 0.2968750000000001 0.8703125 0.3046875000000001 0.8703125
1 0.2968750000000001 0.884375 0.2890625000000001 0.884375 0.2890625000000001 0.9 0.2968750000000001 0.9
1 0.3046875000000001 0.88125 0.2984375000000001 0.88125 0.2984375000000001 0.896875 0.3046875000000001 0.896875
1 0.4078125 0.6625 0.4015625 0.6625 0.4015625 0.6796875 0.4078125 0.6796875
1 0.415625 0.6640625 0.409375 0.6640625 0.409375 0.68125 0.415625 0.68125
1 0.4078125 0.6890625 0.4 0.6890625 0.4 0.70625 0.4078125 0.70625
1 0.415625 0.690625 0.409375 0.690625 0.409375 0.709375 0.415625 0.709375
1 0.4078125000000001 0.7203125 0.4 0.7203125 0.4000000000000001 0.7359375 0.4078125000000002 0.7359375
1 0.4156250000000001 0.71875 0.409375 0.71875 0.4093750000000001 0.734375 0.4156250000000002 0.734375
1 0.4078125000000002 0.7734375 0.40156250000000016 0.7734375 0.40156250000000016 0.7890625 0.4078125000000002 0.7890625
1 0.4156250000000002 0.771875 0.4078125000000002 0.771875 0.4078125000000002 0.7890625 0.4156250000000002 0.7890625
1 0.4078125000000002 0.8 0.40156250000000016 0.8 0.40156250000000016 0.8171875 0.4078125000000002 0.8171875
1 0.41406250000000017 0.8 0.40937500000000016 0.8 0.40937500000000016 0.8171875 0.41406250000000017 0.8171875
1 0.4078125000000002 0.853125 0.3984375000000001 0.853125 0.3984375000000001 0.871875 0.4078125000000002 0.871875
1 0.4156250000000002 0.8546875 0.40937500000000016 0.8546875 0.40937500000000016 0.8734375 0.4156250000000002 0.8734375
1 0.4078125000000002 0.884375 0.40156250000000016 0.884375 0.40156250000000016 0.9015625 0.4078125000000002 0.9015625
1 0.4156250000000002 0.884375 0.40937500000000016 0.884375 0.40937500000000016 0.9 0.4156250000000002 0.9
1 0.5171875 0.5 0.509375 0.5 0.509375 0.515625 0.5171875 0.515625
1 0.5125 0.5234375 0.503125 0.5234375 0.503125 0.54375 0.5125 0.54375
1 0.50625 0.5546875 0.4984375 0.5546875 0.4984375 0.5703125 0.50625 0.5703125
1 0.5171875 0.5546875 0.5109375 0.5546875 0.5109375 0.571875 0.5171875 0.571875
1 0.5078125 0.58125 0.5015625 0.58125 0.5015625 0.5984375 0.5078125 0.5984375
1 0.515625 0.58125 0.5078125 0.58125 0.5078125 0.5984375 0.515625 0.5984375
1 0.50625 0.6078125 0.5 0.6078125 0.5 0.625 0.50625 0.625
1 0.515625 0.609375 0.5078125 0.609375 0.5078125 0.625 0.515625 0.625
1 0.50625 0.6359375 0.5015625 0.6359375 0.5015625 0.6546875 0.50625 0.6546875
1 0.515625 0.6359375 0.509375 0.6359375 0.509375 0.653125 0.515625 0.653125
1 0.50625 0.6625 0.503125 0.6625 0.503125 0.6796875 0.50625 0.6796875
1 0.515625 0.6640625 0.5078125 0.6640625 0.5078125 0.6796875 0.515625 0.6796875
1 0.5078125 0.6921875 0.5 0.6921875 0.5 0.7078125 0.5078125 0.7078125
1 0.515625 0.690625 0.5078125 0.690625 0.5078125 0.7078125 0.515625 0.7078125
1 0.5078125000000001 0.7203125 0.5 0.7203125 0.5000000000000001 0.7359375 0.5078125000000002 0.7359375
1 0.5140625000000001 0.71875 0.509375 0.71875 0.5093750000000001 0.734375 0.5140625000000002 0.734375
1 0.5078125000000002 0.7703125 0.5015625000000001 0.7703125 0.5015625000000001 0.7890625 0.5078125000000002 0.7890625
1 0.5156250000000002 0.771875 0.5078125000000002 0.771875 0.5078125000000002 0.7890625 0.5156250000000002 0.7890625
1 0.5093750000000001 0.8 0.5000000000000002 0.8 0.5000000000000002 0.8171875 0.5093750000000001 0.8171875
1 0.5156250000000002 0.8 0.5093750000000001 0.8 0.5093750000000001 0.8171875 0.5156250000000002 0.8171875
1 0.5078125000000002 0.85625 0.5000000000000002 0.85625 0.5000000000000002 0.871875 0.5078125000000002 0.871875
1 0.5156250000000002 0.8546875 0.5078125000000002 0.8546875 0.5078125000000002 0.8734375 0.5156250000000002 0.8734375
1 0.5078125000000002 0.8828125 0.5015625000000001 0.8828125 0.5015625000000001 0.9 0.5078125000000002 0.9
1 0.5171875000000001 0.8828125 0.5093750000000001 0.8828125 0.5093750000000001 0.9 0.5171875000000001 0.9
1 0.6125 0.4984375 0.6046875 0.4984375 0.6046875 0.515625 0.6125 0.515625
1 0.6125 0.525 0.6046875 0.525 0.6046875 0.5421875 0.6125 0.5421875
1 0.6125 0.553125 0.6046875 0.553125 0.6046875 0.5703125 0.6125 0.5703125
1 0.6140625 0.58125 0.6046875 0.58125 0.6046875 0.5984375 0.6140625 0.5984375
1 0.6125 0.609375 0.6046875 0.609375 0.6046875 0.6265625 0.6125 0.6265625
1 0.609375 0.634375 0.603125 0.634375 0.603125 0.653125 0.609375 0.653125
1 0.615625 0.634375 0.609375 0.634375 0.609375 0.653125 0.615625 0.653125
1 0.6078125 0.6640625 0.603125 0.6640625 0.603125 0.678125 0.6078125 0.678125
1 0.6171875 0.6640625 0.609375 0.6640625 0.609375 0.6796875 0.6171875 0.6796875
1 0.609375 0.6921875 0.603125 0.6921875 0.603125 0.7078125 0.609375 0.7078125
1 0.6171875 0.69375 0.609375 0.69375 0.609375 0.7078125 0.6171875 0.7078125
1 0.6078125000000001 0.7203125 0.6046875 0.7203125 0.6046875 0.7375 0.6078125000000002 0.7375
1 0.6156250000000001 0.71875 0.609375 0.71875 0.6093750000000001 0.7359375 0.6156250000000002 0.7359375
1 0.6078125000000002 0.775 0.6015625000000002 0.775 0.6015625000000002 0.7890625 0.6078125000000002 0.7890625
1 0.6156250000000002 0.7734375 0.6093750000000002 0.7734375 0.6093750000000002 0.7890625 0.6156250000000002 0.7890625
1 0.6078125000000002 0.8 0.6000000000000002 0.8 0.6000000000000002 0.815625 0.6078125000000002 0.815625
1 0.6187500000000001 0.8015625 0.6093750000000002 0.8015625 0.6093750000000002 0.8171875 0.6187500000000001 0.8171875
1 0.6078125000000002 0.85625 0.6015625000000002 0.85625 0.6015625000000002 0.8703125 0.6078125000000002 0.8703125
1 0.6171875000000002 0.8546875 0.6093750000000002 0.8546875 0.6093750000000002 0.871875 0.6171875000000002 0.871875
1 0.6093750000000002 0.8828125 0.6031250000000001 0.8828125 0.6031250000000001 0.9 0.6093750000000002 0.9
1 0.6171875000000002 0.884375 0.6093750000000002 0.884375 0.6093750000000002 0.9 0.6171875000000002 0.9
1 0.70625 0.496875 0.7 0.496875 0.7 0.515625 0.70625 0.515625
1 0.70625 0.5265625 0.6984375 0.5265625 0.6984375 0.54375 0.70625 0.54375
1 0.70625 0.553125 0.6984375 0.553125 0.6984375 0.571875 0.70625 0.571875
1 0.70625 0.58125 0.6984375 0.58125 0.6984375 0.5984375 0.70625 0.5984375
1 0.70625 0.609375 0.6984375 0.609375 0.6984375 0.625 0.70625 0.625
1 0.7015625 0.6359375 0.6953125 0.6359375 0.6953125 0.653125 0.7015625 0.653125
1 0.7109375 0.6359375 0.703125 0.6359375 0.703125 0.653125 0.7109375 0.653125
1 0.7015625 0.6640625 0.6953125 0.6640625 0.6953125 0.6796875 0.7015625 0.6796875
1 0.709375 0.6625 0.703125 0.6625 0.703125 0.678125 0.709375 0.678125
1 0.7015625 0.690625 0.696875 0.690625 0.696875 0.7046875 0.7015625 0.7046875
1 0.709375 0.6921875 0.7015625 0.6921875 0.7015625 0.70625 0.709375 0.70625
1 0.7015625000000001 0.71875 0.6953125 0.71875 0.6953125000000001 0.734375 0.7015625000000002 0.734375
1 0.7093750000000001 0.7171875 0.7015625 0.7171875 0.7015625000000001 0.734375 0.7093750000000002 0.734375
1 0.7015625000000002 0.771875 0.6953125000000002 0.771875 0.6953125000000002 0.7890625 0.7015625000000002 0.7890625
1 0.7093750000000002 0.7734375 0.7031250000000002 0.7734375 0.7031250000000002 0.7875 0.7093750000000002 0.7875
1 0.7015625000000002 0.8 0.6953125000000002 0.8 0.6953125000000002 0.8171875 0.7015625000000002 0.8171875
1 0.7093750000000002 0.8 0.7031250000000002 0.8 0.7031250000000002 0.8171875 0.7093750000000002 0.8171875
1 0.7015625000000002 0.85625 0.6953125000000002 0.85625 0.6953125000000002 0.871875 0.7015625000000002 0.871875
1 0.7015625000000002 0.8828125 0.6953125000000002 0.8828125 0.6953125000000002 0.9 0.7015625000000002 0.9
1 0.7093750000000002 0.88125 0.7031250000000002 0.88125 0.7031250000000002 0.9 0.7093750000000002 0.9
1 0.7093750000000002 0.85625 0.7046875000000001 0.85625 0.7046875000000001 0.871875 0.7093750000000002 0.871875
1 0.8 0.4984375000000002 0.7921875 0.4984375000000002 0.7921875 0.5140625000000002 0.8 0.5140625000000002
1 0.809375 0.5000000000000002 0.803125 0.5000000000000002 0.803125 0.5140625000000002 0.809375 0.5140625000000002
1 0.803125 0.5281250000000002 0.7984375 0.5281250000000002 0.7984375 0.5437500000000002 0.803125 0.5437500000000002
1 0.8046875 0.5515625000000002 0.796875 0.5515625000000002 0.796875 0.5703125000000002 0.8046875 0.5703125000000002
1 0.803125 0.5828125000000002 0.7984375 0.5828125000000002 0.7984375 0.5984375000000002 0.803125 0.5984375000000002
1 0.80625 0.6093750000000002 0.7984375 0.6093750000000002 0.7984375 0.6265625000000001 0.80625 0.6265625000000001
1 0.803125 0.6343750000000001 0.7984375 0.6343750000000001 0.7984375 0.6515625000000002 0.803125 0.6515625000000002
1 0.8 0.6640625000000002 0.79375 0.6640625000000002 0.79375 0.6781250000000002 0.8 0.6781250000000002
1 0.8078125 0.6640625000000002 0.8 0.6640625000000002 0.8 0.6796875000000002 0.8078125 0.6796875000000002
1 0.8 0.6921875000000002 0.79375 0.6921875000000002 0.79375 0.7062500000000002 0.8 0.7062500000000002
1 0.809375 0.6921875000000002 0.8015625 0.6921875000000002 0.8015625 0.7062500000000002 0.809375 0.7062500000000002
1 0.8 0.7187500000000002 0.79375 0.7187500000000002 0.7937500000000001 0.7359375000000001 0.8 0.7359375000000001
1 0.809375 0.7187500000000002 0.8015625 0.7187500000000002 0.8015625 0.7359375000000001 0.809375 0.7359375000000001
1 0.8 0.7718750000000002 0.7937500000000002 0.7718750000000002 0.7937500000000002 0.7890625000000002 0.8 0.7890625000000002
1 0.8078125 0.7718750000000002 0.8 0.7718750000000002 0.8 0.7890625000000002 0.8078125 0.7890625000000002
1 0.8 0.8015625 0.7937500000000002 0.8015625 0.7937500000000002 0.8171875 0.8 0.8171875
1 0.809375 0.8 0.8 0.8 0.8 0.815625 0.809375 0.815625
1 0.8015625 0.8578125 0.7937500000000002 0.8578125 0.7937500000000002 0.8734375 0.8015625 0.8734375
1 0.8078125 0.85625 0.8015625 0.85625 0.8015625 0.871875 0.8078125 0.871875
1 0.8 0.884375 0.7937500000000002 0.884375 0.7937500000000002 0.9015625 0.8 0.9015625
1 0.8078125 0.8828125 0.8 0.8828125 0.8 0.8984375 0.8078125 0.8984375