0 0.39062500000000006 0.15468750000000003 0.315625 0.15468750000000003 0.31562500000000004 0.5046875 0.3906250000000001 0.5046875
0 0.390625 0.15468750000000003 0.3515625 0.15468750000000003 0.3515625 0.3375 0.390625 0.3375000000000001
0 0.5609375 0.12343750000000006 0.4796875 0.12343750000000005 0.4796875 0.15937500000000007 0.5609375 0.1593750000000001
0 0.4828125 0.14062500000000006 0.3078125 0.14062500000000006 0.3078125 0.18593750000000003 0.4828125 0.18593750000000003
1 0.540625 0.10781250000000005 0.528125 0.10781250000000005 0.528125 0.12812500000000004 0.540625 0.12812500000000004
1 0.5296875 0.10937500000000004 0.515625 0.10937500000000004 0.515625 0.12812500000000004 0.5296875 0.12812500000000004
1 0.75 0.2609375000000001 0.734375 0.2609375000000001 0.734375 0.28593750000000007 0.75 0.28593750000000007
1 0.7484375 0.30156250000000007 0.7359375 0.30156250000000007 0.7359375 0.32500000000000007 0.7484375 0.32500000000000007
1 0.746875 0.4031250000000002 0.734375 0.4031250000000002 0.734375 0.4265625000000002 0.746875 0.4265625000000002
1 0.7515625 0.4890625000000002 0.734375 0.4890625000000002 0.734375 0.5109375000000002 0.7515625 0.5109375000000002
1 0.7546875 0.5625000000000002 0.7421875 0.5625000000000002 0.7421875 0.5890625000000002 0.7546875 0.5890625000000002