0 0.4984375 0.27187500000000003 0.19062500000000004 0.271875 0.19062500000000004 0.34843750000000007 0.4984375 0.34843750000000007
0 0.2015625 0.2734375 0.10781250000000005 0.2734375 0.10781250000000005 0.3453125 0.2015625 0.3453125
0 0.5 0.21875000000000006 0.3125 0.21875 0.3125 0.28437500000000004 0.5 0.2843750000000001
0 0.5765625 0.07187500000000006 0.496875 0.07187500000000006 0.496875 0.22031250000000008 0.5765625 0.22031250000000008
0 0.7546875 0.2750000000000001 0.6171875 0.2750000000000001 0.6171875 0.3468750000000001 0.7546875 0.3468750000000001
0 0.828125 0.025000000000000095 0.7578125 0.025000000000000088 0.7578125 0.2765625000000001 0.828125 0.2765625000000001
1 0.08906250000000007 0.4734375 0.06875000000000006 0.4734375 0.06875000000000006 0.5140625 0.08906250000000007 0.5140625
1 0.08906250000000007 0.5953125 0.07031250000000007 0.5953125 0.07031250000000007 0.6328125 0.08906250000000007 0.6328125
1 0.0750000000000001 0.6953125 0.06406250000000009 0.6953125 0.06406250000000009 0.7328125 0.0750000000000001 0.7328125
1 0.09531250000000009 0.696875 0.08125000000000009 0.696875 0.08125000000000009 0.73125 0.09531250000000009 0.73125
1 0.0750000000000001 0.7953125 0.06406250000000009 0.7953125 0.0640625000000001 0.8265625 0.07500000000000011 0.8265625
1 0.0937500000000001 0.7921875 0.07656250000000009 0.7921875 0.0765625000000001 0.8296875 0.09375000000000011 0.8296875
1 0.07500000000000011 0.8953125 0.0640625000000001 0.8953125 0.0640625000000001 0.9296875 0.07500000000000011 0.9296875
1 0.09218750000000012 0.89375 0.07812500000000011 0.89375 0.07812500000000011 0.9296875 0.09218750000000012 0.9296875
1 0.18437500000000004 0.478125 0.16875000000000004 0.478125 0.16875000000000004 0.521875 0.18437500000000004 0.521875
1 0.2062500000000001 0.4765625 0.18437500000000004 0.4765625 0.18437500000000004 0.51875 0.2062500000000001 0.51875
1 0.1859375000000001 0.5984375 0.1750000000000001 0.5984375 0.1750000000000001 0.634375 0.1859375000000001 0.634375
1 0.2062500000000001 0.5984375 0.18750000000000008 0.5984375 0.18750000000000008 0.634375 0.2062500000000001 0.634375
1 0.1859375000000001 0.696875 0.1765625000000001 0.696875 0.1765625000000001 0.728125 0.1859375000000001 0.728125
1 0.2015625000000001 0.690625 0.1859375000000001 0.690625 0.1859375000000001 0.73125 0.2015625000000001 0.73125
1 0.1859375000000001 0.7984375 0.1765625000000001 0.7984375 0.1765625000000001 0.8296875 0.1859375000000001 0.8296875
1 0.20312500000000008 0.79375 0.1859375000000001 0.79375 0.1859375000000001 0.8296875 0.20312500000000008 0.8296875
1 0.1875000000000001 0.8921875 0.17187500000000008 0.8921875 0.1718750000000001 0.9328125 0.18750000000000014 0.9328125
1 0.20312500000000008 0.896875 0.18750000000000008 0.896875 0.1875000000000001 0.9296875 0.20312500000000008 0.9296875
1 0.3062500000000001 0.471875 0.2828125000000001 0.471875 0.2828125000000001 0.515625 0.3062500000000001 0.515625
1 0.29375000000000007 0.5984375 0.27812500000000007 0.5984375 0.27812500000000007 0.6328125 0.29375000000000007 0.6328125
1 0.31718750000000007 0.5953125 0.3000000000000001 0.5953125 0.3000000000000001 0.634375 0.31718750000000007 0.634375
1 0.3031250000000001 0.6953125 0.2890625000000001 0.6953125 0.2890625000000001 0.7328125 0.3031250000000001 0.7328125
1 0.3046875000000001 0.7953125 0.2875000000000001 0.7953125 0.2875000000000001 0.828125 0.3046875000000001 0.828125
1 0.2953125000000001 0.89375 0.2843750000000001 0.89375 0.2843750000000001 0.9296875 0.2953125000000001 0.9296875
1 0.3140625000000001 0.8953125 0.2984375000000001 0.8953125 0.2984375000000001 0.9296875 0.3140625000000001 0.9296875
1 0.3906250000000001 0.475 0.3812500000000001 0.475 0.3812500000000001 0.5140625 0.3906250000000001 0.5140625
1 0.4140625 0.471875 0.3937500000000001 0.471875 0.3937500000000001 0.5125 0.4140625 0.5125
1 0.4390625 0.4734375 0.4171875 0.4734375 0.4171875 0.5140625 0.4390625 0.5140625
1 0.4953125 0.46875 0.475 0.46875 0.475 0.5109375 0.4953125 0.5109375
1 0.5390625 0.4703125 0.5234375 0.4703125 0.5234375 0.509375 0.5390625 0.509375
1 0.5546875 0.46875 0.5375 0.46875 0.5375 0.509375 0.5546875 0.509375
1 0.3937500000000001 0.6 0.3828125000000001 0.6 0.3828125000000001 0.634375 0.3937500000000001 0.634375
1 0.409375 0.6015625 0.39531250000000007 0.6015625 0.39531250000000007 0.6328125 0.409375 0.6328125
1 0.4328125 0.5953125 0.4171875 0.5953125 0.4171875 0.634375 0.4328125 0.634375
1 0.4875 0.5953125 0.471875 0.5953125 0.471875 0.63125 0.4875 0.63125
1 0.5421875 0.5953125 0.5265625 0.5953125 0.5265625 0.634375 0.5421875 0.634375
1 0.559375 0.5953125 0.540625 0.5953125 0.540625 0.6328125 0.559375 0.6328125
1 0.3937500000000001 0.69375 0.3812500000000001 0.69375 0.3812500000000001 0.734375 0.3937500000000001 0.734375
1 0.4093750000000001 0.6984375 0.39531250000000007 0.6984375 0.39531250000000007 0.73125 0.40937500000000016 0.73125
1 0.4312500000000001 0.69375 0.4171875 0.69375 0.4171875000000001 0.73125 0.4312500000000002 0.73125
1 0.39531250000000007 0.7921875 0.37968750000000007 0.7921875 0.37968750000000007 0.8296875 0.39531250000000007 0.8296875
1 0.4125000000000002 0.7921875 0.3937500000000001 0.7921875 0.3937500000000001 0.83125 0.4125000000000002 0.83125
1 0.43281250000000016 0.7953125 0.41406250000000017 0.7953125 0.41406250000000017 0.828125 0.43281250000000016 0.828125
1 0.3984375000000001 0.89375 0.37968750000000007 0.89375 0.37968750000000007 0.93125 0.3984375000000001 0.93125
1 0.4109375000000002 0.89375 0.3937500000000001 0.89375 0.3937500000000001 0.928125 0.4109375000000002 0.928125
1 0.4312500000000002 0.8921875 0.41718750000000016 0.8921875 0.41718750000000016 0.9296875 0.4312500000000002 0.9296875
1 0.5 0.65625 0.4875 0.65625 0.4875 0.6875 0.5 0.6875
1 0.5171875 0.65625 0.5 0.65625 0.5 0.690625 0.5171875 0.690625
1 0.5171875000000001 0.696875 0.503125 0.696875 0.503125 0.7328125 0.5171875000000001 0.7328125
1 0.5328125000000001 0.6953125 0.515625 0.6953125 0.5156250000000001 0.7296875 0.5328125000000001 0.7296875
1 0.5000000000000002 0.753125 0.48750000000000016 0.753125 0.48750000000000016 0.7875 0.5000000000000002 0.7875
1 0.5156250000000002 0.7546875 0.4984375000000002 0.7546875 0.4984375000000002 0.7859375 0.5156250000000002 0.7859375
1 0.5109375000000002 0.7984375 0.49531250000000016 0.7984375 0.49531250000000016 0.828125 0.5109375000000002 0.828125
1 0.5234375000000002 0.7921875 0.5093750000000001 0.7921875 0.5093750000000001 0.828125 0.5234375000000002 0.828125
1 0.5406250000000001 0.7953125 0.5234375000000002 0.7953125 0.5234375000000002 0.828125 0.5406250000000001 0.828125
1 0.5000000000000002 0.8515625 0.4828125000000002 0.8515625 0.4828125000000002 0.884375 0.5000000000000002 0.884375
1 0.5156250000000002 0.8515625 0.5015625000000001 0.8515625 0.5015625000000001 0.8828125 0.5156250000000002 0.8828125
1 0.5078125000000002 0.89375 0.4968750000000002 0.89375 0.4968750000000002 0.9296875 0.5078125000000002 0.9296875
1 0.5218750000000002 0.8953125 0.5093750000000001 0.8953125 0.5093750000000001 0.9296875 0.5218750000000002 0.9296875
1 0.5390625000000002 0.896875 0.5234375000000002 0.896875 0.5234375000000002 0.928125 0.5390625000000002 0.928125
1 0.5000000000000002 0.9515625 0.4859375000000002 0.9515625 0.4859375000000002 0.984375 0.5000000000000002 0.984375
1 0.5140625000000002 0.9515625 0.5015625000000001 0.9515625 0.5015625000000001 0.9859375 0.5140625000000002 0.9859375
1 0.784375 0.5000000000000002 0.775 0.5000000000000002 0.775 0.5375000000000002 0.784375 0.5375000000000002
1 0.8 0.5000000000000002 0.784375 0.5000000000000002 0.784375 0.5328125000000001 0.8 0.5328125000000001
1 0.9125 0.5062500000000002 0.9 0.5062500000000002 0.9 0.5406250000000001 0.9125 0.5406250000000001
1 0.9265625 0.5031250000000002 0.9125 0.5031250000000002 0.9125 0.5390625000000002 0.9265625 0.5390625000000002
1 0.9109375 0.46093750000000017 0.8984375 0.46093750000000017 0.8984375 0.4937500000000002 0.9109375 0.4937500000000002
1 0.925 0.4625000000000002 0.9109375 0.4625000000000002 0.9109375 0.4937500000000002 0.925 0.4937500000000002
1 0.8828125 0.5562500000000001 0.8703125 0.5562500000000001 0.8703125 0.5890625000000002 0.8828125 0.5890625000000002
1 0.8671875 0.5578125000000002 0.853125 0.5578125000000002 0.853125 0.5890625000000002 0.8671875 0.5890625000000002
1 0.78125 0.5562500000000001 0.7703125 0.5562500000000001 0.7703125 0.5875000000000001 0.78125 0.5875000000000001
1 0.778125 0.6031250000000001 0.7640625 0.6031250000000001 0.7640625 0.6343750000000001 0.778125 0.6343750000000001
1 0.79375 0.6015625000000002 0.778125 0.6015625000000002 0.778125 0.6359375000000002 0.79375 0.6359375000000002
1 0.884375 0.6046875000000002 0.8703125 0.6046875000000002 0.8703125 0.6359375000000002 0.884375 0.6359375000000002
1 0.9 0.6046875000000002 0.884375 0.6046875000000002 0.884375 0.6359375000000002 0.9 0.6359375000000002
1 0.884375 0.6562500000000002 0.86875 0.6562500000000002 0.86875 0.6890625000000001 0.884375 0.6890625000000001
1 0.86875 0.6546875000000002 0.8546875 0.6546875000000002 0.8546875 0.6875000000000002 0.86875 0.6875000000000002
1 0.7796875 0.6578125000000001 0.7703125 0.6578125000000001 0.7703125 0.6859375000000002 0.7796875 0.6859375000000002
1 0.7781250000000001 0.7000000000000002 0.7640625 0.7000000000000002 0.7640625000000001 0.7328125000000002 0.7781250000000002 0.7328125000000002
1 0.7953125000000001 0.7031250000000002 0.7796875 0.7031250000000002 0.7796875000000001 0.7343750000000002 0.7953125000000002 0.7343750000000002
1 0.8828125 0.7062500000000002 0.871875 0.7062500000000002 0.871875 0.7343750000000002 0.8828125 0.7343750000000002
1 0.896875 0.7031250000000002 0.884375 0.7031250000000002 0.884375 0.7343750000000002 0.896875 0.7343750000000002
1 0.8859375 0.7546875000000002 0.86875 0.7546875000000002 0.86875 0.7843750000000002 0.8859375 0.7843750000000002
1 0.8671875 0.7531250000000002 0.8546875 0.7531250000000002 0.8546875 0.7859375000000002 0.8671875 0.7859375000000002
1 0.7812500000000002 0.7562500000000002 0.7687500000000002 0.7562500000000002 0.7687500000000002 0.7843750000000002 0.7812500000000002 0.7843750000000002
1 0.7781250000000002 0.7968750000000002 0.7656250000000002 0.7968750000000002 0.7656250000000002 0.8328125 0.7781250000000002 0.8328125
1 0.7937500000000002 0.7984375000000001 0.7781250000000002 0.7984375000000001 0.7781250000000002 0.8359375 0.7937500000000002 0.8359375
1 0.8828125 0.8 0.8703125 0.8 0.8703125 0.8328125 0.8828125 0.8328125
1 0.8984375 0.7984375000000001 0.8859375 0.7984375000000001 0.8859375 0.834375 0.8984375 0.834375
1 0.884375 0.8515625 0.8703125 0.8515625 0.8703125 0.8859375 0.884375 0.8859375
1 0.8671875 0.8546875 0.8546875 0.8546875 0.8546875 0.8859375 0.8671875 0.8859375
1 0.7796875000000002 0.8546875 0.7718750000000002 0.8546875 0.7718750000000002 0.8859375 0.7796875000000002 0.8859375
1 0.7796875000000002 0.9015625 0.7656250000000002 0.9015625 0.7656250000000002 0.93125 0.7796875000000002 0.93125
1 0.7937500000000002 0.896875 0.7781250000000002 0.896875 0.7781250000000002 0.9296875 0.7937500000000002 0.9296875
1 0.8828125 0.9 0.8703125 0.9 0.8703125 0.928125 0.8828125 0.928125
1 0.896875 0.896875 0.884375 0.896875 0.884375 0.9328125 0.896875 0.9328125
1 0.7828125000000001 0.9515625 0.7718750000000002 0.9515625 0.7718750000000002 0.9828125 0.7828125000000001 0.9828125
1 0.8671875 0.9515625 0.85625 0.9515625 0.85625 0.9859375 0.8671875 0.9859375
1 0.8859375 0.95 0.86875 0.95 0.86875 0.9859375 0.8859375 0.9859375