1 0.45625 0.26250000000000007 0.4390625 0.26250000000000007 0.4390625 0.3046875000000001 0.45625 0.3046875000000001
1 0.4890625 0.2593750000000001 0.4671875 0.2593750000000001 0.4671875 0.3046875000000001 0.4890625 0.3046875000000001
2 0.5640625 0.3000000000000001 0.375 0.3000000000000001 0.37500000000000006 0.3906250000000001 0.5640625 0.3906250000000001
1 0.50625 0.2687500000000001 0.4828125 0.2687500000000001 0.4828125 0.3062500000000001 0.50625 0.3062500000000001
1 0.590625 0.30156250000000007 0.5734375 0.30156250000000007 0.5734375 0.3437500000000001 0.590625 0.3437500000000001
2 0.63125 0.32500000000000007 0.58125 0.32500000000000007 0.58125 0.3937500000000001 0.63125 0.3937500000000001
1 0.6203125 0.3078125000000001 0.596875 0.3078125000000001 0.596875 0.3437500000000001 0.6203125 0.3437500000000001
1 0.746875 0.21093750000000008 0.7203125 0.21093750000000008 0.7203125 0.2468750000000001 0.746875 0.2468750000000001
1 0.76875 0.2093750000000001 0.753125 0.2093750000000001 0.753125 0.25468750000000007 0.76875 0.25468750000000007
1 0.815625 0.2140625000000001 0.7890625 0.2140625000000001 0.7890625 0.2531250000000001 0.815625 0.2531250000000001
1 0.834375 0.2093750000000001 0.8109375 0.2093750000000001 0.8109375 0.2500000000000001 0.834375 0.2500000000000001
0 0.38125000000000003 0.16562500000000005 0.1953125 0.16562500000000005 0.19531250000000003 0.384375 0.3812500000000001 0.3843750000000001
0 0.29531250000000003 0.16250000000000003 0.203125 0.16250000000000003 0.20312500000000006 0.378125 0.2953125000000001 0.378125
2 0.3078125 0.2140625 0.2484375 0.2140625 0.2484375 0.315625 0.3078125 0.315625
1 0.2765625 0.2703125 0.2484375 0.2703125 0.2484375 0.296875 0.2765625 0.296875
1 0.2765625 0.2390625 0.25 0.2390625 0.25 0.271875 0.2765625 0.271875
0 0.2828125000000001 0.375 0.07968750000000005 0.375 0.07968750000000006 0.696875 0.2828125000000001 0.696875
0 0.2843750000000001 0.375 0.08593750000000004 0.375 0.08593750000000006 0.6109375 0.2843750000000001 0.6109375
1 0.2671875000000001 0.425 0.2484375000000001 0.425 0.2484375000000001 0.465625 0.2671875000000001 0.465625
1 0.2843750000000001 0.4296875 0.2640625000000001 0.4296875 0.2640625000000001 0.46875 0.2843750000000001 0.46875
0 0.2828125000000001 0.615625 0.11093750000000009 0.615625 0.11093750000000009 0.7015625 0.2828125000000001 0.7015625
1 0.24375000000000008 0.640625 0.2218750000000001 0.640625 0.2218750000000001 0.68125 0.24375000000000008 0.68125
1 0.17968750000000008 0.6421875 0.15781250000000008 0.6421875 0.15781250000000008 0.6828125 0.17968750000000008 0.6828125
1 0.1937500000000001 0.6375 0.1750000000000001 0.6375 0.1750000000000001 0.678125 0.1937500000000001 0.678125
0 0.871875 0.6015625000000001 0.6625 0.6015625 0.6625000000000001 0.8625 0.871875 0.8625
1 0.7968750000000002 0.7984375000000001 0.7796875000000002 0.7984375000000001 0.7796875000000002 0.8203125 0.7968750000000002 0.8203125
1 0.2609375000000001 0.51875 0.24218750000000008 0.51875 0.24218750000000008 0.5625 0.2609375000000001 0.5625
0 0.2406250000000001 0.3921875 0.15312500000000004 0.3921875 0.15312500000000007 0.5796875 0.2406250000000001 0.5796875
1 0.24375000000000008 0.521875 0.22656250000000008 0.521875 0.22656250000000008 0.5609375 0.24375000000000008 0.5609375
1 0.16406250000000006 0.4015625 0.13437500000000005 0.4015625 0.13437500000000005 0.4375 0.16406250000000006 0.4375
1 0.2468750000000001 0.44375 0.2375000000000001 0.44375 0.2375000000000001 0.471875 0.2468750000000001 0.471875
1 0.10312500000000005 0.4546875 0.08593750000000007 0.4546875 0.08593750000000007 0.471875 0.10312500000000005 0.471875
0 0.384375 0.16250000000000003 0.3015625 0.16250000000000003 0.30156250000000007 0.384375 0.3843750000000001 0.3843750000000001
1 0.375 0.14062500000000006 0.3484375 0.14062500000000006 0.3484375 0.18281250000000004 0.375 0.18281250000000004
0 0.675 0.6125 0.2796875000000001 0.6125 0.2796875000000001 0.8625 0.6750000000000002 0.8625
0 0.3890625000000001 0.609375 0.3234375000000001 0.609375 0.3234375000000001 0.7046875 0.3890625000000001 0.7046875
0 0.6718750000000001 0.609375 0.3468750000000001 0.609375 0.3468750000000001 0.7703125 0.6718750000000002 0.7703125
0 1 0.38750000000000007 0.865625 0.38750000000000007 0.865625 0.6000000000000002 1 0.6000000000000002
0 0.9625 0.42187500000000017 0.86875 0.42187500000000017 0.86875 0.5718750000000001 0.9625 0.5718750000000001
0 0.928125 0.5937500000000002 0.8390625 0.5937500000000002 0.8390625 0.6828125000000002 0.928125 0.6828125000000002
0 0.81875 0.5968750000000002 0.734375 0.5968750000000002 0.734375 0.6765625000000002 0.81875 0.6765625000000002
0 0.840625 0.2453125000000001 0.6796875 0.2453125000000001 0.6796875 0.3921875000000001 0.840625 0.3921875000000001
0 0.828125 0.3265625000000001 0.7609375 0.3265625000000001 0.7609375 0.4000000000000002 0.828125 0.4000000000000002
0 0.9765625 0.3265625000000001 0.8515625 0.3265625000000001 0.8515625 0.3984375000000001 0.9765625 0.3984375000000001
0 0.671875 0.24375000000000008 0.6296875 0.24375000000000008 0.6296875 0.3937500000000001 0.671875 0.3937500000000001
2 0.83125 0.6734375000000001 0.78125 0.6734375000000001 0.7812500000000001 0.7578125000000002 0.83125 0.7578125000000002
2 0.2640625000000001 0.628125 0.2484375000000001 0.628125 0.2484375000000001 0.6515625 0.2640625000000001 0.6515625
2 0.21250000000000008 0.6265625 0.1921875000000001 0.6265625 0.1921875000000001 0.6546875 0.21250000000000008 0.6546875
2 0.07031250000000006 0.43125 0.051562500000000046 0.43125 0.05156250000000005 0.4578125 0.07031250000000007 0.4578125
2 0.4625 0.27031250000000007 0.453125 0.27031250000000007 0.453125 0.2968750000000001 0.4625 0.2968750000000001
2 0.9578125 0.30937500000000007 0.940625 0.30937500000000007 0.940625 0.3312500000000001 0.9578125 0.3312500000000001