0 0.8265625 0.47343750000000007 0.11718750000000004 0.4734375 0.11718750000000004 0.48906250000000007 0.8265625 0.4890625000000002
1 0.4796875 0.4390625 0.4234375 0.4390625 0.4234375 0.4765625 0.4796875 0.4765625
1 0.11718750000000004 0.3796875 0.05468750000000004 0.3796875 0.05468750000000004 0.4203125 0.11718750000000004 0.4203125
0 0.3218750000000001 0.3859375 0.11718750000000004 0.3859375 0.11718750000000004 0.40625 0.3218750000000001 0.40625
1 0.24218750000000006 0.35625 0.2015625 0.35625 0.20156250000000003 0.3921875 0.24218750000000008 0.3921875
0 0.184375 0.17343750000000002 0.09062500000000002 0.1734375 0.09062500000000002 0.19687500000000002 0.18437500000000004 0.19687500000000005
1 0.1875 0.1375 0.15 0.1375 0.15 0.17187500000000003 0.1875 0.17187500000000006
1 0.05937500000000003 0.253125 0.03750000000000003 0.253125 0.03750000000000003 0.290625 0.059375000000000046 0.290625
0 0.07343750000000003 0.228125 0.059375000000000025 0.228125 0.05937500000000003 0.340625 0.07343750000000004 0.340625
1 0.09218750000000003 0.26875 0.06718750000000002 0.26875 0.06718750000000004 0.3 0.09218750000000005 0.3
0 0.10625000000000004 0.2375 0.08750000000000002 0.2375 0.08750000000000004 0.3296875 0.10625000000000004 0.3296875
2 0.08906250000000004 0.3375 0.051562500000000046 0.3375 0.051562500000000046 0.384375 0.08906250000000004 0.384375
2 0.5234375 0.2921875000000001 0.496875 0.2921875000000001 0.496875 0.3296875000000001 0.5234375 0.3296875000000001
1 0.4046875000000001 0.678125 0.37968750000000007 0.678125 0.37968750000000007 0.7328125 0.4046875000000002 0.7328125
1 0.4703125000000002 0.78125 0.44843750000000016 0.78125 0.44843750000000016 0.86875 0.4703125000000002 0.86875
1 0.5421875000000002 0.7859375 0.4937500000000002 0.7859375 0.4937500000000002 0.8171875 0.5421875000000002 0.8171875
0 0.5578125 0.609375 0.465625 0.609375 0.465625 0.6328125 0.5578125 0.6328125
2 0.4921875 0.575 0.4640625 0.575 0.4640625 0.60625 0.4921875 0.60625
1 0.51875 0.578125 0.490625 0.578125 0.490625 0.60625 0.51875 0.60625
1 0.628125 0.6875 0.6046875 0.6875 0.6046875 0.728125 0.6281250000000002 0.728125
0 0.7843750000000002 0.846875 0.6671875000000002 0.846875 0.6671875000000002 0.8609375 0.7843750000000002 0.8609375
1 0.7515625000000001 0.809375 0.7078125000000002 0.809375 0.7078125000000002 0.84375 0.7515625000000001 0.84375
1 0.6484375 0.2718750000000001 0.6265625 0.2718750000000001 0.6265625 0.3156250000000001 0.6484375 0.3156250000000001
1 0.521875 0.25468750000000007 0.496875 0.25468750000000007 0.496875 0.29375000000000007 0.521875 0.29375000000000007
1 0.7640625 0.4234375000000002 0.7484375 0.4234375000000002 0.7484375 0.4515625000000002 0.7640625 0.4515625000000002
1 0.8140625 0.4312500000000002 0.7859375 0.4312500000000002 0.7859375 0.4578125000000002 0.8140625 0.4578125000000002
0 1 0.4734375000000002 0.91875 0.4734375000000002 0.91875 0.49531250000000016 1 0.49531250000000016
1 0.9859375 0.4390625000000002 0.95 0.4390625000000002 0.95 0.4781250000000002 0.9859375 0.4781250000000002
1 0.8734375 0.13437500000000008 0.853125 0.13437500000000008 0.853125 0.1687500000000001 0.8734375 0.1687500000000001
2 0.47968750000000016 0.8484375 0.4359375000000002 0.8484375 0.4359375000000002 0.9078125 0.47968750000000016 0.9078125
0 0.6375000000000001 0.64375 0.628125 0.64375 0.628125 0.78125 0.6375000000000002 0.78125
1 0.7703125 0.09218750000000009 0.6828125 0.09218750000000009 0.6828125 0.12031250000000009 0.7703125 0.12031250000000009
1 0.7625 0.13281250000000008 0.7015625 0.13281250000000008 0.7015625 0.1687500000000001 0.7625 0.1687500000000001
1 0.9140625 0.08593750000000011 0.8375 0.08593750000000011 0.8375 0.11718750000000011 0.9140625 0.11718750000000014
1 1 0.07656250000000012 0.921875 0.07656250000000012 0.921875 0.10781250000000013 1 0.10781250000000013
0 0.4250000000000001 0.6578125 0.4109375 0.6578125 0.41093750000000007 0.7671875 0.42500000000000016 0.7671875