0 0.66875 0.69375 0.2687500000000001 0.69375 0.2687500000000001 0.7046875 0.66875 0.7046875
0 0.2656250000000001 0.6953125 0.2140625000000001 0.6953125 0.2140625000000001 0.7078125 0.2656250000000001 0.7078125
0 0.2640625000000001 0.6203125 0.23437500000000008 0.6203125 0.23437500000000008 0.634375 0.2640625000000001 0.634375
0 0.4671875 0.653125 0.2687500000000001 0.653125 0.2687500000000001 0.665625 0.4671875 0.665625
0 0.4484375 0.625 0.27031250000000007 0.625 0.27031250000000007 0.634375 0.4484375 0.634375
0 0.66875 0.6578125 0.4703125 0.6578125 0.4703125 0.665625 0.66875 0.665625
0 0.3625000000000001 0.4078125 0.3531250000000001 0.4078125 0.3531250000000001 0.571875 0.3625000000000001 0.571875
0 0.4140625 0.4375 0.4046875 0.4375 0.4046875 0.5390625 0.4140625 0.5390625
0 0.7015625 0.434375 0.6953125 0.434375 0.6953125 0.54375 0.7015625 0.54375
2 0.26406250000000003 0.303125 0.2140625 0.303125 0.21406250000000004 0.384375 0.2640625000000001 0.384375
2 0.3218750000000001 0.3640625 0.2718750000000001 0.3640625 0.2718750000000001 0.428125 0.3218750000000001 0.428125
0 0.88125 0.38750000000000007 0.8734375 0.38750000000000007 0.8734375 0.5906250000000002 0.88125 0.5906250000000002
0 0.8390625 0.6234375000000001 0.7171875 0.6234375 0.7171875 0.6328125000000001 0.8390625 0.6328125000000002
0 0.66875 0.625 0.6390625 0.625 0.6390625 0.6328125 0.66875 0.6328125
0 0.6953125 0.625 0.6765625 0.625 0.6765625 0.6328125 0.6953125 0.6328125
1 0.2546875 0.28125 0.2234375 0.28125 0.2234375 0.3109375 0.2546875 0.3109375
1 0.2890625 0.2875 0.2609375 0.2875 0.2609375 0.3078125 0.2890625 0.3078125
2 0.36875 0.34218750000000003 0.353125 0.3421875 0.353125 0.36406250000000007 0.3687500000000001 0.36406250000000007
1 0.390625 0.3390625000000001 0.365625 0.3390625000000001 0.365625 0.3625000000000001 0.390625 0.3625000000000001
2 0.4234375 0.3390625000000001 0.4078125 0.3390625000000001 0.4078125 0.3609375000000001 0.4234375 0.3609375000000001
1 0.4453125 0.3375000000000001 0.4234375 0.3375000000000001 0.4234375 0.36406250000000007 0.4453125 0.36406250000000007
2 0.609375 0.3593750000000001 0.5140625 0.3593750000000001 0.5140625 0.43125 0.609375 0.43125
2 0.6953125 0.4890625 0.6828125 0.4890625 0.6828125 0.509375 0.6953125 0.509375