0 0.5984375 0.3671875000000001 0.5375 0.3671875000000001 0.5375 0.478125 0.5984375 0.478125
0 0.540625 0.48125 0.3984375000000001 0.48125 0.3984375000000001 0.5421875 0.540625 0.5421875
0 0.559375 0.2921875000000001 0.484375 0.2921875000000001 0.484375 0.3625000000000001 0.559375 0.3625000000000001
0 0.26562500000000006 0.33125 0.18750000000000006 0.33125 0.18750000000000006 0.515625 0.2656250000000001 0.515625
0 0.540625 0.5328125 0.2656250000000001 0.5328125 0.2656250000000001 0.6265625 0.540625 0.6265625
0 0.3343750000000001 0.534375 0.2593750000000001 0.534375 0.2593750000000001 0.628125 0.3343750000000001 0.628125
0 0.5375 0.534375 0.3281250000000001 0.534375 0.3281250000000001 0.6265625 0.5375 0.6265625
0 0.3625 0.20625 0.24375 0.20625 0.24375 0.3109375 0.3625 0.3109375
0 0.3625 0.2671875 0.3140625 0.2671875 0.3140625 0.309375 0.3625 0.309375
1 0.3578125000000001 0.3890625 0.3421875000000001 0.3890625 0.3421875000000001 0.4125 0.3578125000000001 0.4125
1 0.35625 0.24375 0.3484375 0.24375 0.3484375 0.2625 0.35625 0.2625
1 0.2921875 0.203125 0.28125 0.203125 0.28125 0.225 0.2921875 0.225
1 0.28125 0.203125 0.271875 0.203125 0.271875 0.2234375 0.28125 0.2234375
1 0.503125 0.2734375000000001 0.49375 0.2734375000000001 0.49375 0.2984375000000001 0.503125 0.2984375000000001
1 0.515625 0.2750000000000001 0.5046875 0.2750000000000001 0.5046875 0.2984375000000001 0.515625 0.2984375000000001
2 0.521875 0.2734375000000001 0.5140625 0.2734375000000001 0.5140625 0.28593750000000007 0.521875 0.28593750000000007
2 0.490625 0.2843750000000001 0.48125 0.2843750000000001 0.48125 0.2968750000000001 0.490625 0.2968750000000001
2 0.3 0.2078125 0.29375 0.2078125 0.29375 0.21875 0.3 0.21875
1 0.5875 0.12656250000000008 0.5609375 0.12656250000000008 0.5609375 0.1750000000000001 0.5875 0.1750000000000001
1 0.6125 0.12500000000000008 0.5875 0.12500000000000008 0.5875 0.1781250000000001 0.6125 0.1781250000000001
1 0.640625 0.12343750000000009 0.6140625 0.12343750000000009 0.6140625 0.1765625000000001 0.640625 0.1765625000000001
1 0.665625 0.12343750000000009 0.64375 0.12343750000000009 0.64375 0.1750000000000001 0.665625 0.1750000000000001
1 0.7078125 0.12343750000000009 0.68125 0.12343750000000009 0.68125 0.1750000000000001 0.7078125 0.1750000000000001
1 0.734375 0.12500000000000008 0.7109375 0.12500000000000008 0.7109375 0.1781250000000001 0.734375 0.1781250000000001
0 0.85625 0.3109375000000001 0.7828125 0.3109375000000001 0.7828125 0.5312500000000002 0.85625 0.5312500000000002
0 0.85625 0.3125000000000001 0.75 0.3125000000000001 0.75 0.3359375000000001 0.85625 0.3359375000000001
0 0.8609375 0.4265625000000002 0.784375 0.4265625000000002 0.784375 0.5328125000000001 0.8609375 0.5328125000000001
0 0.8625 0.4828125000000002 0.7703125 0.4828125000000002 0.7703125 0.5312500000000002 0.8625 0.5312500000000002
0 0.7734375 0.5312500000000001 0.6265625 0.53125 0.6265625 0.6109375000000001 0.7734375 0.6109375000000001
0 0.6390625 0.4953125 0.628125 0.4953125 0.628125 0.6171875 0.6390625 0.6171875
0 0.771875 0.4937500000000002 0.7609375 0.4937500000000002 0.7609375 0.6140625000000002 0.771875 0.6140625000000002
0 0.7 0.425 0.6671875 0.425 0.6671875 0.4921875 0.7 0.4921875
0 0.7390625 0.35625000000000007 0.70625 0.35625000000000007 0.70625 0.4203125000000001 0.7390625 0.4203125000000002
0 0.30625 0.3203125 0.2828125 0.3203125 0.2828125 0.3609375 0.30625 0.3609375
1 0.403125 0.703125 0.39531250000000007 0.703125 0.39531250000000007 0.7203125 0.403125 0.7203125
1 0.47187500000000016 0.7546875 0.46406250000000016 0.7546875 0.46406250000000016 0.771875 0.47187500000000016 0.771875
1 0.48437500000000017 0.753125 0.4750000000000002 0.753125 0.4750000000000002 0.7734375 0.48437500000000017 0.7734375
1 0.49218750000000017 0.7546875 0.48437500000000017 0.7546875 0.48437500000000017 0.771875 0.49218750000000017 0.771875
1 0.34062500000000007 0.7796875 0.33281250000000007 0.7796875 0.33281250000000007 0.7984375 0.34062500000000007 0.7984375
1 0.34843750000000007 0.78125 0.34062500000000007 0.78125 0.34062500000000007 0.7953125 0.34843750000000007 0.7953125
1 0.3687500000000001 0.7796875 0.3593750000000001 0.7796875 0.3593750000000001 0.7984375 0.3687500000000001 0.7984375
1 0.40156250000000016 0.80625 0.3937500000000001 0.80625 0.3937500000000001 0.8234375 0.40156250000000016 0.8234375
1 0.4156250000000002 0.803125 0.40625000000000017 0.803125 0.40625000000000017 0.825 0.4156250000000002 0.825
1 0.2218750000000001 0.83125 0.2156250000000001 0.83125 0.2156250000000001 0.85 0.2218750000000001 0.85
1 0.23593750000000008 0.83125 0.22812500000000008 0.83125 0.22812500000000008 0.85 0.23593750000000008 0.85