0 0.603125 0.3593750000000001 0.5296875 0.3593750000000001 0.5296875 0.4203125 0.603125 0.4203125
2 0.4546875 0.35468750000000004 0.325 0.3546875 0.32500000000000007 0.4171875 0.4546875 0.4171875
0 0.3046875000000001 0.4234375 0.2890625000000001 0.4234375 0.2890625000000001 0.521875 0.3046875000000001 0.521875
0 0.5718750000000001 0.5546875 0.1765625000000001 0.5546875 0.1765625000000001 0.784375 0.5718750000000001 0.784375
0 0.521875 0.5546875 0.2562500000000001 0.5546875 0.2562500000000001 0.7140625 0.521875 0.7140625
0 0.4296875 0.5546875 0.2562500000000001 0.5546875 0.2562500000000001 0.64375 0.4296875 0.64375
0 0.665625 0.41875 0.5734375 0.41875 0.5734375 0.5265625 0.665625 0.5265625
0 0.5328125 0.4234375 0.5171875 0.4234375 0.5171875 0.45625 0.5328125 0.45625
0 0.515625 0.4859375 0.5015625 0.4859375 0.5015625 0.5203125 0.515625 0.5203125
0 0.8265625 0.5531250000000001 0.709375 0.553125 0.709375 0.6609375000000001 0.8265625 0.6609375000000002
0 0.909375 0.38750000000000007 0.828125 0.38750000000000007 0.828125 0.5546875000000002 0.909375 0.5546875000000002
1 0.7765625 0.6062500000000002 0.75625 0.6062500000000002 0.75625 0.6312500000000002 0.7765625 0.6312500000000002
1 0.8875 0.4593750000000002 0.865625 0.4593750000000002 0.865625 0.48750000000000016 0.8875 0.48750000000000016
1 0.6421875 0.45625 0.6109375 0.45625 0.6109375 0.4859375 0.6421875 0.4859375
1 0.5765625 0.3125000000000001 0.5578125 0.3125000000000001 0.5578125 0.3515625000000001 0.5765625 0.3515625000000001
1 0.584375 0.3234375000000001 0.571875 0.3234375000000001 0.571875 0.3515625000000001 0.584375 0.3515625000000001
1 0.409375 0.37968750000000007 0.3968750000000001 0.37968750000000007 0.3968750000000001 0.409375 0.409375 0.409375
1 0.425 0.37968750000000007 0.4140625 0.37968750000000007 0.4140625 0.409375 0.425 0.409375
1 0.440625 0.37968750000000007 0.4265625 0.37968750000000007 0.4265625 0.4078125 0.440625 0.4078125
1 0.2828125 0.35625 0.2578125 0.35625 0.25781250000000006 0.3828125 0.2828125000000001 0.3828125
1 0.284375 0.35 0.265625 0.35 0.265625 0.3625 0.284375 0.3625
1 0.3390625000000001 0.5703125 0.3265625000000001 0.5703125 0.3265625000000001 0.6140625 0.3390625000000001 0.6140625
1 0.3546875000000001 0.5859375 0.34062500000000007 0.5859375 0.34062500000000007 0.6109375 0.3546875000000001 0.6109375
1 0.3859375000000001 0.6453125 0.3734375000000001 0.6453125 0.3734375000000001 0.684375 0.3859375000000001 0.684375
1 0.3984375000000001 0.6546875 0.3906250000000001 0.6546875 0.3906250000000001 0.6828125 0.3984375000000001 0.6828125
1 0.41875000000000007 0.71875 0.403125 0.71875 0.40312500000000007 0.75625 0.4187500000000002 0.75625
1 0.2390625000000001 0.7171875 0.2218750000000001 0.7171875 0.2218750000000001 0.75625 0.2390625000000001 0.75625