2 0.14687500000000003 0.203125 0.13437500000000005 0.203125 0.13437500000000005 0.221875 0.14687500000000003 0.221875
2 0.278125 0.215625 0.2609375 0.215625 0.2609375 0.2328125 0.278125 0.2328125
2 0.2078125000000001 0.46875 0.19687500000000005 0.46875 0.19687500000000005 0.4890625 0.2078125000000001 0.4890625
2 0.04843750000000008 0.6453125 0.037500000000000075 0.6453125 0.037500000000000075 0.6625 0.04843750000000008 0.6625
1 0.025000000000000012 0.11875 0.006250000000000014 0.11875 0.006250000000000015 0.1359375 0.025000000000000012 0.1359375
1 0.09062500000000002 0.13125 0.06875000000000002 0.13125 0.06875000000000002 0.14375 0.09062500000000002 0.14375
0 0.14843750000000006 0.184375 0.14375000000000004 0.184375 0.14375000000000004 0.225 0.14843750000000006 0.225
1 0.16562500000000005 0.184375 0.15000000000000005 0.184375 0.15000000000000005 0.221875 0.16562500000000005 0.221875
1 0.08750000000000002 0.2484375 0.07031250000000003 0.2484375 0.07031250000000003 0.265625 0.08750000000000002 0.265625
1 0.06093750000000005 0.284375 0.04531250000000003 0.284375 0.04531250000000003 0.3 0.06093750000000005 0.3
1 0.23125 0.265625 0.2140625 0.265625 0.2140625 0.2859375 0.23125 0.2859375
1 0.2765625 0.17656250000000004 0.2609375 0.17656250000000004 0.2609375 0.215625 0.2765625 0.215625
1 0.07656250000000006 0.4484375 0.06406250000000005 0.4484375 0.06406250000000005 0.4765625 0.07656250000000006 0.4765625
1 0.21093750000000008 0.4359375 0.19531250000000006 0.4359375 0.19531250000000006 0.4734375 0.21093750000000008 0.4734375
0 0.19531250000000006 0.5375 0.12812500000000004 0.5375 0.12812500000000007 0.546875 0.19531250000000008 0.546875
1 0.17187500000000006 0.5265625 0.15312500000000004 0.5265625 0.15312500000000004 0.5390625 0.17187500000000006 0.5390625
0 0.03906250000000007 0.540625 0.010937500000000067 0.540625 0.010937500000000067 0.5484375 0.03906250000000007 0.5484375
1 0.03125000000000007 0.5234375 0.017187500000000067 0.5234375 0.017187500000000067 0.5390625 0.03125000000000007 0.5390625
1 0.04843750000000008 0.6234375 0.03281250000000008 0.6234375 0.03281250000000008 0.6453125 0.04843750000000008 0.6453125
2 0.1171875 0.146875 0.08906250000000002 0.146875 0.08906250000000002 0.178125 0.1171875 0.178125
0 0.17031250000000003 0.178125 0.1640625 0.178125 0.16406250000000003 0.234375 0.17031250000000003 0.234375
0 0.2140625000000001 0.4140625 0.2062500000000001 0.4140625 0.2062500000000001 0.5140625 0.2140625000000001 0.5140625
0 0.053125000000000075 0.58125 0.04531250000000007 0.58125 0.045312500000000075 0.696875 0.05312500000000009 0.696875
0 0.04531250000000009 0.7171875 0.0015625000000000881 0.7171875 0.0015625000000000886 0.725 0.04531250000000009 0.725
0 0.00937500000000008 0.6171875 0.004687500000000075 0.6171875 0.004687500000000079 0.6703125 0.009375000000000083 0.6703125
1 0.026562500000000044 0.3609375 0.012500000000000044 0.3609375 0.012500000000000044 0.38125 0.026562500000000044 0.38125
1 0.05625000000000006 0.4390625 0.04218750000000006 0.4390625 0.04218750000000006 0.4640625 0.056250000000000064 0.4640625
1 0.14375000000000004 0.1890625 0.13281250000000006 0.1890625 0.13281250000000006 0.2078125 0.14375000000000004 0.2078125
1 0.846875 0.3500000000000001 0.83125 0.3500000000000001 0.83125 0.3781250000000001 0.846875 0.3781250000000001
1 0.8453125 0.2609375000000001 0.8296875 0.2609375000000001 0.8296875 0.2890625000000001 0.8453125 0.2890625000000001
0 0.8546875 0.3187500000000001 0.8453125 0.3187500000000001 0.8453125 0.4187500000000002 0.8546875 0.4187500000000002
0 0.853125 0.2515625000000001 0.8453125 0.2515625000000001 0.8453125 0.30156250000000007 0.853125 0.30156250000000007
0 0.940625 0.1265625000000001 0.903125 0.12656250000000008 0.903125 0.1359375000000001 0.940625 0.13593750000000013
1 0.940625 0.10468750000000013 0.9203125 0.10468750000000013 0.9203125 0.12343750000000013 0.940625 0.12343750000000013