0 0.54375 0.3890625000000001 0.4984375 0.3890625000000001 0.4984375 0.5640625 0.54375 0.5640625
0 0.5453125 0.11406250000000007 0.5 0.11406250000000004 0.5 0.29375000000000007 0.5453125 0.29375000000000007
0 0.496875 0.2921875000000001 0.39375 0.2921875000000001 0.39375 0.35625000000000007 0.496875 0.35625000000000007
0 0.16875 0.146875 0.08593750000000003 0.146875 0.08593750000000003 0.2640625 0.16875000000000004 0.2640625
0 0.2640625 0.29375 0.17968750000000006 0.29375 0.17968750000000006 0.35 0.2640625 0.35
0 0.17812500000000003 0.2734375 0.11406250000000004 0.2734375 0.11406250000000004 0.3484375 0.17812500000000003 0.3484375
0 0.3296875 0.15625000000000006 0.2578125 0.15625000000000006 0.2578125 0.3125 0.3296875 0.3125
0 0.29375 0.15937500000000004 0.2609375 0.15937500000000004 0.2609375 0.2578125 0.29375 0.2578125
0 0.16875 0.115625 0.10625 0.115625 0.10625000000000002 0.221875 0.16875000000000004 0.221875
0 0.17031250000000003 0.421875 0.08750000000000005 0.421875 0.08750000000000005 0.5421875 0.17031250000000003 0.5421875
0 0.17031250000000003 0.3921875 0.10468750000000004 0.3921875 0.10468750000000004 0.503125 0.17031250000000003 0.503125
0 0.16875000000000004 0.425 0.10781250000000005 0.425 0.10781250000000005 0.503125 0.16875000000000004 0.503125
0 0.3265625000000001 0.43125 0.2609375000000001 0.43125 0.2609375000000001 0.5859375 0.3265625000000001 0.5859375
0 0.29375000000000007 0.425 0.2593750000000001 0.425 0.2593750000000001 0.528125 0.29375000000000007 0.528125
0 0.2578125000000001 0.5703125 0.17968750000000008 0.5703125 0.17968750000000008 0.6234375 0.2578125000000001 0.6234375
0 0.1781250000000001 0.5515625 0.11093750000000009 0.5515625 0.11093750000000009 0.6265625 0.1781250000000001 0.6265625
0 0.4953125 0.565625 0.3906250000000001 0.565625 0.3906250000000001 0.6234375 0.4953125 0.6234375
0 0.17187500000000008 0.6921875 0.08593750000000008 0.6921875 0.08593750000000008 0.8125 0.17187500000000008 0.8125
0 0.1687500000000001 0.6640625 0.10468750000000009 0.6640625 0.10468750000000009 0.7734375 0.1687500000000001 0.7734375
0 0.3296875000000001 0.7046875 0.2578125000000001 0.7046875 0.2578125000000001 0.859375 0.3296875000000001 0.859375
0 0.2921875000000001 0.7046875 0.2593750000000001 0.7046875 0.2593750000000001 0.8015625 0.2921875000000001 0.8015625
0 0.1781250000000001 0.8203125 0.1062500000000001 0.8203125 0.1062500000000001 0.896875 0.1781250000000001 0.896875
0 0.26250000000000007 0.8390625 0.1781250000000001 0.8390625 0.1781250000000001 0.8984375 0.26250000000000007 0.8984375
1 0.08750000000000009 0.759375 0.07031250000000008 0.759375 0.07031250000000008 0.7765625 0.08750000000000009 0.7765625
1 0.12500000000000008 0.853125 0.1140625000000001 0.853125 0.1140625000000001 0.8828125 0.12500000000000008 0.8828125
1 0.2171875000000001 0.8515625 0.2062500000000001 0.8515625 0.2062500000000001 0.88125 0.2171875000000001 0.88125
1 0.2328125000000001 0.8515625 0.21875000000000008 0.8515625 0.21875000000000008 0.878125 0.2328125000000001 0.878125
1 0.2828125000000001 0.721875 0.26250000000000007 0.721875 0.26250000000000007 0.7390625 0.2828125000000001 0.7390625
1 0.2828125000000001 0.7046875 0.26250000000000007 0.7046875 0.26250000000000007 0.7234375 0.2828125000000001 0.7234375
1 0.31718750000000007 0.7609375 0.2968750000000001 0.7609375 0.2968750000000001 0.778125 0.31718750000000007 0.778125
1 0.31718750000000007 0.740625 0.2968750000000001 0.740625 0.2968750000000001 0.7625 0.31718750000000007 0.7625
1 0.3187500000000001 0.7265625 0.2968750000000001 0.7265625 0.2968750000000001 0.74375 0.3187500000000001 0.74375
1 0.11250000000000009 0.640625 0.10468750000000009 0.640625 0.10468750000000009 0.6640625 0.11250000000000009 0.6640625
1 0.1281250000000001 0.640625 0.11562500000000009 0.640625 0.11562500000000009 0.6640625 0.1281250000000001 0.6640625
1 0.15625000000000008 0.640625 0.1437500000000001 0.640625 0.1437500000000001 0.6625 0.15625000000000008 0.6625
1 0.16562500000000008 0.6390625 0.1546875000000001 0.6390625 0.1546875000000001 0.6625 0.16562500000000008 0.6625
1 0.08906250000000009 0.740625 0.07187500000000009 0.740625 0.07187500000000009 0.759375 0.08906250000000009 0.759375
1 0.08906250000000009 0.7171875 0.07031250000000008 0.7171875 0.07031250000000008 0.734375 0.08906250000000009 0.734375
2 0.17343750000000008 0.6421875 0.16562500000000008 0.6421875 0.16562500000000008 0.6578125 0.17343750000000008 0.6578125
1 0.12656250000000008 0.58125 0.11250000000000009 0.58125 0.11250000000000009 0.6078125 0.12656250000000008 0.6078125
1 0.21875000000000008 0.578125 0.2062500000000001 0.578125 0.2062500000000001 0.6046875 0.21875000000000008 0.6046875
1 0.2328125000000001 0.58125 0.21875000000000008 0.58125 0.21875000000000008 0.6046875 0.2328125000000001 0.6046875
1 0.31718750000000007 0.490625 0.2968750000000001 0.490625 0.2968750000000001 0.503125 0.31718750000000007 0.503125
1 0.3187500000000001 0.471875 0.2968750000000001 0.471875 0.2968750000000001 0.4859375 0.3187500000000001 0.4859375
1 0.3187500000000001 0.4546875 0.2984375000000001 0.4546875 0.2984375000000001 0.471875 0.3187500000000001 0.471875
2 0.30937500000000007 0.4390625 0.2984375000000001 0.4390625 0.2984375000000001 0.4546875 0.30937500000000007 0.4546875
1 0.08906250000000007 0.4828125 0.07031250000000007 0.4828125 0.07031250000000007 0.503125 0.08906250000000007 0.503125
1 0.08750000000000006 0.4671875 0.07187500000000006 0.4671875 0.07187500000000006 0.484375 0.08750000000000006 0.484375
1 0.08593750000000006 0.44375 0.07031250000000004 0.44375 0.07031250000000006 0.4609375 0.08593750000000007 0.4609375
1 0.11406250000000004 0.365625 0.10312500000000005 0.365625 0.10312500000000005 0.390625 0.11406250000000004 0.390625
1 0.12656250000000005 0.365625 0.11406250000000004 0.365625 0.11406250000000004 0.39375 0.12656250000000005 0.39375
1 0.15625000000000006 0.365625 0.14375000000000004 0.365625 0.14375000000000004 0.390625 0.15625000000000006 0.390625
1 0.16718750000000004 0.3671875 0.15625000000000006 0.3671875 0.15625000000000006 0.390625 0.16718750000000004 0.390625
1 0.2828125000000001 0.446875 0.2640625000000001 0.446875 0.2640625000000001 0.4671875 0.2828125000000001 0.4671875
1 0.2796875000000001 0.434375 0.2640625000000001 0.434375 0.2640625000000001 0.45 0.2796875000000001 0.45
1 0.35625000000000007 0.3578125 0.34375 0.3578125 0.34375000000000006 0.384375 0.35625000000000007 0.384375
1 0.36718750000000006 0.35781250000000003 0.3546875 0.3578125 0.35468750000000004 0.384375 0.3671875000000001 0.3843750000000001
1 0.2203125 0.3046875 0.2078125 0.3046875 0.2078125 0.3328125 0.2203125 0.3328125
1 0.2328125 0.30625 0.2203125 0.30625 0.2203125 0.3328125 0.2328125 0.3328125
1 0.12500000000000006 0.3078125 0.11406250000000004 0.3078125 0.11406250000000004 0.3375 0.12500000000000006 0.3375
1 0.08750000000000002 0.2125 0.06875000000000002 0.2125 0.06875000000000002 0.228125 0.08750000000000002 0.228125
1 0.08906250000000002 0.1953125 0.07031250000000003 0.1953125 0.07031250000000003 0.2109375 0.08906250000000002 0.2109375
1 0.08906250000000002 0.16875 0.07031250000000003 0.16875 0.07031250000000003 0.1859375 0.08906250000000002 0.1859375
1 0.1140625 0.09218750000000002 0.1046875 0.09218750000000002 0.1046875 0.1171875 0.1140625 0.1171875
1 0.1265625 0.09375000000000003 0.1140625 0.09375000000000003 0.1140625 0.1171875 0.1265625 0.1171875
1 0.15625 0.09218750000000002 0.1453125 0.09218750000000002 0.1453125 0.115625 0.15625 0.115625
1 0.165625 0.09218750000000002 0.15625 0.09218750000000002 0.15625 0.1171875 0.165625 0.1171875
1 0.35625 0.08750000000000005 0.34375 0.08750000000000005 0.34375 0.11250000000000004 0.35625 0.11250000000000004
1 0.3703125 0.08593750000000004 0.35625 0.08593750000000004 0.35625 0.11406250000000004 0.3703125 0.11406250000000004
1 0.2828125 0.17812500000000003 0.265625 0.17812500000000003 0.265625 0.19375000000000003 0.2828125 0.19375000000000003
1 0.2828125 0.15937500000000004 0.2640625 0.15937500000000004 0.2640625 0.17968750000000006 0.2828125 0.17968750000000006
1 0.3171875 0.215625 0.2984375 0.215625 0.2984375 0.23125 0.3171875 0.23125
1 0.3171875 0.19531250000000006 0.296875 0.19531250000000006 0.296875 0.2140625 0.3171875 0.2140625
1 0.3171875 0.17968750000000006 0.2984375 0.17968750000000006 0.2984375 0.19687500000000005 0.3171875 0.19687500000000005
2 0.3109375 0.17031250000000003 0.296875 0.17031250000000003 0.296875 0.18281250000000004 0.3109375 0.18281250000000004
1 0.4453125 0.3078125000000001 0.4328125 0.3078125000000001 0.4328125 0.3343750000000001 0.4453125 0.3343750000000001
1 0.4578125 0.3078125000000001 0.4453125 0.3078125000000001 0.4453125 0.3343750000000001 0.4578125 0.3343750000000001
1 0.528125 0.22031250000000008 0.509375 0.22031250000000008 0.509375 0.2406250000000001 0.528125 0.2406250000000001
1 0.528125 0.20312500000000008 0.5109375 0.20312500000000008 0.5109375 0.2218750000000001 0.528125 0.2218750000000001
1 0.528125 0.17812500000000003 0.5078125 0.17812500000000003 0.5078125 0.19531250000000006 0.528125 0.19531250000000006
1 0.44375 0.58125 0.43125 0.58125 0.43125 0.6078125 0.44375 0.6078125
1 0.4578125 0.5828125 0.44375 0.5828125 0.44375 0.609375 0.4578125 0.609375
1 0.528125 0.4484375 0.509375 0.4484375 0.509375 0.4734375 0.528125 0.4734375
1 0.528125 0.4953125 0.509375 0.4953125 0.509375 0.5109375 0.528125 0.5109375
1 0.528125 0.4765625 0.5078125 0.4765625 0.5078125 0.49375 0.528125 0.49375
0 0.5406250000000001 0.6671875 0.4953125 0.6671875 0.4953125000000001 0.8375 0.5406250000000001 0.8375
1 0.5281250000000001 0.725 0.509375 0.725 0.5093750000000001 0.746875 0.5281250000000002 0.746875
1 0.5281250000000002 0.7671875 0.5078125000000002 0.7671875 0.5078125000000002 0.7859375 0.5281250000000002 0.7859375
1 0.5281250000000002 0.7515625 0.5109375000000002 0.7515625 0.5109375000000002 0.7703125 0.5281250000000002 0.7703125
0 0.49531250000000016 0.8390625 0.3937500000000001 0.8390625 0.3937500000000001 0.896875 0.49531250000000016 0.896875
1 0.44531250000000017 0.85625 0.4312500000000002 0.85625 0.4312500000000002 0.8859375 0.44531250000000017 0.8859375
1 0.45625000000000016 0.8578125 0.44531250000000017 0.8578125 0.44531250000000017 0.8828125 0.45625000000000016 0.8828125
1 0.3546875000000001 0.6328125 0.3437500000000001 0.6328125 0.3437500000000001 0.659375 0.3546875000000001 0.659375
1 0.3703125000000001 0.63125 0.35625000000000007 0.63125 0.35625000000000007 0.659375 0.3703125000000001 0.659375
0 0.7375 0.2984375000000001 0.653125 0.2984375000000001 0.653125 0.3500000000000001 0.7375 0.3500000000000001
0 0.7390625 0.5703125000000001 0.6546875 0.5703125 0.6546875 0.6265625000000001 0.7390625 0.6265625000000001
0 0.6546875 0.4078125 0.628125 0.4078125 0.628125 0.55625 0.6546875 0.55625
0 0.803125 0.1750000000000001 0.7375 0.1750000000000001 0.7375 0.3203125000000001 0.803125 0.3203125000000001
0 0.771875 0.1593750000000001 0.7375 0.1593750000000001 0.7375 0.2593750000000001 0.771875 0.2593750000000001
0 0.80625 0.4343750000000002 0.7390625 0.4343750000000002 0.7390625 0.5953125000000001 0.80625 0.5953125000000001
0 0.771875 0.4390625000000002 0.740625 0.4390625000000002 0.740625 0.5328125000000001 0.771875 0.5328125000000001
0 0.8046875 0.6984375000000002 0.7359375 0.6984375000000002 0.7359375000000001 0.8703125 0.8046875 0.8703125
0 0.7718750000000001 0.7031250000000002 0.7390625 0.7031250000000002 0.7390625000000001 0.8078125 0.7718750000000002 0.8078125
0 0.6562500000000001 0.678125 0.628125 0.678125 0.628125 0.8296875 0.6562500000000002 0.8296875
0 0.7390625000000002 0.846875 0.6562500000000002 0.846875 0.6562500000000002 0.8984375 0.7390625000000002 0.8984375
0 0.9703125 0.846875 0.8625 0.846875 0.8625 0.9015625 0.9703125 0.9015625
0 0.9671875 0.5734375000000002 0.859375 0.5734375000000002 0.859375 0.6234375000000002 0.9671875 0.6234375000000002
0 0.9671875 0.2984375000000001 0.859375 0.2984375000000001 0.859375 0.3531250000000001 0.9671875 0.3531250000000001
1 0.6984375000000002 0.8546875 0.6890625000000001 0.8546875 0.6890625000000001 0.88125 0.6984375000000002 0.88125
1 0.7109375000000002 0.8546875 0.6984375000000002 0.8546875 0.6984375000000002 0.8796875 0.7109375000000002 0.8796875
1 0.6265625000000001 0.75 0.6093750000000002 0.75 0.6093750000000002 0.7640625 0.6265625000000001 0.7640625
1 0.6265625000000001 0.7265625 0.6093750000000002 0.7265625 0.6093750000000002 0.746875 0.6265625000000001 0.746875
1 0.7593750000000001 0.7343750000000002 0.7437500000000001 0.7343750000000002 0.7437500000000001 0.7484375000000002 0.7593750000000001 0.7484375000000002
1 0.7609375 0.7156250000000002 0.7453125 0.7156250000000002 0.7453125 0.7328125000000002 0.7609375000000002 0.7328125000000002
1 0.7921875000000002 0.7687500000000002 0.7750000000000001 0.7687500000000002 0.7750000000000001 0.7812500000000002 0.7921875000000002 0.7812500000000002
1 0.7937500000000002 0.7500000000000002 0.7734375000000002 0.7500000000000002 0.7734375000000002 0.7656250000000002 0.7937500000000002 0.7656250000000002
1 0.7921875000000002 0.7328125000000002 0.7750000000000001 0.7328125000000002 0.7750000000000001 0.7515625000000001 0.7921875000000002 0.7515625000000001
1 0.7 0.58125 0.6875 0.58125 0.6875 0.609375 0.7 0.609375
1 0.7125 0.578125 0.6984375 0.578125 0.6984375 0.609375 0.7125 0.609375
1 0.628125 0.4734375 0.6109375 0.4734375 0.6109375 0.490625 0.628125 0.490625
1 0.625 0.4578125 0.609375 0.4578125 0.609375 0.475 0.625 0.475
1 0.7625 0.46093750000000017 0.74375 0.46093750000000017 0.74375 0.47656250000000017 0.7625 0.47656250000000017
1 0.759375 0.4437500000000002 0.7453125 0.4437500000000002 0.7453125 0.4593750000000002 0.759375 0.4593750000000002
1 0.7921875 0.4968750000000002 0.775 0.4968750000000002 0.775 0.5078125000000002 0.7921875 0.5078125000000002
1 0.7921875 0.47656250000000017 0.7734375 0.47656250000000017 0.7734375 0.49218750000000017 0.7921875 0.49218750000000017
1 0.79375 0.4593750000000002 0.775 0.4593750000000002 0.775 0.47968750000000016 0.79375 0.47968750000000016
1 0.6984375 0.3062500000000001 0.6875 0.3062500000000001 0.6875 0.3343750000000001 0.6984375 0.3343750000000001
1 0.7125 0.3078125000000001 0.696875 0.3078125000000001 0.696875 0.3359375000000001 0.7125 0.3359375000000001
1 0.7625 0.18750000000000008 0.7453125 0.18750000000000008 0.7453125 0.20312500000000008 0.7625 0.20312500000000008
1 0.7609375 0.1687500000000001 0.7453125 0.1687500000000001 0.7453125 0.1859375000000001 0.7609375 0.1859375000000001
1 0.7921875 0.2234375000000001 0.7734375 0.2234375000000001 0.7734375 0.2375000000000001 0.7921875 0.2375000000000001
1 0.7921875 0.2015625000000001 0.7734375 0.2015625000000001 0.7734375 0.22031250000000008 0.7921875 0.22031250000000008
1 0.7921875 0.18750000000000008 0.775 0.18750000000000008 0.775 0.20312500000000008 0.7921875 0.20312500000000008
2 0.7859375 0.17343750000000008 0.775 0.17343750000000008 0.775 0.18750000000000008 0.7859375 0.18750000000000008
2 0.7859375000000001 0.7203125000000001 0.775 0.7203125000000001 0.7750000000000001 0.7328125000000002 0.7859375000000002 0.7328125000000002
1 0.915625 0.8578125 0.9015625 0.8578125 0.9015625 0.8828125 0.915625 0.8828125
1 0.928125 0.8546875 0.915625 0.8546875 0.915625 0.8828125 0.928125 0.8828125
1 1 0.7187500000000002 0.98125 0.7187500000000002 0.98125 0.7328125000000002 1 0.7328125000000002
1 1 0.7609375000000002 0.9828125 0.7609375000000002 0.9828125 0.7765625000000002 1 0.7765625000000002
1 0.9984375 0.7437500000000001 0.9828125 0.7437500000000001 0.9828125 0.7593750000000001 0.9984375 0.7593750000000001
1 0.9140625 0.5843750000000002 0.9015625 0.5843750000000002 0.9015625 0.6093750000000002 0.9140625 0.6093750000000002
1 0.9265625 0.5859375000000002 0.9171875 0.5859375000000002 0.9171875 0.6093750000000002 0.9265625 0.6093750000000002
1 1 0.48437500000000017 0.9828125 0.48437500000000017 0.9828125 0.5046875000000002 1 0.5046875000000002
1 1 0.4421875000000002 0.98125 0.4421875000000002 0.98125 0.4593750000000002 1 0.4593750000000002
1 1 0.46875000000000017 0.98125 0.46875000000000017 0.98125 0.4859375000000002 1 0.4859375000000002
1 0.915625 0.3109375000000001 0.903125 0.3109375000000001 0.903125 0.3375000000000001 0.915625 0.3375000000000001
1 0.928125 0.3109375000000001 0.915625 0.3109375000000001 0.915625 0.3375000000000001 0.928125 0.3375000000000001
1 1 0.21250000000000008 0.98125 0.21250000000000008 0.98125 0.2296875000000001 1 0.2296875000000001
1 1 0.19531250000000014 0.9828125 0.19531250000000014 0.9828125 0.21250000000000008 1 0.21250000000000008
1 1 0.16875000000000012 0.98125 0.16875000000000012 0.98125 0.18750000000000014 1 0.18750000000000014
0 1 0.2875000000000001 0.928125 0.2875000000000001 0.928125 0.3500000000000001 1 0.3500000000000001
0 1 0.11875000000000013 0.9265625 0.11875000000000013 0.9265625 0.12812500000000013 1 0.12812500000000013