0 0.578125 0.17656250000000007 0.5234375 0.17656250000000004 0.5234375 0.2453125000000001 0.578125 0.2453125000000001
0 0.571875 0.2140625000000001 0.528125 0.2140625000000001 0.528125 0.2484375000000001 0.571875 0.2484375000000001
0 0.525 0.2218750000000001 0.421875 0.2218750000000001 0.421875 0.2531250000000001 0.525 0.2531250000000001
0 0.6921875 0.2468750000000001 0.6375 0.2468750000000001 0.6375 0.5265625 0.6921875 0.5265625
0 0.6921875 0.2468750000000001 0.6078125 0.2468750000000001 0.6078125 0.3343750000000001 0.6921875 0.3343750000000001
0 0.49375 0.2218750000000001 0.4203125 0.2218750000000001 0.4203125 0.3265625000000001 0.49375 0.3265625000000001
0 0.49375 0.26250000000000007 0.4203125 0.26250000000000007 0.4203125 0.3281250000000001 0.49375 0.3281250000000001
0 0.4625 0.4 0.4234375 0.4 0.4234375 0.525 0.4625 0.525
0 0.4625 0.3359375000000001 0.4203125 0.3359375000000001 0.4203125 0.4046875 0.4625 0.4046875
0 0.5734375 0.29375000000000007 0.5515625 0.29375000000000007 0.5515625 0.30156250000000007 0.5734375 0.30156250000000007
0 0.5984375 0.2921875000000001 0.578125 0.2921875000000001 0.578125 0.3000000000000001 0.5984375 0.3000000000000001
0 0.64375 0.22656250000000008 0.6 0.22656250000000008 0.6 0.2484375000000001 0.64375 0.2484375000000001
0 0.4937500000000001 0.6203125 0.421875 0.6203125 0.4218750000000001 0.7828125 0.4937500000000002 0.7828125
0 0.6031250000000001 0.784375 0.4968750000000002 0.784375 0.4968750000000002 0.8296875 0.6031250000000001 0.8296875