0 0.6109375 0.4046875 0.5515625 0.4046875 0.5515625 0.5484375 0.6109375 0.5484375
0 0.5625 0.5953125 0.1906250000000001 0.5953125 0.1906250000000001 0.6875 0.5625 0.6875
0 0.559375 0.5484375 0.30156250000000007 0.5484375 0.30156250000000007 0.69375 0.559375 0.69375
0 0.5546875 0.546875 0.3343750000000001 0.546875 0.3343750000000001 0.6328125 0.5546875 0.6328125
0 0.2453125000000001 0.590625 0.18750000000000008 0.590625 0.18750000000000008 0.6859375 0.2453125000000001 0.6859375
0 0.5609375 0.596875 0.2953125000000001 0.596875 0.2953125000000001 0.6890625 0.5609375 0.6890625
0 0.3046875 0.2734375 0.18281250000000004 0.2734375 0.18281250000000004 0.353125 0.3046875 0.353125
1 0.19062500000000004 0.265625 0.16875000000000004 0.265625 0.16875000000000004 0.2953125 0.19062500000000004 0.2953125
2 0.18906250000000005 0.2515625 0.17812500000000003 0.2515625 0.17812500000000003 0.2671875 0.18906250000000005 0.2671875
0 0.70625 0.465625 0.621875 0.465625 0.621875 0.4859375 0.70625 0.4859375
0 0.8515625 0.5921875000000001 0.703125 0.5921875 0.703125 0.7000000000000001 0.8515625 0.7000000000000002
0 0.93125 0.3531250000000001 0.8515625 0.3531250000000001 0.8515625 0.5953125000000001 0.93125 0.5953125000000001
1 0.15937500000000004 0.3265625 0.13906250000000003 0.3265625 0.13906250000000003 0.35 0.15937500000000004 0.35
1 0.16718750000000004 0.309375 0.14375000000000004 0.309375 0.14375000000000004 0.34375 0.16718750000000004 0.34375
1 0.18281250000000004 0.28125 0.15937500000000004 0.28125 0.15937500000000004 0.3125 0.18281250000000004 0.3125