0 0.7453125 0.057812500000000086 0.6921875 0.057812500000000086 0.6921875 0.3656250000000001 0.7453125 0.3656250000000001
0 0.6921875 0.3625000000000001 0.4984375 0.3625000000000001 0.4984375 0.521875 0.6921875 0.521875
0 0.4125 0.35625000000000007 0.3390625 0.35625 0.33906250000000004 0.5109375 0.4125 0.5109375
0 0.403125 0.36250000000000004 0.35 0.3625 0.35000000000000003 0.4390625 0.403125 0.4390625
0 0.3421875 0.08593750000000004 0.328125 0.08593750000000004 0.328125 0.3359375 0.3421875 0.3359375
0 0.4765625 0.16250000000000003 0.4125 0.16250000000000003 0.4125 0.2500000000000001 0.4765625 0.2500000000000001
0 0.41718750000000016 0.775 0.33281250000000007 0.775 0.33281250000000007 0.809375 0.41718750000000016 0.809375
0 0.6453125000000002 0.7765625 0.5890625000000002 0.7765625 0.5890625000000002 0.8421875 0.6453125000000002 0.8421875
0 0.6953125000000001 0.6875 0.6484375 0.6875 0.6484375000000001 0.7796875 0.6953125000000002 0.7796875
0 0.5328125000000001 0.75625 0.4515625000000002 0.75625 0.4515625000000002 0.8078125 0.5328125000000001 0.8078125
0 0.6171875 0.675 0.5390625 0.675 0.5390625 0.7046875 0.6171875 0.7046875
0 0.528125 0.684375 0.3734375000000001 0.684375 0.3734375000000001 0.703125 0.528125 0.703125
0 0.3500000000000001 0.6921875 0.3234375000000001 0.6921875 0.3234375000000001 0.7703125 0.3500000000000001 0.7703125
1 0.5296875 0.048437500000000064 0.5171875 0.048437500000000064 0.5171875 0.07500000000000007 0.5296875 0.07500000000000007
1 0.5421875 0.050000000000000065 0.528125 0.050000000000000065 0.528125 0.07343750000000007 0.5421875 0.07343750000000007
1 0.3296875 0.20625 0.3109375 0.20625 0.3109375 0.2234375 0.3296875 0.2234375
1 0.3265625 0.18593750000000003 0.3109375 0.18593750000000003 0.3109375 0.203125 0.3265625 0.203125
1 0.4625 0.19375000000000003 0.4421875 0.19375000000000003 0.4421875 0.2093750000000001 0.4625 0.2093750000000001
1 0.5953125 0.4765625 0.5859375 0.4765625 0.5859375 0.503125 0.5953125 0.503125
1 0.6078125 0.478125 0.5953125 0.478125 0.5953125 0.503125 0.6078125 0.503125
1 0.734375 0.3031250000000001 0.7171875 0.3031250000000001 0.7171875 0.3203125000000001 0.734375 0.3203125000000001
1 0.7328125 0.2890625000000001 0.7140625 0.2890625000000001 0.7140625 0.30156250000000007 0.7328125 0.30156250000000007
1 0.734375 0.2734375000000001 0.7171875 0.2734375000000001 0.7171875 0.2875000000000001 0.734375 0.2875000000000001
1 0.734375 0.2562500000000001 0.715625 0.2562500000000001 0.715625 0.2734375000000001 0.734375 0.2734375000000001
1 0.3781250000000001 0.4671875 0.36406250000000007 0.4671875 0.36406250000000007 0.4984375 0.3781250000000001 0.4984375
1 0.3890625000000001 0.465625 0.3781250000000001 0.465625 0.3781250000000001 0.496875 0.3890625000000001 0.496875
1 0.3750000000000001 0.39062500000000006 0.3593750000000001 0.390625 0.3593750000000001 0.421875 0.3750000000000001 0.421875
1 0.3859375000000001 0.3937500000000001 0.3765625000000001 0.3937500000000001 0.3765625000000001 0.421875 0.3859375000000001 0.421875
1 0.39531250000000007 0.3937500000000001 0.38750000000000007 0.3937500000000001 0.38750000000000007 0.4234375 0.39531250000000007 0.4234375
1 0.3578125000000001 0.640625 0.3437500000000001 0.640625 0.3437500000000001 0.6640625 0.3578125000000001 0.6640625
1 0.3687500000000001 0.6453125 0.3515625000000001 0.6453125 0.3515625000000001 0.66875 0.3687500000000001 0.66875
1 0.44375 0.653125 0.4328125 0.653125 0.4328125 0.68125 0.44375 0.68125
1 0.4515625 0.6546875 0.4453125 0.6546875 0.4453125 0.6828125 0.4515625 0.6828125
1 0.4671875 0.65625 0.4546875 0.65625 0.4546875 0.6828125 0.4671875 0.6828125
1 0.5234375 0.609375 0.5125 0.609375 0.5125 0.6359375 0.5234375 0.6359375
1 0.5328125 0.6046875 0.521875 0.6046875 0.521875 0.6359375 0.5328125 0.6359375
1 0.5484375 0.60625 0.5390625 0.60625 0.5390625 0.6359375 0.5484375 0.6359375
1 0.55625 0.609375 0.5484375 0.609375 0.5484375 0.634375 0.55625 0.634375
1 0.565625 0.6078125 0.5578125 0.6078125 0.5578125 0.6375 0.565625 0.6375
1 0.5765625 0.609375 0.5671875 0.609375 0.5671875 0.6328125 0.5765625 0.6328125
1 0.59375 0.6078125 0.584375 0.6078125 0.584375 0.634375 0.59375 0.634375
1 0.60625 0.60625 0.5953125 0.60625 0.5953125 0.634375 0.60625 0.634375
1 0.5109375 0.609375 0.49375 0.609375 0.49375 0.634375 0.5109375 0.634375
1 0.48125 0.609375 0.4703125 0.609375 0.4703125 0.634375 0.48125 0.634375
1 0.49375 0.609375 0.4796875 0.609375 0.4796875 0.6359375 0.49375 0.6359375
1 0.4375 0.609375 0.428125 0.609375 0.428125 0.6375 0.4375 0.6375
1 0.45 0.6078125 0.4359375 0.6078125 0.4359375 0.640625 0.45 0.640625
1 0.4640625 0.609375 0.453125 0.609375 0.453125 0.6328125 0.4640625 0.6328125
1 0.559375 0.64375 0.553125 0.64375 0.553125 0.6703125 0.559375 0.6703125
1 0.5828125 0.6484375 0.5765625 0.6484375 0.5765625 0.6703125 0.5828125 0.6703125
1 0.5953125 0.64375 0.5859375 0.64375 0.5859375 0.6734375 0.5953125 0.6734375
1 0.5703125 0.6453125 0.5609375 0.6453125 0.5609375 0.6703125 0.5703125 0.6703125
1 0.68125 0.6984375 0.6625 0.6984375 0.6625 0.7171875 0.68125 0.7171875
1 0.6906250000000002 0.7328125 0.6609375000000002 0.7328125 0.6609375000000002 0.7609375 0.6906250000000002 0.7609375
1 0.6281250000000002 0.796875 0.6093750000000002 0.796875 0.6093750000000002 0.8265625 0.6281250000000002 0.8265625
1 0.48750000000000016 0.759375 0.4781250000000002 0.759375 0.4781250000000002 0.790625 0.48750000000000016 0.790625
1 0.4984375000000002 0.7609375 0.4859375000000002 0.7609375 0.4859375000000002 0.7953125 0.4984375000000002 0.7953125
1 0.5093750000000001 0.7578125 0.5000000000000002 0.7578125 0.5000000000000002 0.7890625 0.5093750000000001 0.7890625
1 0.4125000000000002 0.7625 0.4000000000000002 0.7625 0.4000000000000002 0.7890625 0.4125000000000002 0.7890625
1 0.3984375000000001 0.7625 0.3843750000000001 0.7625 0.3843750000000001 0.790625 0.3984375000000001 0.790625
1 0.3234375000000001 0.703125 0.3062500000000001 0.703125 0.3062500000000001 0.728125 0.3234375000000001 0.728125
1 0.3265625000000001 0.728125 0.3046875000000001 0.728125 0.3046875000000001 0.7484375 0.3265625000000001 0.7484375
0 0.5765625000000001 0.6859375 0.5390625 0.6859375 0.5390625000000001 0.8328125 0.5765625000000002 0.8328125
1 0.5640625000000001 0.790625 0.5468750000000002 0.790625 0.5468750000000002 0.803125 0.5640625000000001 0.803125
1 0.5625000000000002 0.7734375 0.5453125000000002 0.7734375 0.5453125000000002 0.79375 0.5625000000000002 0.79375