0 0.5515625 0.684375 0.503125 0.684375 0.503125 0.71875 0.5515625 0.71875
0 0.6171875 0.68125 0.5859375 0.68125 0.5859375 0.725 0.6171875 0.725
0 0.6140625 0.5875 0.5890625 0.5875 0.5890625 0.61875 0.6140625 0.61875
0 0.6125 0.4796875 0.58125 0.4796875 0.58125 0.51875 0.6125 0.51875
0 0.6984375 0.3265625000000001 0.671875 0.3265625000000001 0.671875 0.425 0.6984375 0.425
0 0.5984375 0.43125 0.471875 0.43125 0.471875 0.4765625 0.5984375 0.4765625
0 0.5421875 0.4328125 0.4734375 0.4328125 0.4734375 0.4609375 0.5421875 0.4609375
0 0.675 0.421875 0.5984375 0.421875 0.5984375 0.4859375 0.675 0.4859375
0 0.675 0.4203125 0.6 0.4203125 0.6 0.4484375 0.675 0.4484375
0 0.609375 0.3218750000000001 0.5828125 0.3218750000000001 0.5828125 0.35625000000000007 0.609375 0.35625000000000007
0 0.5328125 0.3375000000000001 0.5109375 0.3375000000000001 0.5109375 0.3671875000000001 0.5328125 0.3671875000000001
0 0.5546875 0.33281250000000007 0.5234375 0.33281250000000007 0.5234375 0.3687500000000001 0.5546875 0.3687500000000001
0 0.55625 0.3531250000000001 0.5296875 0.3531250000000001 0.5296875 0.37187500000000007 0.55625 0.37187500000000007
0 0.44375 0.4296875 0.3937500000000001 0.4296875 0.3937500000000001 0.4953125 0.44375 0.4953125
0 0.434375 0.4296875 0.403125 0.4296875 0.403125 0.465625 0.434375 0.465625
0 0.4921875 0.3687500000000001 0.475 0.3687500000000001 0.475 0.425 0.4921875 0.425
1 0.58125 0.54375 0.571875 0.54375 0.571875 0.5625 0.58125 0.5625
1 0.4421875 0.58125 0.434375 0.58125 0.434375 0.6 0.4421875 0.6
1 0.4265625 0.5828125 0.4171875 0.5828125 0.4171875 0.596875 0.4265625 0.596875
1 0.6125 0.5765625 0.6046875 0.5765625 0.6046875 0.5921875 0.6125 0.5921875
1 0.6046875 0.503125 0.59375 0.503125 0.59375 0.51875 0.6046875 0.51875
1 0.6875 0.3921875000000001 0.6765625 0.3921875000000001 0.6765625 0.40625 0.6875 0.40625
1 0.684375 0.34843750000000007 0.675 0.34843750000000007 0.675 0.3671875000000001 0.684375 0.3671875000000001
1 0.60625 0.3125000000000001 0.5953125 0.3125000000000001 0.5953125 0.32500000000000007 0.60625 0.32500000000000007
1 0.4671875 0.32500000000000007 0.459375 0.32500000000000007 0.459375 0.3375000000000001 0.4671875 0.3375000000000001
1 0.55 0.3453125000000001 0.54375 0.3453125000000001 0.54375 0.3546875000000001 0.55 0.3546875000000001
1 0.575 0.3937500000000001 0.5640625 0.3937500000000001 0.5640625 0.4046875 0.575 0.4046875
1 0.575 0.3890625000000001 0.5671875 0.3890625000000001 0.5671875 0.39531250000000007 0.575 0.39531250000000007
2 0.6609375 0.2406250000000001 0.6484375 0.2406250000000001 0.6484375 0.2578125000000001 0.6609375 0.2578125000000001
2 0.6734375 0.2453125000000001 0.6640625 0.2453125000000001 0.6640625 0.2578125000000001 0.6734375 0.2578125000000001
1 0.428125 0.3109375000000001 0.421875 0.3109375000000001 0.421875 0.32500000000000007 0.428125 0.32500000000000007
1 0.4125 0.3109375000000001 0.40625 0.3109375000000001 0.40625 0.3265625000000001 0.4125 0.3265625000000001
1 0.58125 0.2140625000000001 0.5734375 0.2140625000000001 0.5734375 0.2296875000000001 0.58125 0.2296875000000001
1 0.5359375 0.4375 0.528125 0.4375 0.528125 0.45 0.5359375 0.45
1 0.4828125 0.4375 0.4734375 0.4375 0.4734375 0.4484375 0.4828125 0.4484375
1 0.5046875 0.3984375000000001 0.496875 0.3984375000000001 0.496875 0.409375 0.5046875 0.409375
1 0.4234375 0.4671875 0.4140625 0.4671875 0.4140625 0.48125 0.4234375 0.48125
1 0.4234375 0.4390625 0.415625 0.4390625 0.415625 0.4515625 0.4234375 0.4515625