0 0.23593750000000008 0.5265625 0.14375000000000004 0.5265625 0.14375000000000007 0.61875 0.23593750000000008 0.61875
2 0.2156250000000001 0.5015625 0.2062500000000001 0.5015625 0.2062500000000001 0.5125 0.2156250000000001 0.5125
2 0.1390625000000001 0.7484375 0.11562500000000009 0.7484375 0.11562500000000009 0.775 0.1390625000000001 0.775
2 0.9734375 0.7359375000000001 0.95 0.7359375000000001 0.95 0.7625000000000002 0.9734375 0.7625000000000002
1 0.778125 0.5531250000000001 0.709375 0.553125 0.709375 0.5937500000000001 0.778125 0.5937500000000002
1 0.7281250000000001 0.7015625000000001 0.703125 0.7015625 0.7031250000000001 0.7734375000000001 0.7281250000000001 0.7734375000000002
1 0.878125 0.871875 0.85 0.871875 0.85 0.9078125 0.878125 0.9078125
1 0.5984375000000002 0.8296875 0.5718750000000001 0.8296875 0.5718750000000001 0.859375 0.5984375000000002 0.859375
1 0.15468750000000012 0.8828125 0.11875000000000009 0.8828125 0.1187500000000001 0.921875 0.15468750000000014 0.921875
1 0.1390625000000001 0.6953125 0.11093750000000009 0.6953125 0.11093750000000009 0.753125 0.1390625000000001 0.753125
1 0.2062500000000001 0.4921875 0.17812500000000003 0.4921875 0.17812500000000003 0.525 0.2062500000000001 0.525
1 0.32500000000000007 0.55625 0.2843750000000001 0.55625 0.2843750000000001 0.5953125 0.32500000000000007 0.5953125
0 0.9328125 0.9125 0.7968750000000002 0.9125 0.7968750000000002 0.928125 0.9328125 0.928125
0 0.6906250000000002 0.921875 0.23437500000000008 0.921875 0.23437500000000008 0.940625 0.6906250000000002 0.940625
0 0.6906250000000002 0.8640625 0.4812500000000002 0.8640625 0.4812500000000002 0.878125 0.6906250000000002 0.878125
0 0.2296875000000001 0.91875 0.17343750000000013 0.91875 0.17343750000000013 0.94375 0.2296875000000001 0.94375
0 0.1531250000000001 0.64375 0.1390625000000001 0.64375 0.1390625000000001 0.83125 0.1531250000000001 0.83125
0 0.3609375000000001 0.5953125 0.2328125000000001 0.5953125 0.2328125000000001 0.6671875 0.3609375000000001 0.6671875