0 0.10156250000000003 9.376202055971925e-18 0.0515625 6.31458505810354e-18 0.05156250000000001 0.2296875 0.10156250000000004 0.2296875
0 0.103125 9.567553118338696e-18 0.053125 6.505936120470313e-18 0.053125 0.03593750000000001 0.103125 0.03593750000000001
0 0.10156250000000003 0.1328125 0.046875000000000014 0.1328125 0.04687500000000002 0.228125 0.10156250000000004 0.228125
0 0.34375000000000006 0.2765625 0.234375 0.2765625 0.23437500000000006 0.371875 0.3437500000000001 0.371875
0 0.31562500000000004 0.278125 0.12031250000000004 0.278125 0.12031250000000004 0.4828125 0.3156250000000001 0.4828125
0 0.19218750000000004 0.2765625 0.12343750000000005 0.2765625 0.12343750000000005 0.3703125 0.19218750000000004 0.3703125
0 0.4484375 5.1569111307845585e-17 0.39375 4.8220467716427034e-17 0.39375 0.2296875000000001 0.4484375 0.2296875000000001
0 0.659375 0.2906250000000001 0.4578125 0.2906250000000001 0.4578125 0.48125 0.659375 0.48125
0 0.684375 0.2843750000000001 0.4625 0.2843750000000001 0.4625 0.38750000000000007 0.684375 0.38750000000000007
0 0.8234375 9.76847173382381e-17 0.771875 9.452742480918633e-17 0.771875 0.18906250000000008 0.8234375 0.18906250000000008
0 1 0.22812500000000008 0.8375 0.22812500000000008 0.8375 0.4593750000000002 1 0.4593750000000002
0 1 0.2312500000000001 0.8484375 0.2312500000000001 0.8484375 0.33281250000000007 1 0.33281250000000007
0 0.12500000000000008 0.5875 0.06718750000000007 0.5875 0.06718750000000008 0.7375 0.12500000000000008 0.7375
0 0.12500000000000008 0.7578125 0.0671875000000001 0.7578125 0.0671875000000001 0.853125 0.12500000000000008 0.853125
0 0.17968750000000008 0.6078125 0.1625000000000001 0.6078125 0.1625000000000001 0.7234375 0.17968750000000008 0.7234375
0 0.2921875000000001 0.6140625 0.2734375000000001 0.6140625 0.2734375000000001 0.725 0.2921875000000001 0.725
0 0.2968750000000001 0.6046875 0.1593750000000001 0.6046875 0.1593750000000001 0.675 0.2968750000000001 0.675
0 0.35625000000000007 0.9078125 0.2515625000000001 0.9078125 0.2515625000000001 1 0.35625000000000007 1
0 0.2015625000000001 0.9125 0.14062500000000014 0.9125 0.14062500000000014 0.9984375 0.2015625000000001 0.9984375
0 0.4984375000000001 0.6125 0.4765625 0.6125 0.4765625000000001 0.7578125 0.4984375000000002 0.7578125
0 0.6359375 0.6171875 0.621875 0.6171875 0.6218750000000001 0.7578125 0.6359375000000002 0.7578125
0 0.6359375 0.6140625 0.4796875 0.6140625 0.4796875 0.678125 0.6359375 0.678125
0 0.8328125 0.5875000000000001 0.7703125 0.5875000000000001 0.7703125000000001 0.853125 0.8328125 0.853125
0 0.83125 0.5828125000000002 0.7703125 0.5828125000000002 0.7703125 0.6796875000000002 0.83125 0.6796875000000002
0 0.8296875 0.7562500000000002 0.7703125000000002 0.7562500000000002 0.7703125000000002 0.853125 0.8296875 0.853125
0 1 0.8984375 0.853125 0.8984375 0.853125 1 1 1
0 1 0.5890625000000002 0.878125 0.5890625000000002 0.878125 0.6671875000000002 1 0.6671875000000002
1 0.784375 0.7000000000000002 0.759375 0.7000000000000002 0.759375 0.7234375000000002 0.784375 0.7234375000000002
1 0.2390625000000001 0.403125 0.2250000000000001 0.403125 0.2250000000000001 0.4453125 0.2390625000000001 0.4453125
1 0.56875 0.4046875 0.5578125 0.4046875 0.5578125 0.446875 0.56875 0.446875
1 0.5703125 0.5953125 0.5578125 0.5953125 0.5578125 0.6375 0.5703125 0.6375