0 0.5453125 0.6375 0.4328125 0.6375 0.4328125 0.65 0.5453125 0.65
0 0.3906250000000001 0.703125 0.3781250000000001 0.703125 0.3781250000000001 0.91875 0.3906250000000001 0.91875
0 0.3078125000000001 0.6359375 0.1765625000000001 0.6359375 0.1765625000000001 0.653125 0.3078125000000001 0.653125
0 0.6265625 0.34843750000000007 0.615625 0.34843750000000007 0.615625 0.5375 0.6265625 0.5375
0 0.38750000000000007 0.23593750000000008 0.3796875 0.23593750000000008 0.37968750000000007 0.5390625 0.38750000000000007 0.5390625
0 0.3078125 0.19687500000000002 0.17656250000000004 0.196875 0.17656250000000004 0.2078125 0.3078125 0.2078125
0 0.11875000000000002 0.1453125 0.1078125 0.1453125 0.10781250000000002 0.234375 0.11875000000000005 0.234375
0 0.11875000000000005 0.271875 0.10468750000000004 0.271875 0.10468750000000004 0.3265625 0.11875000000000005 0.3265625
0 0.11250000000000007 0.5125 0.10468750000000004 0.5125 0.10468750000000007 0.6375 0.11250000000000009 0.6375
0 0.5203125 0.19062500000000004 0.4578125 0.19062500000000004 0.4578125 0.20468750000000008 0.5203125 0.20468750000000008
1 0.81875 0.1921875000000001 0.78125 0.1921875000000001 0.78125 0.2312500000000001 0.81875 0.2312500000000001
1 0.83125 0.2593750000000001 0.790625 0.2593750000000001 0.790625 0.3078125000000001 0.83125 0.3078125000000001
1 0.8375 0.3375000000000001 0.8015625 0.3375000000000001 0.8015625 0.37968750000000007 0.8375 0.37968750000000007
1 0.8265625 0.4031250000000002 0.7875 0.4031250000000002 0.7875 0.44531250000000017 0.8265625 0.44531250000000017
1 0.840625 0.47656250000000017 0.784375 0.47656250000000017 0.784375 0.5125000000000002 0.840625 0.5125000000000002
1 0.825 0.5515625000000002 0.765625 0.5515625000000002 0.765625 0.5906250000000002 0.825 0.5906250000000002
1 0.8125 0.6125000000000002 0.765625 0.6125000000000002 0.765625 0.6625000000000002 0.8125 0.6625000000000002
1 0.8859375 0.5515625000000002 0.8453125 0.5515625000000002 0.8453125 0.5906250000000002 0.8859375 0.5906250000000002
1 0.8890625 0.6203125000000002 0.8375 0.6203125000000002 0.8375 0.6625000000000002 0.8890625 0.6625000000000002