0 0.20625 0.11406250000000002 0.159375 0.1140625 0.15937500000000002 0.3421875 0.20625 0.3421875
0 0.6046875 0.31562500000000004 0.3234375 0.315625 0.32343750000000004 0.38750000000000007 0.6046875 0.38750000000000007
0 0.671875 0.12656250000000008 0.6046875 0.12656250000000008 0.6046875 0.3156250000000001 0.671875 0.3156250000000001
0 0.6 0.35937500000000006 0.09062500000000004 0.359375 0.09062500000000005 0.4625 0.6 0.4625
0 0.275 0.3609375 0.203125 0.3609375 0.20312500000000006 0.465625 0.2750000000000001 0.465625
0 0.6015625 0.36250000000000004 0.2703125 0.3625 0.27031250000000007 0.46875 0.6015625 0.46875
0 0.4703125 0.08281250000000005 0.275 0.08281250000000004 0.275 0.13906250000000003 0.4703125 0.13906250000000003
0 0.25 0.004687500000000028 0.2015625 0.004687500000000025 0.2015625 0.10468750000000004 0.25 0.10468750000000004
0 0.2984375 0.006250000000000035 0.2703125 0.006250000000000033 0.2703125 0.10000000000000005 0.2984375 0.10000000000000005
0 0.953125 0.0953125000000001 0.8890625 0.0953125000000001 0.8890625 0.3750000000000001 0.953125 0.3750000000000001
0 0.8859375 0.37187500000000007 0.7265625 0.37187500000000007 0.7265625 0.46406250000000016 0.8859375 0.46406250000000016
0 1 0.40625000000000017 0.8921875 0.40625000000000017 0.8921875 0.4625000000000002 1 0.4625000000000002
1 0.10781250000000005 0.4203125 0.09843750000000004 0.4203125 0.09843750000000004 0.4453125 0.10781250000000005 0.4453125
1 0.11250000000000004 0.421875 0.10468750000000004 0.421875 0.10468750000000004 0.4453125 0.11250000000000004 0.4453125
1 0.13125000000000003 0.421875 0.12187500000000004 0.421875 0.12187500000000004 0.4453125 0.13125000000000003 0.4453125
1 0.14062500000000006 0.4203125 0.12656250000000005 0.4203125 0.12656250000000005 0.4453125 0.14062500000000006 0.4453125
1 0.16250000000000003 0.41875 0.15000000000000005 0.41875 0.15000000000000005 0.4453125 0.16250000000000003 0.4453125
1 0.17187500000000006 0.41875 0.16250000000000003 0.41875 0.16250000000000003 0.446875 0.17187500000000006 0.446875
1 0.18281250000000004 0.421875 0.17031250000000003 0.421875 0.17031250000000003 0.44375 0.18281250000000004 0.44375
1 0.16406250000000006 0.2421875 0.14531250000000004 0.2421875 0.14531250000000004 0.2609375 0.16406250000000006 0.2609375
1 0.16406250000000006 0.2296875 0.14687500000000003 0.2296875 0.14687500000000003 0.2453125 0.16406250000000006 0.2453125
1 0.16250000000000003 0.2125 0.14375000000000004 0.2125 0.14375000000000004 0.2296875 0.16250000000000003 0.2296875
1 0.16250000000000003 0.1984375 0.14531250000000004 0.1984375 0.14531250000000004 0.215625 0.16250000000000003 0.215625
1 0.2546875 3.032914338513367e-17 0.240625 2.9468063604483184e-17 0.240625 0.01718750000000003 0.2546875 0.017187500000000033
1 0.2421875 0.0015625000000000291 0.2296875 0.0015625000000000285 0.2296875 0.014062500000000028 0.2421875 0.014062500000000028
1 0.325 0.040625000000000036 0.3140625 0.040625000000000036 0.3140625 0.06562500000000004 0.325 0.06562500000000004
1 0.334375 0.04062500000000004 0.3234375 0.04062500000000004 0.3234375 0.06406250000000005 0.334375 0.06406250000000005
1 0.35 0.03906250000000004 0.3421875 0.03906250000000004 0.3421875 0.06562500000000004 0.35 0.06562500000000004
1 0.35625 0.042187500000000044 0.346875 0.042187500000000044 0.346875 0.06406250000000005 0.35625 0.06406250000000005
1 0.371875 0.05625000000000004 0.3625 0.05625000000000004 0.3625 0.07343750000000004 0.371875 0.07343750000000004
1 0.3796875 0.05468750000000004 0.3734375 0.05468750000000004 0.3734375 0.07187500000000005 0.3796875 0.07187500000000005
1 0.3859375 0.05625000000000004 0.378125 0.05625000000000004 0.378125 0.07343750000000004 0.3859375 0.07343750000000004
1 0.4078125 0.09843750000000004 0.3953125 0.09843750000000004 0.3953125 0.12343750000000005 0.4078125 0.12343750000000005
1 0.41875 0.09687500000000004 0.4078125 0.09687500000000004 0.4078125 0.12343750000000005 0.41875 0.12343750000000005
1 0.4296875 0.09843750000000004 0.41875 0.09843750000000004 0.41875 0.12343750000000005 0.4296875 0.12343750000000005
1 0.6578125 0.22656250000000008 0.640625 0.22656250000000008 0.640625 0.24375000000000008 0.6578125 0.24375000000000008
1 0.659375 0.2406250000000001 0.6421875 0.2406250000000001 0.6421875 0.2593750000000001 0.659375 0.2593750000000001
1 0.6578125 0.20312500000000008 0.6421875 0.20312500000000008 0.6421875 0.21875000000000008 0.6578125 0.21875000000000008
1 0.6625 0.18906250000000008 0.6453125 0.18906250000000008 0.6453125 0.2078125000000001 0.6625 0.2078125000000001
1 0.4515625 0.3421875000000001 0.440625 0.3421875000000001 0.440625 0.3687500000000001 0.4515625 0.3687500000000001
1 0.4625 0.3453125000000001 0.4515625 0.3453125000000001 0.4515625 0.3703125000000001 0.4625 0.3703125000000001
1 0.4765625 0.33281250000000007 0.4703125 0.33281250000000007 0.4703125 0.3500000000000001 0.4765625 0.3500000000000001
1 0.4046875 0.4203125 0.3937500000000001 0.4203125 0.3937500000000001 0.4453125 0.4046875 0.4453125
1 0.4140625 0.4203125 0.4015625 0.4203125 0.4015625 0.446875 0.4140625 0.446875
1 0.43125 0.421875 0.4234375 0.421875 0.4234375 0.4453125 0.43125 0.4453125
1 0.4421875 0.4203125 0.428125 0.4203125 0.428125 0.446875 0.4421875 0.446875
1 0.4625 0.421875 0.453125 0.421875 0.453125 0.4453125 0.4625 0.4453125
1 0.471875 0.4203125 0.4609375 0.4203125 0.4609375 0.446875 0.471875 0.446875
1 0.4515625 0.4265625 0.4453125 0.4265625 0.4453125 0.4421875 0.4515625 0.4421875
1 0.45 0.4390625 0.4421875 0.4390625 0.4421875 0.446875 0.45 0.446875
2 0.484375 0.33281250000000007 0.4765625 0.33281250000000007 0.4765625 0.3468750000000001 0.484375 0.3468750000000001
1 0.7828125 0.41406250000000017 0.7703125 0.41406250000000017 0.7703125 0.44062500000000016 0.7828125 0.44062500000000016
1 0.7921875 0.4156250000000002 0.78125 0.4156250000000002 0.78125 0.44062500000000016 0.7921875 0.44062500000000016
1 0.80625 0.41718750000000016 0.7984375 0.41718750000000016 0.7984375 0.4390625000000002 0.80625 0.4390625000000002
1 0.8140625 0.41406250000000017 0.803125 0.41406250000000017 0.803125 0.4421875000000002 0.8140625 0.4421875000000002
1 0.8265625 0.4312500000000002 0.81875 0.4312500000000002 0.81875 0.4468750000000002 0.8265625 0.4468750000000002
1 0.8359375 0.42968750000000017 0.8265625 0.42968750000000017 0.8265625 0.4468750000000002 0.8359375 0.4468750000000002
1 0.840625 0.4312500000000002 0.834375 0.4312500000000002 0.834375 0.44843750000000016 0.840625 0.44843750000000016
1 0.9859375 0.42187500000000017 0.9796875 0.42187500000000017 0.9796875 0.44531250000000017 0.9859375 0.44531250000000017
1 0.9984375 0.4203125000000002 0.984375 0.4203125000000002 0.984375 0.4468750000000002 0.9984375 0.4468750000000002
1 0.940625 0.2406250000000001 0.921875 0.2406250000000001 0.921875 0.2593750000000001 0.940625 0.2593750000000001
1 0.9390625 0.22656250000000008 0.921875 0.22656250000000008 0.921875 0.24218750000000008 0.9390625 0.24218750000000008
1 0.9390625 0.2078125000000001 0.9203125 0.2078125000000001 0.9203125 0.22656250000000008 0.9390625 0.22656250000000008
1 0.903125 0.959375 0.8859375 0.959375 0.8859375 0.9953125 0.903125 0.9953125
1 0.9171875 0.9640625 0.8984375 0.9640625 0.8984375 0.9953125 0.9171875 0.9953125
1 0.940625 0.9640625 0.925 0.9640625 0.925 1 0.940625 1
1 0.9765625 0.9609375 0.959375 0.9609375 0.959375 0.9953125 0.9765625 0.9953125
1 0.9890625 0.9625 0.9734375 0.9625 0.9734375 0.9953125 0.9890625 0.9953125
1 0.7984375000000001 0.8140625 0.7890625000000002 0.8140625 0.7890625000000002 0.8375 0.7984375000000001 0.8375
1 0.7593750000000001 0.7812500000000002 0.7484375000000002 0.7812500000000002 0.7484375000000002 0.8078125 0.7593750000000001 0.8078125
1 0.7484375000000002 0.7828125000000001 0.7328125000000002 0.7828125000000001 0.7328125000000002 0.8078125 0.7484375000000002 0.8078125
1 0.7609375000000002 0.815625 0.7531250000000002 0.815625 0.7531250000000002 0.8375 0.7609375000000002 0.8375
1 0.7703125000000002 0.8140625 0.7593750000000001 0.8140625 0.7593750000000001 0.8375 0.7703125000000002 0.8375
1 0.7781250000000002 0.8125 0.7671875000000001 0.8125 0.7671875000000001 0.8390625 0.7781250000000002 0.8390625
1 0.7875000000000002 0.815625 0.7781250000000002 0.815625 0.7781250000000002 0.840625 0.7875000000000002 0.840625
1 0.6203125000000002 0.7828125 0.6125000000000002 0.7828125 0.6125000000000002 0.80625 0.6203125000000002 0.80625
1 0.6234375000000002 0.8125 0.6093750000000002 0.8125 0.6093750000000002 0.8390625 0.6234375000000002 0.8390625
1 0.6218750000000002 0.75 0.6109375000000001 0.75 0.6109375000000001 0.7765625 0.6218750000000002 0.7765625
1 0.625 0.5953125 0.609375 0.5953125 0.609375 0.621875 0.625 0.621875
1 0.8609375 0.6578125000000001 0.85 0.6578125000000001 0.85 0.6828125000000002 0.8609375 0.6828125000000002
1 0.85 0.6578125000000001 0.8390625 0.6578125000000001 0.8390625 0.6828125000000002 0.85 0.6828125000000002
1 0.83125 0.6593750000000002 0.8203125 0.6593750000000002 0.8203125 0.6843750000000002 0.83125 0.6843750000000002
1 0.8203125 0.6578125000000001 0.8109375 0.6578125000000001 0.8109375 0.6828125000000002 0.8203125 0.6828125000000002
1 0.8109375 0.6578125000000001 0.8 0.6578125000000001 0.8 0.6828125000000002 0.8109375 0.6828125000000002
1 0.79375 0.6578125000000001 0.7859375 0.6578125000000001 0.7859375 0.6828125000000002 0.79375 0.6828125000000002
1 0.8015625 0.6578125000000001 0.7921875 0.6578125000000001 0.7921875 0.6828125000000002 0.8015625 0.6828125000000002
1 0.6203125 0.565625 0.6125 0.565625 0.6125 0.590625 0.6203125 0.590625
1 0.725 0.565625 0.7171875 0.565625 0.7171875 0.5890625 0.725 0.5890625
1 0.7328125 0.565625 0.721875 0.565625 0.721875 0.5906250000000001 0.7328125 0.5906250000000002
1 0.740625 0.5656250000000002 0.73125 0.5656250000000002 0.73125 0.5890625000000002 0.740625 0.5890625000000002
1 0.7546875 0.5656250000000002 0.746875 0.5656250000000002 0.746875 0.5906250000000002 0.7546875 0.5906250000000002
1 0.7640625 0.5640625000000001 0.753125 0.5640625000000001 0.753125 0.5890625000000002 0.7640625 0.5890625000000002
1 0.7734375 0.5640625000000001 0.7625 0.5640625000000001 0.7625 0.5906250000000002 0.7734375 0.5906250000000002
1 0.9625 0.7500000000000002 0.95 0.7500000000000002 0.95 0.7781250000000002 0.9625 0.7781250000000002
1 0.9484375 0.7515625000000001 0.9375 0.7515625000000001 0.9375 0.7765625000000002 0.9484375 0.7765625000000002
1 0.9328125 0.7515625000000001 0.921875 0.7515625000000001 0.921875 0.7765625000000002 0.9328125 0.7765625000000002
1 0.9203125 0.7500000000000002 0.9109375 0.7500000000000002 0.9109375 0.7781250000000002 0.9203125 0.7781250000000002
1 0.9125 0.7500000000000002 0.9 0.7500000000000002 0.9 0.7781250000000002 0.9125 0.7781250000000002
1 0.903125 0.7500000000000002 0.89375 0.7500000000000002 0.89375 0.7765625000000002 0.903125 0.7765625000000002
1 0.8953125 0.7531250000000002 0.8875 0.7531250000000002 0.8875 0.7750000000000001 0.8953125 0.7750000000000001
1 0.45625 0.10000000000000005 0.4453125 0.10000000000000005 0.4453125 0.12343750000000005 0.45625 0.12343750000000005