0 0.628125 0.575 0.40625 0.575 0.40625 0.6546875 0.628125 0.6546875
0 0.37968750000000007 0.4546875 0.28593750000000007 0.4546875 0.28593750000000007 0.575 0.37968750000000007 0.575
0 0.715625 0.004687500000000084 0.6578125 0.0046875000000000805 0.6578125 0.471875 0.715625 0.471875
0 0.68125 0.0031250000000000813 0.6515625 0.003125000000000079 0.6515625 0.3437500000000001 0.68125 0.3437500000000001
0 0.4 0.04218750000000004 0.290625 0.04218750000000003 0.290625 0.17656250000000004 0.4 0.17656250000000004
0 0.409375 0.010937500000000048 0.375 0.010937500000000048 0.375 0.12656250000000005 0.409375 0.12656250000000005
0 0.3765625 0.17343750000000005 0.2859375 0.17343750000000005 0.2859375 0.3453125 0.3765625 0.3453125000000001
0 0.37968750000000007 0.33125000000000004 0.2875 0.33125 0.28750000000000003 0.471875 0.37968750000000007 0.471875
0 0.5625 0.3828125000000001 0.4671875 0.3828125000000001 0.4671875 0.409375 0.5625 0.409375
0 0.5546875 0.46875 0.465625 0.46875 0.465625 0.5390625 0.5546875 0.5390625
0 0.9296875 0.06718750000000011 0.884375 0.06718750000000011 0.884375 0.1593750000000001 0.9296875 0.15937500000000013
0 0.7390625000000001 0.7125000000000001 0.696875 0.7125 0.6968750000000001 1 0.7390625000000002 1
0 0.3343750000000001 0.7375 0.2953125000000001 0.7375 0.2953125000000001 1 0.3343750000000001 1
2 0.2968750000000001 0.9265625 0.27031250000000007 0.9265625 0.27031250000000007 0.9578125 0.2968750000000001 0.9578125
1 0.2968750000000001 0.859375 0.27031250000000007 0.859375 0.27031250000000007 0.890625 0.2968750000000001 0.890625
1 0.2984375000000001 0.8875 0.27031250000000007 0.8875 0.27031250000000007 0.9140625 0.2984375000000001 0.9140625
1 0.2968750000000001 0.9078125 0.27031250000000007 0.9078125 0.27031250000000007 0.928125 0.2968750000000001 0.928125
1 0.7203125000000001 0.884375 0.6953125000000002 0.884375 0.6953125000000002 0.9109375 0.7203125000000001 0.9109375
1 0.7203125000000001 0.9109375 0.6953125000000002 0.9109375 0.6953125000000002 0.9328125 0.7203125000000001 0.9328125
1 0.5109375 0.5796875 0.496875 0.5796875 0.496875 0.61875 0.5109375 0.61875
1 0.528125 0.58125 0.5109375 0.58125 0.5109375 0.6171875 0.528125 0.6171875
1 0.5421875 0.478125 0.5296875 0.478125 0.5296875 0.5109375 0.5421875 0.5109375
1 0.5265625 0.4734375 0.5109375 0.4734375 0.5109375 0.5171875 0.5265625 0.5171875
1 0.5421875 0.3453125000000001 0.528125 0.3453125000000001 0.528125 0.37968750000000007 0.5421875 0.37968750000000007
2 0.4984375 0.3468750000000001 0.48125 0.3468750000000001 0.48125 0.3765625000000001 0.4984375 0.3765625000000001
1 0.5109375 0.3437500000000001 0.4953125 0.3437500000000001 0.4953125 0.3781250000000001 0.5109375 0.3781250000000001
1 0.5265625 0.3453125000000001 0.509375 0.3453125000000001 0.509375 0.3812500000000001 0.5265625 0.3812500000000001
1 0.69375 0.2312500000000001 0.671875 0.2312500000000001 0.671875 0.2500000000000001 0.69375 0.2500000000000001
1 0.6953125 0.21093750000000008 0.671875 0.21093750000000008 0.671875 0.2312500000000001 0.6953125 0.2312500000000001
1 0.65625 0.1687500000000001 0.6328125 0.1687500000000001 0.6328125 0.1921875000000001 0.65625 0.1921875000000001
1 0.6546875 0.1531250000000001 0.63125 0.1531250000000001 0.63125 0.17187500000000008 0.6546875 0.17187500000000008
2 0.5296875 0.11875000000000005 0.5078125 0.11875000000000005 0.5078125 0.15468750000000003 0.5296875 0.15468750000000003
1 0.5375 0.10781250000000005 0.5140625 0.10781250000000005 0.5140625 0.13750000000000004 0.5375 0.13750000000000004
1 0.5390625 0.08437500000000006 0.5171875 0.08437500000000006 0.5171875 0.11250000000000004 0.5390625 0.11250000000000004
1 0.296875 0.07656250000000003 0.2703125 0.07656250000000002 0.2703125 0.10312500000000005 0.296875 0.10312500000000005
1 0.2953125 0.10625000000000004 0.271875 0.10625000000000004 0.271875 0.12500000000000006 0.2953125 0.12500000000000006
1 0.3328125 0.05312500000000005 0.3171875 0.05312500000000005 0.3171875 0.09062500000000004 0.3328125 0.09062500000000004
1 0.346875 0.057812500000000044 0.33125 0.057812500000000044 0.33125 0.09375000000000004 0.346875 0.09375000000000004
2 0.3578125 0.05468750000000004 0.346875 0.05468750000000004 0.346875 0.07187500000000005 0.3578125 0.07187500000000005
1 0.2609375 0.225 0.2328125 0.225 0.2328125 0.2515625 0.2609375 0.2515625
1 0.2625 0.2015625 0.2359375 0.2015625 0.2359375 0.2265625 0.2625 0.2265625
1 0.296875 0.2625 0.271875 0.2625 0.271875 0.2859375 0.296875 0.2859375
1 0.2953125 0.246875 0.271875 0.246875 0.271875 0.26875 0.2953125 0.26875
1 0.2953125000000001 0.4 0.27031250000000007 0.4 0.27031250000000007 0.4234375 0.2953125000000001 0.4234375
1 0.2968750000000001 0.378125 0.27031250000000007 0.378125 0.27031250000000007 0.4046875 0.2968750000000001 0.4046875
1 0.2953125000000001 0.4796875 0.2718750000000001 0.4796875 0.2718750000000001 0.509375 0.2953125000000001 0.509375
1 0.2953125000000001 0.525 0.2718750000000001 0.525 0.2718750000000001 0.540625 0.2953125000000001 0.540625
1 0.29375000000000007 0.5078125 0.2718750000000001 0.5078125 0.2718750000000001 0.5296875 0.29375000000000007 0.5296875
1 0.5109375 0.4734375 0.4953125 0.4734375 0.4953125 0.5140625 0.5109375 0.5140625
1 0.9 0.10156250000000008 0.8765625 0.10156250000000008 0.8765625 0.13437500000000008 0.9 0.13437500000000008
1 0.903125 0.0875000000000001 0.88125 0.0875000000000001 0.88125 0.11250000000000009 0.903125 0.11250000000000009