0 0.5859375000000001 0.63125 0.559375 0.63125 0.5593750000000001 0.7859375 0.5859375000000002 0.7859375
0 0.3062500000000001 0.5609375 0.2656250000000001 0.5609375 0.2656250000000001 0.6296875 0.3062500000000001 0.6296875
0 0.2968750000000001 0.6 0.2500000000000001 0.6 0.2500000000000001 0.628125 0.2968750000000001 0.628125
0 0.453125 0.5953125 0.30156250000000007 0.5953125 0.30156250000000007 0.628125 0.453125 0.628125
0 0.453125 0.63125 0.3734375000000001 0.63125 0.3734375000000001 0.665625 0.453125 0.665625
0 0.47187500000000016 0.7453125 0.41406250000000017 0.7453125 0.41406250000000017 0.78125 0.47187500000000016 0.78125
0 0.3343750000000001 0.7453125 0.3062500000000001 0.7453125 0.3062500000000001 0.80625 0.3343750000000001 0.80625
0 0.4046875000000001 0.6796875 0.3937500000000001 0.6796875 0.3937500000000001 0.7359375 0.4046875000000002 0.7359375
0 0.46562500000000007 0.6671875 0.4515625 0.6671875 0.4515625000000001 0.7453125 0.4656250000000002 0.7453125
0 0.3375000000000001 0.7078125 0.2734375000000001 0.7078125 0.2734375000000001 0.73125 0.3375000000000001 0.73125
0 0.6093750000000001 0.6546875 0.59375 0.6546875 0.5937500000000001 0.771875 0.6093750000000002 0.771875
0 0.4828125 0.36562500000000003 0.34062500000000007 0.365625 0.34062500000000007 0.421875 0.4828125 0.421875
0 0.48125 0.4 0.3140625000000001 0.4 0.3140625000000001 0.4578125 0.48125 0.4578125
0 0.3218750000000001 0.4 0.27031250000000007 0.4 0.27031250000000007 0.4609375 0.3218750000000001 0.4609375
0 0.6109375 0.4015625 0.5 0.4015625 0.5 0.4796875 0.6109375 0.4796875
0 0.603125 0.4015625 0.50625 0.4015625 0.50625 0.446875 0.603125 0.446875
0 0.6421875 0.22812500000000008 0.6078125 0.22812500000000008 0.6078125 0.4046875 0.6421875 0.4046875
0 0.503125 0.2656250000000001 0.48125 0.2656250000000001 0.48125 0.3671875000000001 0.503125 0.3671875000000001
0 0.690625 0.2296875000000001 0.64375 0.2296875000000001 0.64375 0.3625000000000001 0.690625 0.3625000000000001
0 0.50625 0.24218750000000008 0.384375 0.24218750000000008 0.384375 0.2656250000000001 0.50625 0.2656250000000001
0 0.4984375 0.2171875000000001 0.4265625 0.2171875000000001 0.4265625 0.2640625000000001 0.4984375 0.2640625000000001
0 0.275 0.3515625 0.2515625 0.3515625 0.2515625 0.36875 0.2750000000000001 0.36875
0 0.30625 0.18437500000000004 0.25625 0.18437500000000004 0.25625 0.2296875 0.30625 0.2296875
0 0.3453125 0.2328125 0.321875 0.2328125 0.321875 0.2625 0.3453125 0.2625
0 0.2984375 0.284375 0.284375 0.284375 0.284375 0.29375 0.2984375 0.29375
0 0.2765625 0.2609375 0.25625 0.2609375 0.25625 0.2828125 0.2765625 0.2828125
0 0.7515625 0.3937500000000001 0.690625 0.3937500000000001 0.690625 0.4562500000000001 0.7515625 0.45625000000000016
0 0.778125 0.3609375000000001 0.753125 0.3609375000000001 0.753125 0.3968750000000001 0.778125 0.3968750000000001
0 0.815625 0.2406250000000001 0.7125 0.2406250000000001 0.7125 0.2828125000000001 0.815625 0.2828125000000001
1 0.2921875 0.17031250000000003 0.28125 0.17031250000000003 0.28125 0.18750000000000006 0.2921875 0.18750000000000006
1 0.3203125 0.2046875 0.309375 0.2046875 0.309375 0.225 0.3203125 0.225
1 0.3 0.17656250000000004 0.2890625 0.17656250000000004 0.2890625 0.19062500000000004 0.3 0.19062500000000004
1 0.4515625 0.20468750000000008 0.4421875 0.20468750000000008 0.4421875 0.2218750000000001 0.4515625 0.2218750000000001
1 0.4609375 0.2062500000000001 0.4515625 0.2062500000000001 0.4515625 0.2218750000000001 0.4609375 0.2218750000000001
1 0.265625 0.228125 0.253125 0.228125 0.253125 0.246875 0.265625 0.246875
1 0.2703125 0.2375 0.2625 0.2375 0.2625 0.2515625 0.2703125 0.2515625
1 0.3625 0.290625 0.353125 0.290625 0.353125 0.30625 0.3625 0.30625
1 0.3734375 0.29375000000000007 0.359375 0.29375 0.359375 0.30937500000000007 0.3734375 0.30937500000000007
1 0.3328125 0.275 0.3203125 0.275 0.3203125 0.2984375 0.3328125 0.2984375
1 0.340625 0.2875 0.3328125 0.2875 0.3328125 0.3015625 0.340625 0.3015625
1 0.3546875 0.284375 0.346875 0.284375 0.346875 0.3015625 0.3546875 0.3015625
1 0.2859375 0.209375 0.28125 0.209375 0.28125 0.221875 0.2859375 0.221875
1 0.284375 0.19843750000000004 0.2765625 0.19843750000000004 0.2765625 0.215625 0.284375 0.215625
1 0.3265625 0.2140625 0.31875 0.2140625 0.31875 0.2296875 0.3265625 0.2296875
1 0.3359375 0.21875 0.3296875 0.21875 0.3296875 0.240625 0.3359375 0.240625
1 0.30156250000000007 0.4203125 0.2921875000000001 0.4203125 0.2921875000000001 0.4375 0.30156250000000007 0.4375
1 0.4125 0.421875 0.4046875 0.421875 0.4046875 0.4390625 0.4125 0.4390625
1 0.4171875 0.3843750000000001 0.40625 0.3843750000000001 0.40625 0.4046875 0.4171875 0.4046875
1 0.41875 0.39531250000000007 0.4140625 0.39531250000000007 0.4140625 0.409375 0.41875 0.409375
1 0.2906250000000001 0.4109375 0.2828125000000001 0.4109375 0.2828125000000001 0.428125 0.2906250000000001 0.428125
1 0.28593750000000007 0.4015625 0.2796875000000001 0.4015625 0.2796875000000001 0.421875 0.28593750000000007 0.421875
1 0.27031250000000007 0.3859375 0.26250000000000007 0.3859375 0.26250000000000007 0.4015625 0.27031250000000007 0.4015625
1 0.2656250000000001 0.3765625 0.2578125000000001 0.3765625 0.2578125000000001 0.396875 0.2656250000000001 0.396875
1 0.4953125 0.3109375000000001 0.484375 0.3109375000000001 0.484375 0.3296875000000001 0.4953125 0.3296875000000001
1 0.546875 0.4046875 0.534375 0.4046875 0.534375 0.428125 0.546875 0.428125
1 0.553125 0.41875 0.546875 0.41875 0.546875 0.4296875 0.553125 0.4296875
1 0.559375 0.4359375 0.55 0.4359375 0.55 0.45625 0.559375 0.45625
2 0.5515625 0.475 0.540625 0.475 0.540625 0.4890625 0.5515625 0.4890625
1 0.5609375 0.471875 0.5515625 0.471875 0.5515625 0.4890625 0.5609375 0.4890625
1 0.56875 0.4734375 0.5625 0.4734375 0.5625 0.490625 0.56875 0.490625
1 0.5765625 0.471875 0.56875 0.471875 0.56875 0.490625 0.5765625 0.490625
1 0.5859375 0.475 0.575 0.475 0.575 0.490625 0.5859375 0.490625
1 0.5375 0.4828125 0.5296875 0.4828125 0.5296875 0.4984375 0.5375 0.4984375
1 0.5328125 0.471875 0.5234375 0.471875 0.5234375 0.490625 0.5328125 0.490625
1 0.546875 0.3515625000000001 0.5390625 0.3515625000000001 0.5390625 0.3734375000000001 0.546875 0.3734375000000001
1 0.5515625 0.2656250000000001 0.54375 0.2656250000000001 0.54375 0.2812500000000001 0.5515625 0.2812500000000001
1 0.5484375 0.2531250000000001 0.5375 0.2531250000000001 0.5375 0.2734375000000001 0.5484375 0.2734375000000001
1 0.628125 0.3187500000000001 0.615625 0.3187500000000001 0.615625 0.33281250000000007 0.628125 0.33281250000000007
1 0.6515625 0.2812500000000001 0.6390625 0.2812500000000001 0.6390625 0.29375000000000007 0.6515625 0.29375000000000007
1 0.653125 0.2734375000000001 0.646875 0.2734375000000001 0.646875 0.2812500000000001 0.653125 0.2812500000000001
1 0.6859375 0.3703125000000001 0.6796875 0.3703125000000001 0.6796875 0.3843750000000001 0.6859375 0.3843750000000001
1 0.68125 0.3578125000000001 0.671875 0.3578125000000001 0.671875 0.3781250000000001 0.68125 0.3781250000000001
1 0.721875 0.4203125 0.7125 0.4203125 0.7125 0.4375 0.721875 0.4375
1 0.70625 0.3921875000000001 0.696875 0.3921875000000001 0.696875 0.4109375 0.70625 0.4109375
1 0.7109375 0.4015625 0.7046875 0.4015625 0.7046875 0.415625 0.7109375 0.415625
1 0.7375 0.3375000000000001 0.73125 0.3375000000000001 0.73125 0.3578125000000001 0.7375 0.3578125000000001
1 0.74375 0.3453125000000001 0.7359375 0.3453125000000001 0.7359375 0.3593750000000001 0.74375 0.3593750000000001
1 0.7375 0.36406250000000007 0.73125 0.36406250000000007 0.73125 0.3812500000000001 0.7375 0.3812500000000001
1 0.7421875 0.3687500000000001 0.7359375 0.3687500000000001 0.7359375 0.3843750000000001 0.7421875 0.3843750000000001
1 0.7796875 0.3812500000000001 0.775 0.3812500000000001 0.775 0.3906250000000001 0.7796875 0.3906250000000001
1 0.7796875 0.3671875000000001 0.76875 0.3671875000000001 0.76875 0.3859375000000001 0.7796875 0.3859375000000001
1 0.6828125 0.30937500000000007 0.6734375 0.30937500000000007 0.6734375 0.3218750000000001 0.6828125 0.3218750000000001
1 0.7828125 0.24375000000000008 0.7734375 0.24375000000000008 0.7734375 0.26250000000000007 0.7828125 0.26250000000000007
1 0.8 0.2515625000000001 0.7921875 0.2515625000000001 0.7921875 0.2687500000000001 0.8 0.2687500000000001
1 0.809375 0.25468750000000007 0.8015625 0.25468750000000007 0.8015625 0.2734375000000001 0.809375 0.2734375000000001
1 0.81875 0.2609375000000001 0.8078125 0.2609375000000001 0.8078125 0.2750000000000001 0.81875 0.2750000000000001
1 0.4328125 0.2093750000000001 0.4234375 0.2093750000000001 0.4234375 0.2250000000000001 0.4328125 0.2250000000000001
2 0.4421875 0.21093750000000008 0.434375 0.21093750000000008 0.434375 0.22031250000000008 0.4421875 0.22031250000000008
2 0.4671875 0.20312500000000008 0.4609375 0.20312500000000008 0.4609375 0.2156250000000001 0.4671875 0.2156250000000001
1 0.3734375000000001 0.584375 0.36406250000000007 0.584375 0.36406250000000007 0.60625 0.3734375000000001 0.60625
1 0.2875000000000001 0.5484375 0.27812500000000007 0.5484375 0.27812500000000007 0.5671875 0.2875000000000001 0.5671875
1 0.2796875000000001 0.584375 0.2718750000000001 0.584375 0.2718750000000001 0.6 0.2796875000000001 0.6
1 0.28593750000000007 0.5875 0.2750000000000001 0.5875 0.2750000000000001 0.6015625 0.28593750000000007 0.6015625
2 0.2906250000000001 0.5859375 0.2843750000000001 0.5859375 0.2843750000000001 0.5984375 0.2906250000000001 0.5984375
1 0.4140625 0.625 0.40625 0.625 0.40625 0.64375 0.4140625 0.64375
2 0.41875 0.6328125 0.4125 0.6328125 0.4125 0.646875 0.41875 0.646875
1 0.8328125 0.4750000000000002 0.825 0.4750000000000002 0.825 0.4890625000000002 0.8328125 0.4890625000000002
1 0.8421875 0.4734375000000002 0.834375 0.4734375000000002 0.834375 0.48750000000000016 0.8421875 0.48750000000000016
1 0.85 0.4734375000000002 0.84375 0.4734375000000002 0.84375 0.48750000000000016 0.85 0.48750000000000016
2 0.853125 0.4828125000000002 0.85 0.4828125000000002 0.85 0.4890625000000002 0.853125 0.4890625000000002