0 0.7109375 0.3437500000000001 0.546875 0.3437500000000001 0.546875 0.3843750000000001 0.7109375 0.3843750000000001
0 0.33125 0.2171875 0.31875 0.2171875 0.31875 0.284375 0.33125 0.284375
1 0.3234375 0.2484375 0.309375 0.2484375 0.309375 0.2671875 0.3234375 0.2671875
1 0.3234375 0.2375 0.309375 0.2375 0.309375 0.2484375 0.3234375 0.2484375
1 0.3234375 0.2265625 0.309375 0.2265625 0.309375 0.240625 0.3234375 0.240625
0 0.3546875000000001 0.471875 0.27031250000000007 0.471875 0.27031250000000007 0.5109375 0.3546875000000001 0.5109375
0 0.3734375000000001 0.509375 0.3531250000000001 0.509375 0.3531250000000001 0.615625 0.3734375000000001 0.615625
1 0.3031250000000001 0.4828125 0.2921875000000001 0.4828125 0.2921875000000001 0.503125 0.3031250000000001 0.503125
1 0.3140625000000001 0.484375 0.3062500000000001 0.484375 0.3062500000000001 0.503125 0.3140625000000001 0.503125
1 0.3234375000000001 0.4828125 0.3140625000000001 0.4828125 0.3140625000000001 0.503125 0.3234375000000001 0.503125
1 0.36406250000000007 0.5875 0.3500000000000001 0.5875 0.3500000000000001 0.6 0.36406250000000007 0.6
1 0.3656250000000001 0.5765625 0.3500000000000001 0.5765625 0.3500000000000001 0.590625 0.3656250000000001 0.590625
1 0.3906250000000001 0.453125 0.3765625000000001 0.453125 0.3765625000000001 0.465625 0.3906250000000001 0.465625
1 0.3921875000000001 0.44375 0.3781250000000001 0.44375 0.3781250000000001 0.4546875 0.3921875000000001 0.4546875
2 0.4109375 0.4859375 0.3984375000000001 0.4859375 0.3984375000000001 0.4984375 0.4109375 0.4984375
1 0.4109375 0.475 0.3968750000000001 0.475 0.3968750000000001 0.4875 0.4109375 0.4875
1 0.4125 0.4671875 0.3968750000000001 0.4671875 0.3968750000000001 0.478125 0.4125 0.478125
0 0.453125 0.5375 0.428125 0.5375 0.428125 0.5828125 0.453125 0.5828125
1 0.3921875000000001 0.5375 0.3765625000000001 0.5375 0.3765625000000001 0.55 0.3921875000000001 0.55
1 0.3921875000000001 0.5296875 0.3781250000000001 0.5296875 0.3781250000000001 0.5421875 0.3921875000000001 0.5421875
1 0.3906250000000001 0.521875 0.3781250000000001 0.521875 0.3781250000000001 0.5328125 0.3906250000000001 0.5328125
1 0.3906250000000001 0.5109375 0.3781250000000001 0.5109375 0.3781250000000001 0.521875 0.3906250000000001 0.521875
1 0.3906250000000001 0.503125 0.3765625000000001 0.503125 0.3765625000000001 0.509375 0.3906250000000001 0.509375
1 0.3890625000000001 0.496875 0.3781250000000001 0.496875 0.3781250000000001 0.503125 0.3890625000000001 0.503125
1 0.3906250000000001 0.4875 0.3765625000000001 0.4875 0.3765625000000001 0.496875 0.3906250000000001 0.496875
1 0.3906250000000001 0.48125 0.3765625000000001 0.48125 0.3765625000000001 0.4875 0.3906250000000001 0.4875
1 0.3890625000000001 0.4703125 0.3781250000000001 0.4703125 0.3781250000000001 0.48125 0.3890625000000001 0.48125
1 0.2609375000000001 0.625 0.2468750000000001 0.625 0.2468750000000001 0.6375 0.2609375000000001 0.6375
1 0.26250000000000007 0.615625 0.2484375000000001 0.615625 0.2484375000000001 0.6296875 0.26250000000000007 0.6296875
1 0.2593750000000001 0.7203125 0.2484375000000001 0.7203125 0.2484375000000001 0.73125 0.2593750000000001 0.73125
1 0.2609375000000001 0.7109375 0.2484375000000001 0.7109375 0.2484375000000001 0.721875 0.2609375000000001 0.721875
1 0.2593750000000001 0.7 0.2484375000000001 0.7 0.2484375000000001 0.7109375 0.2593750000000001 0.7109375
1 0.2593750000000001 0.6875 0.2484375000000001 0.6875 0.2484375000000001 0.7015625 0.2593750000000001 0.7015625
1 0.2593750000000001 0.675 0.2484375000000001 0.675 0.2484375000000001 0.6859375 0.2593750000000001 0.6859375
1 0.2609375000000001 0.6671875 0.2484375000000001 0.6671875 0.2484375000000001 0.678125 0.2609375000000001 0.678125
1 0.2609375000000001 0.6578125 0.2484375000000001 0.6578125 0.2484375000000001 0.66875 0.2609375000000001 0.66875
1 0.26250000000000007 0.646875 0.2468750000000001 0.646875 0.2468750000000001 0.6578125 0.26250000000000007 0.6578125
1 0.2796875000000001 0.6921875 0.2671875000000001 0.6921875 0.2671875000000001 0.7015625 0.2796875000000001 0.7015625
1 0.2796875000000001 0.68125 0.2671875000000001 0.68125 0.2671875000000001 0.690625 0.2796875000000001 0.690625
1 0.2812500000000001 0.7140625 0.2687500000000001 0.7140625 0.2687500000000001 0.728125 0.2812500000000001 0.728125
1 0.2812500000000001 0.7296875 0.2671875000000001 0.7296875 0.2671875000000001 0.74375 0.2812500000000001 0.74375
0 0.3359375000000001 0.6265625 0.2906250000000001 0.6265625 0.2906250000000001 0.6640625 0.3359375000000001 0.6640625
1 0.3062500000000001 0.6390625 0.2984375000000001 0.6390625 0.2984375000000001 0.6578125 0.3062500000000001 0.6578125
1 0.3140625000000001 0.6390625 0.3062500000000001 0.6390625 0.3062500000000001 0.6578125 0.3140625000000001 0.6578125
0 0.3593750000000001 0.6640625 0.3375000000000001 0.6640625 0.3375000000000001 0.7640625 0.3593750000000001 0.7640625
1 0.34843750000000007 0.7140625 0.3359375000000001 0.7140625 0.3359375000000001 0.7265625 0.34843750000000007 0.7265625
1 0.3500000000000001 0.703125 0.3359375000000001 0.703125 0.3359375000000001 0.715625 0.3500000000000001 0.715625
2 0.2718750000000001 0.6703125 0.2671875000000001 0.6703125 0.2671875000000001 0.6796875 0.2718750000000001 0.6796875
1 0.32500000000000007 0.6390625 0.3140625000000001 0.6390625 0.3140625000000001 0.659375 0.32500000000000007 0.659375
0 0.2906250000000001 0.6328125 0.27812500000000007 0.6328125 0.27812500000000007 0.6671875 0.2906250000000001 0.6671875
0 0.2906250000000001 0.6703125 0.27812500000000007 0.6703125 0.27812500000000007 0.7484375 0.2906250000000001 0.7484375
0 0.3734375000000001 0.6640625 0.35625000000000007 0.6640625 0.35625000000000007 0.9125 0.3734375000000001 0.9125
0 0.4796875 0.6234375 0.4 0.6234375 0.4 0.6578125 0.4796875 0.6578125
0 0.5015625 0.625 0.4796875 0.625 0.4796875 0.7109375 0.5015625 0.7109375
0 0.4828125000000001 0.70625 0.4 0.70625 0.4000000000000001 0.7484375 0.4828125000000002 0.7484375
0 0.5062500000000002 0.7484375 0.4828125000000002 0.7484375 0.4828125000000002 0.8515625 0.5062500000000002 0.8515625
2 0.4546875 0.6359375 0.44375 0.6359375 0.44375 0.65625 0.4546875 0.65625
1 0.44375 0.6375 0.434375 0.6375 0.434375 0.65625 0.44375 0.65625
1 0.434375 0.6359375 0.4265625 0.6359375 0.4265625 0.6546875 0.434375 0.6546875
1 0.49375 0.6625 0.48125 0.6625 0.48125 0.675 0.49375 0.675
1 0.3921875000000001 0.58125 0.3765625000000001 0.58125 0.3765625000000001 0.5953125 0.3921875000000001 0.5953125
1 0.3906250000000001 0.571875 0.3765625000000001 0.571875 0.3765625000000001 0.584375 0.3906250000000001 0.584375
1 0.3906250000000001 0.5609375 0.3781250000000001 0.5609375 0.3781250000000001 0.571875 0.3906250000000001 0.571875
1 0.3921875000000001 0.553125 0.3781250000000001 0.553125 0.3781250000000001 0.5609375 0.3921875000000001 0.5609375
1 0.3921875000000001 0.746875 0.3781250000000001 0.746875 0.3781250000000001 0.759375 0.3921875000000001 0.759375
1 0.3921875000000001 0.734375 0.3781250000000001 0.734375 0.3781250000000001 0.75 0.3921875000000001 0.75
1 0.3921875000000001 0.7265625 0.3781250000000001 0.7265625 0.3781250000000001 0.7375 0.3921875000000001 0.7375
1 0.3921875000000001 0.715625 0.3781250000000001 0.715625 0.3781250000000001 0.728125 0.3921875000000001 0.728125
1 0.3906250000000001 0.70625 0.3781250000000001 0.70625 0.3781250000000001 0.7171875 0.3906250000000001 0.7171875
2 0.3859375000000001 0.696875 0.3812500000000001 0.696875 0.3812500000000001 0.70625 0.3859375000000001 0.70625
1 0.3921875000000001 0.690625 0.37968750000000007 0.690625 0.37968750000000007 0.7 0.3921875000000001 0.7
1 0.3921875000000001 0.6765625 0.3781250000000001 0.6765625 0.3781250000000001 0.6921875 0.3921875000000001 0.6921875
1 0.2609375000000001 0.74375 0.2484375000000001 0.74375 0.2484375000000001 0.7546875 0.2609375000000001 0.7546875
1 0.2609375000000001 0.734375 0.2500000000000001 0.734375 0.2500000000000001 0.7453125 0.2609375000000001 0.7453125
1 0.2609375000000001 0.8125 0.2484375000000001 0.8125 0.2484375000000001 0.828125 0.2609375000000001 0.828125
1 0.26250000000000007 0.8015625 0.2500000000000001 0.8015625 0.2500000000000001 0.8109375 0.26250000000000007 0.8109375
1 0.26250000000000007 0.790625 0.2500000000000001 0.790625 0.2500000000000001 0.803125 0.26250000000000007 0.803125
2 0.2593750000000001 0.7828125 0.2515625000000001 0.7828125 0.2515625000000001 0.790625 0.2593750000000001 0.790625
1 0.26250000000000007 0.7703125 0.2484375000000001 0.7703125 0.2484375000000001 0.78125 0.26250000000000007 0.78125
1 0.2609375000000001 0.759375 0.2500000000000001 0.759375 0.2500000000000001 0.771875 0.2609375000000001 0.771875
1 0.3921875000000001 0.7765625 0.37968750000000007 0.7765625 0.37968750000000007 0.790625 0.3921875000000001 0.790625
1 0.3921875000000001 0.7671875 0.37968750000000007 0.7671875 0.37968750000000007 0.7796875 0.3921875000000001 0.7796875
1 0.3921875000000001 0.759375 0.37968750000000007 0.759375 0.37968750000000007 0.76875 0.3921875000000001 0.76875
1 0.3921875000000001 0.7890625 0.37968750000000007 0.7890625 0.37968750000000007 0.803125 0.3921875000000001 0.803125
1 0.3937500000000001 0.828125 0.37968750000000007 0.828125 0.37968750000000007 0.8453125 0.3937500000000001 0.8453125
1 0.3921875000000001 0.815625 0.37968750000000007 0.815625 0.37968750000000007 0.8296875 0.3921875000000001 0.8296875
1 0.3921875000000001 0.80625 0.37968750000000007 0.80625 0.37968750000000007 0.81875 0.3921875000000001 0.81875
1 0.3921875000000001 0.846875 0.37968750000000007 0.846875 0.37968750000000007 0.8578125 0.3921875000000001 0.8578125
1 0.3937500000000001 0.8640625 0.3843750000000001 0.8640625 0.3843750000000001 0.875 0.3937500000000001 0.875
1 0.3921875000000001 0.8828125 0.37968750000000007 0.8828125 0.37968750000000007 0.896875 0.3921875000000001 0.896875
1 0.3937500000000001 0.8765625 0.3843750000000001 0.8765625 0.3843750000000001 0.8875 0.3937500000000001 0.8875
0 0.4031250000000002 0.9140625 0.3828125000000001 0.9140625 0.3828125000000001 0.9703125 0.4031250000000002 0.9703125
1 0.3937500000000001 0.9015625 0.3812500000000001 0.9015625 0.3812500000000001 0.915625 0.3937500000000001 0.915625
1 0.3937500000000001 0.8953125 0.3843750000000001 0.8953125 0.3843750000000001 0.90625 0.3937500000000001 0.90625
1 0.3656250000000001 0.8109375 0.3531250000000001 0.8109375 0.3531250000000001 0.8234375 0.3656250000000001 0.8234375
1 0.3656250000000001 0.8 0.3531250000000001 0.8 0.3531250000000001 0.8125 0.3656250000000001 0.8125
1 0.2609375000000001 0.8328125 0.2515625000000001 0.8328125 0.2515625000000001 0.8484375 0.2609375000000001 0.8484375
1 0.26250000000000007 0.865625 0.2484375000000001 0.865625 0.2484375000000001 0.8796875 0.26250000000000007 0.8796875
1 0.26250000000000007 0.8578125 0.2515625000000001 0.8578125 0.2515625000000001 0.8671875 0.26250000000000007 0.8671875
1 0.26250000000000007 0.8484375 0.2531250000000001 0.8484375 0.2531250000000001 0.859375 0.26250000000000007 0.859375
1 0.2718750000000001 0.878125 0.2578125000000001 0.878125 0.2578125000000001 0.89375 0.2718750000000001 0.89375
1 0.27812500000000007 0.8890625 0.2656250000000001 0.8890625 0.2656250000000001 0.9015625 0.27812500000000007 0.9015625
0 0.2906250000000001 0.875 0.2718750000000001 0.875 0.2718750000000001 0.90625 0.2906250000000001 0.90625
1 0.2828125000000001 0.8953125 0.2718750000000001 0.8953125 0.2718750000000001 0.9078125 0.2828125000000001 0.9078125
0 0.2750000000000001 0.9234375 0.2593750000000001 0.9234375 0.2593750000000001 0.9796875 0.2750000000000001 0.9796875
2 0.25468750000000007 0.9234375 0.2500000000000001 0.9234375 0.2500000000000001 0.934375 0.25468750000000007 0.934375
2 0.25468750000000007 0.9546875 0.2484375000000001 0.9546875 0.2484375000000001 0.9703125 0.25468750000000007 0.9703125
1 0.2578125000000001 0.94375 0.2468750000000001 0.94375 0.2468750000000001 0.9546875 0.2578125000000001 0.9546875
1 0.2593750000000001 0.934375 0.2484375000000001 0.934375 0.2484375000000001 0.95 0.2593750000000001 0.95
2 0.3312500000000001 0.9796875 0.3218750000000001 0.9796875 0.3218750000000001 0.9984375 0.3312500000000001 0.9984375
1 0.3000000000000001 0.978125 0.2890625000000001 0.978125 0.2890625000000001 0.9984375 0.3000000000000001 0.9984375
1 0.3109375000000001 0.978125 0.3031250000000001 0.978125 0.3031250000000001 0.996875 0.3109375000000001 0.996875
1 0.3187500000000001 0.9796875 0.30937500000000007 0.9796875 0.30937500000000007 0.9984375 0.3187500000000001 0.9984375
0 0.3453125000000001 0.959375 0.2843750000000001 0.959375 0.2843750000000001 0.9859375 0.3453125000000001 0.9859375
2 0.3031250000000001 0.978125 0.30156250000000007 0.978125 0.30156250000000007 0.984375 0.3031250000000001 0.984375
0 0.3750000000000001 0.9109375 0.3546875000000001 0.9109375 0.3546875000000001 0.959375 0.3750000000000001 0.959375
2 0.3812500000000001 0.9515625 0.3750000000000001 0.9515625 0.3750000000000001 0.965625 0.3812500000000001 0.965625
1 0.3843750000000001 0.9328125 0.3687500000000001 0.9328125 0.3687500000000001 0.9484375 0.3843750000000001 0.9484375
1 0.3843750000000001 0.925 0.3734375000000001 0.925 0.3734375000000001 0.9390625 0.3843750000000001 0.9390625
2 0.37968750000000007 0.9171875 0.3750000000000001 0.9171875 0.3750000000000001 0.925 0.37968750000000007 0.925
1 0.3671875000000001 0.934375 0.3546875000000001 0.934375 0.3546875000000001 0.9453125 0.3671875000000001 0.9453125
1 0.3671875000000001 0.9234375 0.3546875000000001 0.9234375 0.3546875000000001 0.9359375 0.3671875000000001 0.9359375
1 0.3906250000000001 0.6375 0.3781250000000001 0.6375 0.3781250000000001 0.6546875 0.3906250000000001 0.6546875
1 0.3921875000000001 0.6265625 0.3812500000000001 0.6265625 0.3812500000000001 0.6390625 0.3921875000000001 0.6390625
1 0.3921875000000001 0.6171875 0.3781250000000001 0.6171875 0.3781250000000001 0.6265625 0.3921875000000001 0.6265625
1 0.3921875000000001 0.60625 0.3781250000000001 0.60625 0.3781250000000001 0.61875 0.3921875000000001 0.61875
1 0.3921875000000001 0.5953125 0.37968750000000007 0.5953125 0.37968750000000007 0.609375 0.3921875000000001 0.609375
1 0.4593750000000001 0.71875 0.4484375 0.71875 0.4484375000000001 0.7375 0.4593750000000002 0.7375
1 0.4375000000000001 0.71875 0.428125 0.71875 0.4281250000000001 0.7390625 0.43750000000000017 0.7390625
1 0.4484375000000001 0.71875 0.440625 0.71875 0.4406250000000001 0.7375 0.44843750000000016 0.7375
2 0.4421875 0.7171875 0.4375 0.7171875 0.4375 0.725 0.4421875 0.725
1 0.4937500000000002 0.81875 0.4812500000000002 0.81875 0.4812500000000002 0.8296875 0.4937500000000002 0.8296875
1 0.49531250000000016 0.8078125 0.4812500000000002 0.8078125 0.4812500000000002 0.81875 0.49531250000000016 0.81875
0 0.47656250000000017 0.8671875 0.42500000000000016 0.8671875 0.42500000000000016 0.89375 0.47656250000000017 0.89375
1 0.45625000000000016 0.8765625 0.4421875000000002 0.8765625 0.4421875000000002 0.8921875 0.45625000000000016 0.8921875
1 0.45625000000000016 0.8796875 0.44843750000000016 0.8796875 0.44843750000000016 0.89375 0.45625000000000016 0.89375
0 0.5031250000000002 0.89375 0.47968750000000016 0.89375 0.47968750000000016 0.9515625 0.5031250000000002 0.9515625
1 0.4968750000000002 0.925 0.4812500000000002 0.925 0.4812500000000002 0.9359375 0.4968750000000002 0.9359375
1 0.49531250000000016 0.9140625 0.4812500000000002 0.9140625 0.4812500000000002 0.9265625 0.49531250000000016 0.9265625
0 0.47187500000000016 0.971875 0.4109375000000002 0.971875 0.4109375000000002 0.996875 0.47187500000000016 0.996875
1 0.43281250000000016 0.9671875 0.42500000000000016 0.9671875 0.42500000000000016 0.9859375 0.43281250000000016 0.9859375
1 0.4421875000000002 0.965625 0.43281250000000016 0.965625 0.43281250000000016 0.9828125 0.4421875000000002 0.9828125
2 0.42968750000000017 0.9890625 0.4203125000000002 0.9890625 0.4203125000000002 1 0.42968750000000017 1
1 0.44062500000000016 0.9890625 0.43281250000000016 0.9890625 0.43281250000000016 1 0.44062500000000016 1
1 0.44843750000000016 0.9890625 0.4421875000000002 0.9890625 0.4421875000000002 1 0.44843750000000016 1
2 0.46093750000000017 0.990625 0.4500000000000002 0.990625 0.4500000000000002 1 0.46093750000000017 1
0 0.46406250000000016 0.95 0.4234375000000002 0.95 0.4234375000000002 0.971875 0.46406250000000016 0.971875
2 0.4390625000000002 0.878125 0.43281250000000016 0.878125 0.43281250000000016 0.8859375 0.4390625000000002 0.8859375
1 0.4500000000000002 0.875 0.43750000000000017 0.875 0.43750000000000017 0.8890625 0.4500000000000002 0.8890625
1 0.284375 0.028125000000000032 0.2703125 0.028125000000000032 0.2703125 0.040625000000000036 0.284375 0.040625000000000036
1 0.284375 0.020312500000000032 0.2734375 0.020312500000000032 0.2734375 0.031250000000000035 0.284375 0.031250000000000035
1 0.2828125 0.012500000000000034 0.2734375 0.012500000000000034 0.2734375 0.021875000000000033 0.2828125 0.021875000000000033
1 0.284375 0.003125000000000034 0.2734375 0.003125000000000033 0.2734375 0.012500000000000034 0.284375 0.012500000000000034
1 0.284375 0.046875000000000035 0.275 0.046875000000000035 0.275 0.06250000000000004 0.284375 0.06250000000000004
1 0.284375 0.03750000000000003 0.2734375 0.03750000000000003 0.2734375 0.048437500000000036 0.284375 0.048437500000000036
1 0.284375 0.07812500000000003 0.2703125 0.07812500000000003 0.2703125 0.09218750000000003 0.284375 0.09218750000000005
1 0.2828125 0.07031250000000004 0.2734375 0.07031250000000004 0.2734375 0.08125000000000004 0.2828125 0.08125000000000004
1 0.284375 0.06093750000000005 0.2734375 0.06093750000000005 0.2734375 0.07343750000000004 0.284375 0.07343750000000004
1 0.284375 0.14531250000000004 0.275 0.14531250000000004 0.275 0.15937500000000004 0.284375 0.15937500000000004
1 0.284375 0.13593750000000004 0.275 0.13593750000000004 0.275 0.14531250000000004 0.284375 0.14531250000000004
1 0.284375 0.12343750000000005 0.2734375 0.12343750000000005 0.2734375 0.13593750000000004 0.284375 0.13593750000000004
1 0.2828125 0.11406250000000004 0.2734375 0.11406250000000004 0.2734375 0.12500000000000006 0.2828125 0.12500000000000006
1 0.284375 0.10468750000000004 0.2734375 0.10468750000000004 0.2734375 0.11406250000000004 0.284375 0.11406250000000004
1 0.2984375 0.16875000000000004 0.284375 0.16875000000000004 0.284375 0.17968750000000006 0.2984375 0.17968750000000006
1 0.2984375 0.15937500000000004 0.2875 0.15937500000000004 0.2875 0.16875000000000004 0.2984375 0.16875000000000004
1 0.2984375 0.15156250000000004 0.2875 0.15156250000000004 0.2875 0.16093750000000004 0.2984375 0.16093750000000004
1 0.2984375 0.14062500000000006 0.2875 0.14062500000000006 0.2875 0.15156250000000004 0.2984375 0.15156250000000004
1 0.296875 0.13125000000000003 0.2859375 0.13125000000000003 0.2859375 0.14218750000000005 0.296875 0.14218750000000005
1 0.296875 0.12031250000000004 0.2859375 0.12031250000000004 0.2859375 0.13281250000000006 0.296875 0.13281250000000006
1 0.296875 0.11406250000000004 0.2859375 0.11406250000000004 0.2859375 0.12343750000000005 0.296875 0.12343750000000005
1 0.296875 0.10781250000000005 0.2875 0.10781250000000005 0.2875 0.11562500000000005 0.296875 0.11562500000000005
1 0.296875 0.09843750000000004 0.2859375 0.09843750000000004 0.2859375 0.10937500000000004 0.296875 0.10937500000000004
1 0.2984375 0.017187500000000036 0.2859375 0.017187500000000033 0.2859375 0.031250000000000035 0.2984375 0.031250000000000035
1 0.296875 0.007812500000000036 0.2859375 0.007812500000000036 0.2859375 0.018750000000000037 0.296875 0.018750000000000037
1 0.296875 3.5782648662586727e-17 0.2875 3.5208595475486407e-17 0.2875 0.009375000000000036 0.296875 0.009375000000000036
1 0.2984375 0.04218750000000003 0.2859375 0.04218750000000003 0.2859375 0.057812500000000044 0.2984375 0.057812500000000044
1 0.2984375 0.031250000000000035 0.2875 0.031250000000000035 0.2875 0.04218750000000003 0.2984375 0.04218750000000003
1 0.296875 0.07656250000000005 0.2859375 0.07656250000000005 0.2859375 0.08593750000000004 0.296875 0.08593750000000004
1 0.296875 0.06718750000000004 0.2875 0.06718750000000004 0.2875 0.07656250000000005 0.296875 0.07656250000000005
1 0.2984375 0.05625000000000004 0.2875 0.05625000000000004 0.2875 0.06562500000000004 0.2984375 0.06562500000000004
2 0.3 0.06562500000000004 0.296875 0.06562500000000004 0.296875 0.07187500000000005 0.3 0.07187500000000005
1 0.2859375 0.17656250000000004 0.271875 0.17656250000000004 0.271875 0.18750000000000006 0.2859375 0.18750000000000006
1 0.284375 0.16875000000000004 0.275 0.16875000000000004 0.275 0.17656250000000004 0.284375 0.17656250000000004
1 0.2828125 0.15937500000000004 0.275 0.15937500000000004 0.275 0.16875000000000004 0.2828125 0.16875000000000004
1 0.2984375 0.17968750000000006 0.2875 0.17968750000000006 0.2875 0.18906250000000005 0.2984375 0.18906250000000005
1 0.2984375 0.2125 0.2875 0.2125 0.2875 0.225 0.2984375 0.225
1 0.2984375 0.2015625 0.2875 0.2015625 0.2875 0.2125 0.2984375 0.2125
1 0.284375 0.2046875 0.275 0.2046875 0.275 0.2140625 0.284375 0.2140625
1 0.284375 0.19687500000000005 0.275 0.19687500000000005 0.275 0.20625 0.284375 0.20625
1 0.284375 0.18906250000000005 0.275 0.18906250000000005 0.275 0.19687500000000005 0.284375 0.19687500000000005
1 0.284375 0.3125 0.275 0.3125 0.275 0.31875 0.284375 0.31875
1 0.2859375 0.303125 0.275 0.303125 0.275 0.3125 0.2859375 0.3125
1 0.284375 0.29375 0.275 0.29375 0.275 0.303125 0.284375 0.303125
1 0.2859375 0.2875 0.275 0.2875 0.275 0.29375 0.2859375 0.29375
1 0.2859375 0.278125 0.2734375 0.278125 0.2734375 0.2875 0.2859375 0.2875
1 0.284375 0.26875 0.275 0.26875 0.275 0.2796875 0.284375 0.2796875
1 0.2859375 0.259375 0.275 0.259375 0.275 0.2671875 0.2859375 0.2671875
1 0.284375 0.2484375 0.275 0.2484375 0.275 0.259375 0.284375 0.259375
1 0.284375 0.2390625 0.275 0.2390625 0.275 0.2484375 0.284375 0.2484375
1 0.2859375 0.228125 0.275 0.228125 0.275 0.2390625 0.2859375 0.2390625
1 0.296875 0.275 0.2890625 0.275 0.2890625 0.2859375 0.296875 0.2859375
1 0.2984375 0.26875 0.2875 0.26875 0.2875 0.278125 0.2984375 0.278125
1 0.3 0.2578125 0.2890625 0.2578125 0.2890625 0.2671875 0.3 0.2671875
1 0.2984375 0.246875 0.2875 0.246875 0.2875 0.259375 0.2984375 0.259375
1 0.296875 0.234375 0.2859375 0.234375 0.2859375 0.2484375 0.296875 0.2484375
1 0.284375 0.31875 0.271875 0.31875 0.271875 0.3328125 0.284375 0.3328125
1 0.3 0.3234375 0.2890625 0.3234375 0.2890625 0.334375 0.3 0.334375
1 0.2984375 0.315625 0.2890625 0.315625 0.2890625 0.325 0.2984375 0.325
1 0.2984375 0.3046875 0.2875 0.3046875 0.2875 0.315625 0.2984375 0.315625
1 0.2984375 0.2953125 0.2859375 0.2953125 0.2859375 0.3046875 0.2984375 0.3046875
1 0.2984375 0.2875 0.2890625 0.2875 0.2890625 0.2953125 0.2984375 0.2953125
0 0.5546875 0.6859375 0.5328125 0.6859375 0.5328125 0.725 0.5546875 0.725
0 0.6203125 0.6859375 0.5546875 0.6859375 0.5546875000000001 0.7265625 0.6203125000000002 0.7265625
0 0.5546875 0.609375 0.5359375 0.609375 0.5359375 0.684375 0.5546875 0.684375
0 0.6609375 0.5796875 0.5484375 0.5796875 0.5484375 0.6109375 0.6609375 0.6109375
0 0.7109375 0.5609375 0.5484375 0.5609375 0.5484375 0.5796875 0.7109375 0.5796875
0 0.7796875 0.5562500000000001 0.70625 0.55625 0.70625 0.6109375000000001 0.7796875 0.6109375000000001
0 0.803125 0.6109375000000001 0.7796875 0.6109375000000001 0.7796875 0.6859375000000002 0.803125 0.6859375000000002
0 0.7781250000000001 0.7140625 0.7078125 0.7140625 0.7078125000000001 0.7562500000000001 0.7781250000000002 0.7562500000000002
1 0.5156250000000002 0.7484375 0.5015625000000001 0.7484375 0.5015625000000001 0.7671875 0.5156250000000002 0.7671875
1 0.5156250000000002 0.7421875 0.5062500000000002 0.7421875 0.5062500000000002 0.75 0.5156250000000002 0.75
1 0.5156250000000002 0.7296875 0.5046875000000002 0.7296875 0.5046875000000002 0.740625 0.5156250000000002 0.740625
1 0.5265625000000002 0.728125 0.5156250000000002 0.728125 0.5156250000000002 0.7390625 0.5265625000000002 0.7390625
1 0.5140625000000001 0.7203125 0.5046875 0.7203125 0.5046875000000001 0.73125 0.5140625000000002 0.73125
1 0.5281250000000001 0.715625 0.515625 0.715625 0.5156250000000001 0.7296875 0.5281250000000002 0.7296875
1 0.515625 0.7125 0.5046875 0.7125 0.5046875 0.721875 0.515625 0.721875
1 0.515625 0.7 0.5046875 0.7 0.5046875 0.7125 0.515625 0.7125
1 0.5140625 0.6921875 0.5046875 0.6921875 0.5046875 0.7 0.5140625 0.7
1 0.5265625 0.7109375 0.515625 0.7109375 0.515625 0.71875 0.5265625 0.71875
1 0.528125 0.6984375 0.5140625 0.6984375 0.5140625 0.7109375 0.528125 0.7109375
1 0.5140625 0.5953125 0.5015625 0.5953125 0.5015625 0.60625 0.5140625 0.60625
1 0.5171875 0.5859375 0.5015625 0.5859375 0.5015625 0.596875 0.5171875 0.596875
1 0.5125 0.621875 0.5015625 0.621875 0.5015625 0.63125 0.5125 0.63125
1 0.5140625 0.6125 0.5015625 0.6125 0.5015625 0.6234375 0.5140625 0.6234375
1 0.5140625 0.6671875 0.503125 0.6671875 0.503125 0.6828125 0.5140625 0.6828125
1 0.515625 0.6546875 0.5015625 0.6546875 0.5015625 0.665625 0.515625 0.665625
1 0.5140625 0.6453125 0.5015625 0.6453125 0.5015625 0.6546875 0.5140625 0.6546875
1 0.5265625 0.6109375 0.515625 0.6109375 0.515625 0.621875 0.5265625 0.621875
1 0.5265625 0.6015625 0.515625 0.6015625 0.515625 0.6125 0.5265625 0.6125
1 0.5296875 0.6828125 0.515625 0.6828125 0.515625 0.6921875 0.5296875 0.6921875
1 0.528125 0.671875 0.515625 0.671875 0.515625 0.68125 0.528125 0.68125
1 0.5296875 0.659375 0.515625 0.659375 0.515625 0.671875 0.5296875 0.671875
1 0.528125 0.6515625 0.5171875 0.6515625 0.5171875 0.659375 0.528125 0.659375
1 0.528125 0.640625 0.515625 0.640625 0.515625 0.65 0.528125 0.65
1 0.5421875 0.65 0.5296875 0.65 0.5296875 0.6671875 0.5421875 0.6671875
1 0.5421875 0.640625 0.5296875 0.640625 0.5296875 0.6515625 0.5421875 0.6515625
1 0.5421875 0.6296875 0.5296875 0.6296875 0.5296875 0.6390625 0.5421875 0.6390625
1 0.6046875 0.590625 0.596875 0.590625 0.596875 0.6109375 0.6046875 0.6109375
1 0.615625 0.590625 0.60625 0.590625 0.60625 0.609375 0.615625 0.609375
1 0.6203125 0.725 0.6109375 0.725 0.6109375000000001 0.74375 0.6203125000000002 0.74375
2 0.5750000000000002 0.734375 0.5687500000000002 0.734375 0.5687500000000002 0.74375 0.5750000000000002 0.74375
1 0.5843750000000001 0.7234375 0.575 0.7234375 0.5750000000000001 0.7421875 0.5843750000000002 0.7421875
1 0.5921875000000001 0.725 0.584375 0.725 0.5843750000000001 0.7421875 0.5921875000000002 0.7421875
2 0.5984375000000002 0.728125 0.5937500000000002 0.728125 0.5937500000000002 0.7390625 0.5984375000000002 0.7390625
1 0.6093750000000001 0.7234375 0.5984375 0.7234375 0.5984375000000001 0.74375 0.6093750000000002 0.74375
2 0.6140625000000001 0.721875 0.609375 0.721875 0.6093750000000001 0.73125 0.6140625000000002 0.73125
1 0.6859375 0.5703125 0.675 0.5703125 0.675 0.5890625 0.6859375 0.5890625
1 0.690625 0.571875 0.6828125 0.571875 0.6828125 0.590625 0.690625 0.590625
1 0.74375 0.5703125000000002 0.7359375 0.5703125000000002 0.7359375 0.5890625000000002 0.74375 0.5890625000000002
1 0.7515625 0.5687500000000002 0.74375 0.5687500000000002 0.74375 0.5890625000000002 0.7515625 0.5890625000000002
1 0.7921875 0.6484375000000002 0.78125 0.6484375000000002 0.78125 0.6656250000000001 0.7921875 0.6656250000000001
1 0.7921875 0.6375000000000002 0.78125 0.6375000000000002 0.78125 0.6484375000000002 0.7921875 0.6484375000000002
1 0.79375 0.6265625000000001 0.78125 0.6265625000000001 0.78125 0.6390625000000002 0.79375 0.6390625000000002
1 0.6671875000000002 0.7390625 0.6578125000000001 0.7390625 0.6578125000000001 0.7484375 0.6671875000000002 0.7484375
1 0.6671875000000002 0.7265625 0.6578125000000001 0.7265625 0.6578125000000001 0.740625 0.6671875000000002 0.740625
1 0.6671875 0.7203125 0.6578125 0.7203125 0.6578125000000001 0.7296875 0.6671875000000002 0.7296875
1 0.66875 0.7109375 0.6578125 0.7109375 0.6578125 0.7203125 0.66875 0.7203125
1 0.66875 0.7 0.6546875 0.7 0.6546875 0.7109375 0.66875 0.7109375
1 0.6671875 0.6921875 0.65625 0.6921875 0.65625 0.7015625 0.6671875 0.7015625
1 0.6812500000000001 0.790625 0.6703125000000002 0.790625 0.6703125000000002 0.80625 0.6812500000000001 0.80625
1 0.6812500000000001 0.7796875 0.6703125000000002 0.7796875 0.6703125000000002 0.7890625 0.6812500000000001 0.7890625
1 0.6796875000000002 0.76875 0.6703125000000002 0.76875 0.6703125000000002 0.778125 0.6796875000000002 0.778125
1 0.6812500000000001 0.759375 0.6703125000000002 0.759375 0.6703125000000002 0.7703125 0.6812500000000001 0.7703125
1 0.6812500000000001 0.75 0.6703125000000002 0.75 0.6703125000000002 0.75625 0.6812500000000001 0.75625
1 0.6796875000000002 0.7390625 0.6703125000000002 0.7390625 0.6703125000000002 0.7484375 0.6796875000000002 0.7484375
1 0.6859375000000002 0.728125 0.6718750000000002 0.728125 0.6718750000000002 0.7421875 0.6859375000000002 0.7421875
1 0.6687500000000002 0.7875 0.6578125000000001 0.7875 0.6578125000000001 0.7953125 0.6687500000000002 0.7953125
1 0.6671875000000002 0.778125 0.6578125000000001 0.778125 0.6578125000000001 0.7875 0.6671875000000002 0.7875
1 0.6671875000000002 0.7671875 0.6578125000000001 0.7671875 0.6578125000000001 0.7765625 0.6671875000000002 0.7765625
1 0.6687500000000002 0.7578125 0.6593750000000002 0.7578125 0.6593750000000002 0.76875 0.6687500000000002 0.76875
1 0.6812500000000001 0.8171875 0.6687500000000002 0.8171875 0.6687500000000002 0.828125 0.6812500000000001 0.828125
1 0.6812500000000001 0.8375 0.6718750000000002 0.8375 0.6718750000000002 0.846875 0.6812500000000001 0.846875
1 0.6828125000000002 0.828125 0.6718750000000002 0.828125 0.6718750000000002 0.8375 0.6828125000000002 0.8375
1 0.6671875000000002 0.84375 0.6546875000000002 0.84375 0.6546875000000002 0.8578125 0.6671875000000002 0.8578125
1 0.6671875000000002 0.8328125 0.6593750000000002 0.8328125 0.6593750000000002 0.84375 0.6671875000000002 0.84375
1 0.6687500000000002 0.8234375 0.6593750000000002 0.8234375 0.6593750000000002 0.834375 0.6687500000000002 0.834375
1 0.6671875000000002 0.815625 0.6578125000000001 0.815625 0.6578125000000001 0.825 0.6671875000000002 0.825
1 0.6671875000000002 0.8078125 0.6593750000000002 0.8078125 0.6593750000000002 0.815625 0.6671875000000002 0.815625
1 0.6671875000000002 0.7953125 0.6578125000000001 0.7953125 0.6578125000000001 0.8078125 0.6671875000000002 0.8078125
1 0.6953125000000002 0.809375 0.6843750000000002 0.809375 0.6843750000000002 0.828125 0.6953125000000002 0.828125
1 0.6968750000000001 0.796875 0.6843750000000002 0.796875 0.6843750000000002 0.809375 0.6968750000000001 0.809375
1 0.6968750000000001 0.7875 0.6843750000000002 0.7875 0.6843750000000002 0.7984375 0.6968750000000001 0.7984375
0 0.7078125000000002 0.7671875 0.6906250000000002 0.7671875 0.6906250000000002 0.84375 0.7078125000000002 0.84375
0 0.7984375000000001 0.8859375 0.7078125000000002 0.8859375 0.7078125000000002 0.921875 0.7984375000000001 0.921875
0 0.828125 0.9296875 0.8109375 0.9296875 0.8109375 0.9984375 0.828125 0.9984375
0 0.7093750000000002 0.934375 0.6921875000000002 0.934375 0.6921875000000002 0.9953125 0.7093750000000002 0.9953125
1 0.6687500000000002 0.9171875 0.6593750000000002 0.9171875 0.6593750000000002 0.925 0.6687500000000002 0.925
1 0.6687500000000002 0.9078125 0.6578125000000001 0.9078125 0.6578125000000001 0.91875 0.6687500000000002 0.91875
1 0.6687500000000002 0.9 0.6578125000000001 0.9 0.6578125000000001 0.9078125 0.6687500000000002 0.9078125
1 0.6687500000000002 0.8921875 0.6546875000000002 0.8921875 0.6546875000000002 0.9015625 0.6687500000000002 0.9015625
1 0.6687500000000002 0.88125 0.6578125000000001 0.88125 0.6578125000000001 0.890625 0.6687500000000002 0.890625
1 0.6812500000000001 0.9609375 0.6718750000000002 0.9609375 0.6718750000000002 0.975 0.6812500000000001 0.975
1 0.6812500000000001 0.95 0.6718750000000002 0.95 0.6718750000000002 0.9609375 0.6812500000000001 0.9609375
1 0.6812500000000001 0.940625 0.6718750000000002 0.940625 0.6718750000000002 0.9515625 0.6812500000000001 0.9515625
1 0.6812500000000001 0.93125 0.6718750000000002 0.93125 0.6718750000000002 0.9390625 0.6812500000000001 0.9390625
1 0.6812500000000001 0.921875 0.6718750000000002 0.921875 0.6718750000000002 0.9296875 0.6812500000000001 0.9296875
1 0.6812500000000001 0.9125 0.6703125000000002 0.9125 0.6703125000000002 0.921875 0.6812500000000001 0.921875
1 0.6859375000000002 0.8984375 0.6703125000000002 0.8984375 0.6703125000000002 0.9125 0.6859375000000002 0.9125
1 0.6984375000000002 0.9421875 0.6843750000000002 0.9421875 0.6843750000000002 0.9546875 0.6984375000000002 0.9546875
2 0.6968750000000001 0.975 0.6843750000000002 0.975 0.6843750000000002 0.9875 0.6968750000000001 0.9875
1 0.6984375000000002 0.965625 0.6859375000000002 0.965625 0.6859375000000002 0.975 0.6984375000000002 0.975
1 0.6968750000000001 0.95625 0.6843750000000002 0.95625 0.6843750000000002 0.96875 0.6968750000000001 0.96875
1 0.6828125000000002 0.9875 0.6687500000000002 0.9875 0.6687500000000002 0.9984375 0.6828125000000002 0.9984375
1 0.6687500000000002 0.9921875 0.6578125000000001 0.9921875 0.6578125000000001 1 0.6687500000000002 1
1 0.6687500000000002 0.9828125 0.6593750000000002 0.9828125 0.6593750000000002 0.9921875 0.6687500000000002 0.9921875
1 0.6687500000000002 0.975 0.6593750000000002 0.975 0.6593750000000002 0.9828125 0.6687500000000002 0.9828125
1 0.6687500000000002 0.9625 0.6593750000000002 0.9625 0.6593750000000002 0.9734375 0.6687500000000002 0.9734375
1 0.6687500000000002 0.9546875 0.6578125000000001 0.9546875 0.6578125000000001 0.9640625 0.6687500000000002 0.9640625
1 0.6687500000000002 0.94375 0.6578125000000001 0.94375 0.6578125000000001 0.953125 0.6687500000000002 0.953125
1 0.6687500000000002 0.9265625 0.6578125000000001 0.9265625 0.6578125000000001 0.9359375 0.6687500000000002 0.9359375
1 0.7546875000000002 0.8984375 0.7453125000000002 0.8984375 0.7453125000000002 0.915625 0.7546875000000002 0.915625
1 0.7640625000000002 0.8984375 0.7562500000000002 0.8984375 0.7562500000000002 0.915625 0.7640625000000002 0.915625
1 0.7437500000000001 0.7265625000000002 0.7359375000000001 0.7265625000000002 0.7359375000000001 0.7437500000000001 0.7437500000000001 0.7437500000000001
1 0.7531250000000002 0.7265625000000002 0.7453125000000002 0.7265625000000002 0.7453125000000002 0.7453125000000002 0.7531250000000002 0.7453125000000002
1 0.540625 0.4703125 0.528125 0.4703125 0.528125 0.4875 0.540625 0.4875
1 0.5421875 0.4578125 0.528125 0.4578125 0.528125 0.46875 0.5421875 0.46875
1 0.5421875 0.4484375 0.5296875 0.4484375 0.5296875 0.4578125 0.5421875 0.4578125
0 0.55 0.43125 0.534375 0.43125 0.534375 0.503125 0.55 0.503125
1 0.5265625 0.5328125 0.5140625 0.5328125 0.5140625 0.54375 0.5265625 0.54375
1 0.5015625 0.5234375 0.4890625 0.5234375 0.4890625 0.5390625 0.5015625 0.5390625
1 0.5125 0.528125 0.5046875 0.528125 0.5046875 0.540625 0.5125 0.540625
1 0.5140625 0.51875 0.503125 0.51875 0.503125 0.5296875 0.5140625 0.5296875
1 0.5015625 0.515625 0.4921875 0.515625 0.4921875 0.525 0.5015625 0.525
1 0.5015625 0.50625 0.490625 0.50625 0.490625 0.5171875 0.5015625 0.5171875
1 0.5 0.4953125 0.4875 0.4953125 0.4875 0.50625 0.5 0.50625
1 0.503125 0.4875 0.4921875 0.4875 0.4921875 0.4953125 0.503125 0.4953125
1 0.5015625 0.478125 0.4921875 0.478125 0.4921875 0.4890625 0.5015625 0.4890625
1 0.5015625 0.4625 0.4921875 0.4625 0.4921875 0.4765625 0.5015625 0.4765625
1 0.5015625 0.4546875 0.490625 0.4546875 0.490625 0.4640625 0.5015625 0.4640625
1 0.5015625 0.44375 0.4921875 0.44375 0.4921875 0.453125 0.5015625 0.453125
1 0.503125 0.4328125 0.4921875 0.4328125 0.4921875 0.44375 0.503125 0.44375
1 0.5015625 0.4234375 0.4921875 0.4234375 0.4921875 0.4328125 0.5015625 0.4328125
1 0.5015625 0.4015625 0.490625 0.4015625 0.490625 0.4125 0.5015625 0.4125
1 0.5015625 0.3937500000000001 0.4921875 0.3937500000000001 0.4921875 0.403125 0.5015625 0.403125
1 0.5 0.3843750000000001 0.490625 0.3843750000000001 0.490625 0.3937500000000001 0.5 0.3937500000000001
1 0.5 0.3734375000000001 0.4890625 0.3734375000000001 0.4890625 0.3828125000000001 0.5 0.3828125000000001
1 0.5 0.36406250000000007 0.490625 0.36406250000000007 0.490625 0.3765625000000001 0.5 0.3765625000000001
1 0.5125 0.37187500000000007 0.503125 0.37187500000000007 0.503125 0.3828125000000001 0.5125 0.3828125000000001
1 0.5125 0.3625000000000001 0.503125 0.3625000000000001 0.503125 0.37187500000000007 0.5125 0.37187500000000007
2 0.496875 0.35625000000000007 0.49375 0.35625000000000007 0.49375 0.36406250000000007 0.496875 0.36406250000000007
1 0.5140625 0.3890625000000001 0.503125 0.3890625000000001 0.503125 0.4015625 0.5140625 0.4015625
2 0.503125 0.38750000000000007 0.5 0.38750000000000007 0.5 0.3968750000000001 0.503125 0.3968750000000001
1 0.5125 0.40625 0.503125 0.40625 0.503125 0.4171875 0.5125 0.4171875
1 0.5125 0.4 0.503125 0.4 0.503125 0.409375 0.5125 0.409375
1 0.5140625 0.4265625 0.503125 0.4265625 0.503125 0.4375 0.5140625 0.4375
1 0.5140625 0.4171875 0.503125 0.4171875 0.503125 0.4265625 0.5140625 0.4265625
1 0.5140625 0.4375 0.503125 0.4375 0.503125 0.4484375 0.5140625 0.4484375
1 0.5140625 0.4484375 0.503125 0.4484375 0.503125 0.4578125 0.5140625 0.4578125
1 0.5140625 0.459375 0.5046875 0.459375 0.5046875 0.4765625 0.5140625 0.4765625
1 0.5140625 0.4859375 0.503125 0.4859375 0.503125 0.496875 0.5140625 0.496875
1 0.5140625 0.4984375 0.5046875 0.4984375 0.5046875 0.509375 0.5140625 0.509375
1 0.5125 0.5078125 0.5046875 0.5078125 0.5046875 0.51875 0.5125 0.51875
2 0.5171875 0.484375 0.5125 0.484375 0.5125 0.4921875 0.5171875 0.4921875
2 0.503125 0.4984375 0.5015625 0.4984375 0.5015625 0.503125 0.503125 0.503125
1 0.5265625 0.31718750000000007 0.515625 0.31718750000000007 0.515625 0.3312500000000001 0.5265625 0.3312500000000001
1 0.5265625 0.3312500000000001 0.515625 0.3312500000000001 0.515625 0.34062500000000007 0.5265625 0.34062500000000007
1 0.528125 0.3500000000000001 0.5171875 0.3500000000000001 0.5171875 0.3593750000000001 0.528125 0.3593750000000001
1 0.528125 0.3421875000000001 0.5171875 0.3421875000000001 0.5171875 0.3500000000000001 0.528125 0.3500000000000001
1 0.5296875 0.38750000000000007 0.5171875 0.38750000000000007 0.5171875 0.4015625 0.5296875 0.4015625
1 0.5265625 0.3781250000000001 0.5171875 0.3781250000000001 0.5171875 0.3859375000000001 0.5265625 0.3859375000000001
1 0.5265625 0.3703125000000001 0.5171875 0.3703125000000001 0.5171875 0.37968750000000007 0.5265625 0.37968750000000007
1 0.5265625 0.3593750000000001 0.515625 0.3593750000000001 0.515625 0.3687500000000001 0.5265625 0.3687500000000001
1 0.5265625 0.4 0.515625 0.4 0.515625 0.409375 0.5265625 0.409375
1 0.5265625 0.428125 0.5171875 0.428125 0.5171875 0.4375 0.5265625 0.4375
1 0.5265625 0.4203125 0.515625 0.4203125 0.515625 0.428125 0.5265625 0.428125
1 0.525 0.4109375 0.5171875 0.4109375 0.5171875 0.41875 0.525 0.41875
1 0.5265625 0.525 0.515625 0.525 0.515625 0.5328125 0.5265625 0.5328125
1 0.5265625 0.515625 0.5140625 0.515625 0.5140625 0.525 0.5265625 0.525
1 0.5265625 0.50625 0.515625 0.50625 0.515625 0.5140625 0.5265625 0.5140625
1 0.5265625 0.5 0.515625 0.5 0.515625 0.50625 0.5265625 0.50625
1 0.5265625 0.49375 0.5171875 0.49375 0.5171875 0.5015625 0.5265625 0.5015625
1 0.525 0.4859375 0.5171875 0.4859375 0.5171875 0.49375 0.525 0.49375
1 0.528125 0.4765625 0.5171875 0.4765625 0.5171875 0.4859375 0.528125 0.4859375
1 0.5265625 0.4625 0.515625 0.4625 0.515625 0.475 0.5265625 0.475
1 0.5265625 0.4546875 0.515625 0.4546875 0.515625 0.4625 0.5265625 0.4625
1 0.525 0.44375 0.5171875 0.44375 0.5171875 0.453125 0.525 0.453125
1 0.5265625 0.4390625 0.5171875 0.4390625 0.5171875 0.4453125 0.5265625 0.4453125
1 0.6328125 0.3546875000000001 0.6234375 0.3546875000000001 0.6234375 0.3750000000000001 0.6328125 0.3750000000000001
1 0.6390625 0.35625000000000007 0.63125 0.35625000000000007 0.63125 0.3734375000000001 0.6390625 0.3734375000000001
2 0.5125 0.6359375 0.503125 0.6359375 0.503125 0.64375 0.5125 0.64375
2 0.5234375 0.6234375 0.51875 0.6234375 0.51875 0.634375 0.5234375 0.634375