0 0.12187500000000002 0.02031250000000001 0.0296875 0.020312500000000004 0.029687500000000012 0.20625 0.12187500000000004 0.20625
0 0.7015625 0.30937500000000007 0.5984375 0.30937500000000007 0.5984375 0.53125 0.7015625 0.53125
0 0.6046875 0.6328125 0.1218750000000001 0.6328125 0.12187500000000011 0.984375 0.6046875000000002 0.984375
0 0.6031250000000001 0.5296875 0.3312500000000001 0.5296875 0.3312500000000001 0.8765625 0.6031250000000001 0.8765625
0 0.3531250000000001 0.6140625 0.1281250000000001 0.6140625 0.1281250000000001 0.875 0.3531250000000001 0.875
0 0.14531250000000012 0.6328125 0.023437500000000076 0.6328125 0.0234375000000001 0.975 0.14531250000000012 0.975
0 0.0640625000000001 0.6375 0.015625000000000076 0.6375 0.015625000000000097 0.9703125 0.0640625000000001 0.9703125
0 0.24375000000000005 0.3234375 0.2203125 0.3234375 0.22031250000000005 0.515625 0.24375000000000008 0.515625
2 0.2140625000000001 0.43125 0.17968750000000006 0.43125 0.17968750000000006 0.4625 0.2140625000000001 0.4625
2 0.6578125 0.41875 0.6234375 0.41875 0.6234375 0.459375 0.6578125 0.459375
2 0.096875 1.042863289898918e-17 0.0734375 8.993499931238374e-18 0.0734375 0.025000000000000012 0.096875 0.025000000000000012
0 1 0.6343750000000001 0.7796875 0.6343750000000001 0.7796875000000001 0.7781250000000002 1 0.7781250000000002