0 0.365625 0.2828125 0.265625 0.2828125 0.265625 0.35781250000000003 0.365625 0.3578125000000001
0 0.7203125000000001 0.675 0.6765625 0.675 0.6765625000000001 0.7859375 0.7203125000000001 0.7859375
0 0.884375 0.14062500000000008 0.8375 0.14062500000000008 0.8375 0.3031250000000001 0.884375 0.3031250000000001
2 0.44375 0.31718750000000007 0.43125 0.31718750000000007 0.43125 0.3281250000000001 0.44375 0.3281250000000001
1 0.459375 0.3046875000000001 0.4453125 0.3046875000000001 0.4453125 0.33281250000000007 0.459375 0.33281250000000007
1 0.471875 0.30156250000000007 0.459375 0.30156250000000007 0.459375 0.3359375000000001 0.471875 0.3359375000000001
1 0.403125 0.3062500000000001 0.3859375 0.3062500000000001 0.3859375 0.3359375000000001 0.403125 0.3359375000000001
1 0.4140625 0.3046875000000001 0.4015625 0.3046875000000001 0.4015625 0.3359375000000001 0.4140625 0.3359375000000001
1 0.428125 0.3031250000000001 0.415625 0.3031250000000001 0.415625 0.3359375000000001 0.428125 0.3359375000000001
1 0.265625 0.06093750000000002 0.2515625 0.06093750000000002 0.2515625 0.09062500000000002 0.265625 0.09062500000000002
1 0.209375 0.050000000000000024 0.1890625 0.050000000000000024 0.1890625 0.09062500000000002 0.209375 0.09062500000000002
1 0.2359375 0.06093750000000002 0.221875 0.06093750000000002 0.221875 0.09218750000000002 0.2359375 0.09218750000000002
1 0.25 0.059375000000000025 0.2359375 0.059375000000000025 0.2359375 0.09218750000000002 0.25 0.09218750000000002
2 0.234375 0.04843750000000003 0.2234375 0.04843750000000002 0.2234375 0.059375000000000025 0.234375 0.059375000000000025
1 0.21875 0.059375000000000025 0.2046875 0.059375000000000025 0.2046875 0.09062500000000002 0.21875 0.09062500000000002
1 0.5765625 0.01562500000000007 0.553125 0.015625000000000066 0.553125 0.04687500000000007 0.5765625 0.04687500000000007
1 0.5265625 0.003125000000000063 0.5078125 0.0031250000000000626 0.5078125 0.04687500000000007 0.5265625 0.04687500000000007
1 0.540625 0.014062500000000066 0.521875 0.014062500000000066 0.521875 0.04531250000000007 0.540625 0.04531250000000007
1 0.55625 0.015625000000000066 0.5359375 0.015625000000000066 0.5359375 0.04531250000000007 0.55625 0.04531250000000007
2 0.859375 0.018750000000000107 0.853125 0.018750000000000107 0.853125 0.0312500000000001 0.859375 0.0312500000000001
1 0.8640625 1.0447768005225858e-16 0.8421875 1.0313822261569115e-16 0.8421875 0.015625000000000104 0.8640625 0.015625000000000104
1 0.8640625 0.07343750000000011 0.84375 0.07343750000000011 0.84375 0.10156250000000008 0.8640625 0.10156250000000008
1 0.865625 0.05937500000000011 0.8421875 0.05937500000000011 0.8421875 0.07656250000000012 0.865625 0.07656250000000012
1 0.8640625 0.04218750000000011 0.84375 0.0421875000000001 0.84375 0.06093750000000011 0.8640625 0.06093750000000011
1 0.7015625000000002 0.83125 0.6812500000000001 0.83125 0.6812500000000001 0.85 0.7015625000000002 0.85
1 0.7015625000000002 0.8125 0.6875000000000002 0.8125 0.6875000000000002 0.8328125 0.7015625000000002 0.8328125
1 0.7031250000000002 0.8546875 0.6781250000000002 0.8546875 0.6781250000000002 0.8890625 0.7031250000000002 0.8890625
1 0.7046875000000001 0.8890625 0.6796875000000002 0.8890625 0.6796875000000002 0.9078125 0.7046875000000001 0.9078125
2 0.6968750000000001 0.9109375 0.6921875000000002 0.9109375 0.6921875000000002 0.925 0.6968750000000001 0.925
1 0.7015625000000002 0.96875 0.6796875000000002 0.96875 0.6796875000000002 0.99375 0.7015625000000002 0.99375
1 0.7031250000000002 0.953125 0.6796875000000002 0.953125 0.6796875000000002 0.971875 0.7031250000000002 0.971875
1 0.7015625000000002 0.9359375 0.6812500000000001 0.9359375 0.6812500000000001 0.95625 0.7015625000000002 0.95625