0 0.7546875 0.2328125000000001 0.3859375 0.2328125000000001 0.3859375 0.3140625000000001 0.7546875 0.3140625000000001
0 0.7625 0.2140625000000001 0.4296875 0.2140625000000001 0.4296875 0.2531250000000001 0.7625 0.2531250000000001
0 0.459375 0.2328125000000001 0.3796875 0.2328125000000001 0.37968750000000007 0.3703125000000001 0.459375 0.3703125000000001
0 0.38750000000000007 0.23281250000000003 0.3359375 0.2328125 0.33593750000000006 0.37187500000000007 0.38750000000000007 0.37187500000000007
0 0.3625 0.13437500000000005 0.3296875 0.13437500000000005 0.3296875 0.2234375 0.3625 0.2234375
0 0.803125 0.1468750000000001 0.7625 0.1468750000000001 0.7625 0.2140625000000001 0.803125 0.2140625000000001
2 0.7953125 0.0390625000000001 0.709375 0.03906250000000009 0.709375 0.14062500000000008 0.7953125 0.14062500000000008
0 0.753125 0.09218750000000009 0.721875 0.09218750000000009 0.721875 0.1359375000000001 0.753125 0.1359375000000001
0 0.3453125 0.10781250000000005 0.3140625 0.10781250000000005 0.3140625 0.12187500000000004 0.3453125 0.12187500000000004
0 0.4328125 0.0046875000000000475 0.3375 0.0046875000000000415 0.3375 0.12343750000000005 0.4328125 0.12343750000000005
0 0.5390625 0.08281250000000005 0.421875 0.08281250000000004 0.421875 0.14062500000000006 0.5390625 0.14062500000000006
0 0.4609375 0.054687500000000056 0.39375 0.05468750000000004 0.39375 0.13906250000000003 0.4609375 0.13906250000000003
2 0.603125 0.10312500000000006 0.5140625 0.10312500000000005 0.5140625 0.14375000000000007 0.603125 0.1437500000000001
2 0.5484375 0.04375000000000006 0.4609375 0.04375000000000005 0.4609375 0.08593750000000007 0.5484375 0.08593750000000007
2 0.803125 0.004687500000000093 0.7140625 0.004687500000000087 0.7140625 0.04843750000000009 0.803125 0.0484375000000001
0 0.71875 0.3656250000000001 0.69375 0.3656250000000001 0.69375 0.4734375 0.71875 0.4734375
0 0.784375 0.47343750000000007 0.7171875 0.4734375 0.7171875 0.5296875000000001 0.784375 0.5296875000000002
0 0.7171875 0.515625 0.6796875 0.515625 0.6796875 0.56875 0.7171875 0.56875
2 0.69375 0.446875 0.6796875 0.446875 0.6796875 0.4625 0.69375 0.4625
2 0.684375 0.3843750000000001 0.678125 0.3843750000000001 0.678125 0.3937500000000001 0.684375 0.3937500000000001
2 0.6859375 0.3750000000000001 0.6796875 0.3750000000000001 0.6796875 0.3843750000000001 0.6859375 0.3843750000000001
2 0.3328125 0.18593750000000003 0.3171875 0.18593750000000003 0.3171875 0.19687500000000005 0.3328125 0.19687500000000005
1 0.3328125 0.16875000000000004 0.3171875 0.16875000000000004 0.3171875 0.18437500000000004 0.3328125 0.18437500000000004
1 0.33125 0.15937500000000004 0.3171875 0.15937500000000004 0.3171875 0.17343750000000005 0.33125 0.17343750000000005
1 0.425 0.33281250000000007 0.41875 0.33281250000000007 0.41875 0.3578125000000001 0.425 0.3578125000000001
1 0.43125 0.33281250000000007 0.4234375 0.33281250000000007 0.4234375 0.35625000000000007 0.43125 0.35625000000000007
1 0.446875 0.33281250000000007 0.4375 0.33281250000000007 0.4375 0.35625000000000007 0.446875 0.35625000000000007
1 0.4578125 0.3312500000000001 0.446875 0.3312500000000001 0.446875 0.3578125000000001 0.4578125 0.3578125000000001
1 0.4890625 0.26250000000000007 0.4796875 0.26250000000000007 0.4796875 0.2906250000000001 0.4890625 0.2906250000000001
1 0.4765625 0.2609375000000001 0.465625 0.2609375000000001 0.465625 0.2890625000000001 0.4765625 0.2890625000000001
1 0.559375 0.27812500000000007 0.5515625 0.27812500000000007 0.5515625 0.3031250000000001 0.559375 0.3031250000000001
1 0.565625 0.2796875000000001 0.55625 0.2796875000000001 0.55625 0.3031250000000001 0.565625 0.3031250000000001
1 0.571875 0.2796875000000001 0.5625 0.2796875000000001 0.5625 0.30156250000000007 0.571875 0.30156250000000007
1 0.584375 0.27812500000000007 0.578125 0.27812500000000007 0.578125 0.3031250000000001 0.584375 0.3031250000000001
1 0.5953125 0.2796875000000001 0.584375 0.2796875000000001 0.584375 0.3031250000000001 0.5953125 0.3031250000000001
1 0.5828125 0.2218750000000001 0.5765625 0.2218750000000001 0.5765625 0.24375000000000008 0.5828125 0.24375000000000008
1 0.5890625 0.22031250000000008 0.58125 0.22031250000000008 0.58125 0.24375000000000008 0.5890625 0.24375000000000008
1 0.5953125 0.21875000000000008 0.5859375 0.21875000000000008 0.5859375 0.24218750000000008 0.5953125 0.24218750000000008
1 0.6046875 0.2140625000000001 0.6015625 0.2140625000000001 0.6015625 0.23437500000000008 0.6046875 0.23437500000000008
1 0.6125 0.21875000000000008 0.6046875 0.21875000000000008 0.6046875 0.2328125000000001 0.6125 0.2328125000000001
1 0.790625 0.18906250000000008 0.7734375 0.18906250000000008 0.7734375 0.19531250000000008 0.790625 0.19531250000000008
1 0.790625 0.1781250000000001 0.7734375 0.1781250000000001 0.7734375 0.18750000000000008 0.790625 0.18750000000000008
1 0.7890625 0.15625000000000008 0.7734375 0.15625000000000008 0.7734375 0.1671875000000001 0.7890625 0.1671875000000001
1 0.6953125 0.434375 0.678125 0.434375 0.678125 0.4484375 0.6953125 0.4484375
1 0.69375 0.4234375 0.678125 0.4234375 0.678125 0.4359375 0.69375 0.4359375
1 0.7390625 0.4859375000000002 0.728125 0.4859375000000002 0.728125 0.5109375000000002 0.7390625 0.5109375000000002
1 0.7453125 0.4859375000000002 0.7375 0.4859375000000002 0.7375 0.5109375000000002 0.7453125 0.5109375000000002
1 0.759375 0.5000000000000002 0.753125 0.5000000000000002 0.753125 0.5156250000000002 0.759375 0.5156250000000002
1 0.7640625 0.5000000000000002 0.7578125 0.5000000000000002 0.7578125 0.5171875000000001 0.7640625 0.5171875000000001
1 0.76875 0.5000000000000002 0.7640625 0.5000000000000002 0.7640625 0.5171875000000001 0.76875 0.5171875000000001
1 0.3453125000000001 0.5953125 0.3375000000000001 0.5953125 0.3375000000000001 0.6171875 0.3453125000000001 0.6171875
1 0.3468750000000001 0.6359375 0.3375000000000001 0.6359375 0.3375000000000001 0.659375 0.3468750000000001 0.659375
1 0.34843750000000007 0.671875 0.3375000000000001 0.671875 0.3375000000000001 0.6984375 0.34843750000000007 0.6984375
1 0.34843750000000007 0.7125 0.3390625000000001 0.7125 0.3390625000000001 0.734375 0.34843750000000007 0.734375
1 0.4187500000000002 0.746875 0.4125000000000002 0.746875 0.4125000000000002 0.7703125 0.4187500000000002 0.7703125
1 0.4265625000000002 0.746875 0.41718750000000016 0.746875 0.41718750000000016 0.7703125 0.4265625000000002 0.7703125
1 0.4390625000000002 0.7453125 0.4281250000000002 0.7453125 0.4281250000000002 0.76875 0.4390625000000002 0.76875
1 0.521875 0.671875 0.5109375 0.671875 0.5109375 0.696875 0.521875 0.696875
1 0.5296875 0.6734375 0.5203125 0.6734375 0.5203125 0.6984375 0.5296875 0.6984375
1 0.5390625 0.6734375 0.5265625 0.6734375 0.5265625 0.696875 0.5390625 0.696875
1 0.5453125 0.6734375 0.5390625 0.6734375 0.5390625 0.6984375 0.5453125 0.6984375
1 0.5578125 0.671875 0.5484375 0.671875 0.5484375 0.6984375 0.5578125 0.6984375
1 0.5671875 0.6734375 0.55625 0.6734375 0.55625 0.6984375 0.5671875 0.6984375
1 0.6687500000000001 0.7109375 0.6609375 0.7109375 0.6609375000000001 0.7375 0.6687500000000002 0.7375
1 0.6765625000000001 0.709375 0.6671875 0.709375 0.6671875 0.734375 0.6765625000000002 0.734375
1 0.6828125 0.709375 0.6734375 0.709375 0.6734375000000001 0.7359375 0.6828125000000002 0.7359375
1 0.690625 0.7109375 0.68125 0.7109375 0.6812500000000001 0.7359375 0.6906250000000002 0.7359375
1 0.7015625000000001 0.7109375 0.6921875 0.7109375 0.6921875000000001 0.7359375 0.7015625000000002 0.7359375
1 0.7156250000000001 0.7109375 0.70625 0.7109375 0.70625 0.734375 0.7156250000000002 0.734375
1 0.7265625000000001 0.7109375000000001 0.715625 0.7109375 0.7156250000000001 0.7328125000000001 0.7265625000000002 0.7328125000000002
1 0.6140625000000002 0.84375 0.6046875000000002 0.84375 0.6046875000000002 0.8765625 0.6140625000000002 0.8765625
1 0.6296875000000002 0.84375 0.6156250000000002 0.84375 0.6156250000000002 0.875 0.6296875000000002 0.875
1 0.6437500000000002 0.8390625 0.6296875000000002 0.8390625 0.6296875000000002 0.878125 0.6437500000000002 0.878125
1 0.6531250000000002 0.84375 0.6406250000000002 0.84375 0.6406250000000002 0.875 0.6531250000000002 0.875
1 0.6687500000000002 0.840625 0.6593750000000002 0.840625 0.6593750000000002 0.878125 0.6687500000000002 0.878125
1 0.6781250000000002 0.840625 0.6640625000000002 0.840625 0.6640625000000002 0.875 0.6781250000000002 0.875
1 0.6953125000000002 0.84375 0.6796875000000002 0.84375 0.6796875000000002 0.875 0.6953125000000002 0.875
1 0.7046875000000001 0.840625 0.6937500000000002 0.840625 0.6937500000000002 0.8734375 0.7046875000000001 0.8734375
1 0.7250000000000002 0.84375 0.7093750000000002 0.84375 0.7093750000000002 0.875 0.7250000000000002 0.875
1 0.7375000000000002 0.840625 0.7234375000000002 0.840625 0.7234375000000002 0.8765625 0.7375000000000002 0.8765625
1 0.7453125000000002 0.84375 0.7359375000000001 0.84375 0.7359375000000001 0.8765625 0.7453125000000002 0.8765625
1 0.7984375000000001 0.9296875 0.7921875000000002 0.9296875 0.7921875000000002 0.953125 0.7984375000000001 0.953125
1 0.8078125 0.93125 0.8 0.93125 0.8 0.9546875 0.8078125 0.9546875
1 0.7562500000000002 0.928125 0.7468750000000002 0.928125 0.7468750000000002 0.9546875 0.7562500000000002 0.9546875
1 0.7656250000000002 0.928125 0.7562500000000002 0.928125 0.7562500000000002 0.9546875 0.7656250000000002 0.9546875
1 0.7437500000000001 0.9296875 0.7328125000000002 0.9296875 0.7328125000000002 0.9546875 0.7437500000000001 0.9546875
1 0.35625000000000007 0.5953125 0.34843750000000007 0.5953125 0.34843750000000007 0.61875 0.35625000000000007 0.61875
1 0.3656250000000001 0.5953125 0.35625000000000007 0.5953125 0.35625000000000007 0.61875 0.3656250000000001 0.61875
1 0.3781250000000001 0.5953125 0.3687500000000001 0.5953125 0.3687500000000001 0.61875 0.3781250000000001 0.61875
1 0.3859375000000001 0.596875 0.3781250000000001 0.596875 0.3781250000000001 0.6203125 0.3859375000000001 0.6203125
1 0.5484375 0.5953125 0.5421875 0.5953125 0.5421875 0.61875 0.5484375 0.61875
1 0.55625 0.5953125 0.5453125 0.5953125 0.5453125 0.6203125 0.55625 0.6203125
1 0.5671875 0.5953125 0.55625 0.5953125 0.55625 0.6203125 0.5671875 0.6203125
1 0.615625 0.596875 0.6078125 0.596875 0.6078125 0.6203125 0.615625 0.6203125
1 0.6234375 0.5953125 0.6140625 0.5953125 0.6140625 0.6171875 0.6234375 0.6171875
1 0.63125 0.5953125 0.6203125 0.5953125 0.6203125 0.6203125 0.63125 0.6203125
1 0.6390625 0.5953125 0.6296875 0.5953125 0.6296875 0.61875 0.6390625 0.61875
1 0.65 0.5953125 0.6390625 0.5953125 0.6390625 0.6171875 0.65 0.6171875
1 0.6640625 0.5953125 0.6546875 0.5953125 0.6546875 0.61875 0.6640625 0.61875
1 0.6734375 0.5953125 0.665625 0.5953125 0.665625 0.6203125 0.6734375 0.6203125
1 0.453125 0.671875 0.44375 0.671875 0.44375 0.696875 0.453125 0.696875
1 0.6875 0.07187500000000009 0.6765625 0.07187500000000009 0.6765625 0.09531250000000009 0.6875 0.09531250000000009
1 0.7 0.07031250000000008 0.6921875 0.07031250000000008 0.6921875 0.09531250000000009 0.7 0.09531250000000009
1 0.7078125 0.06875000000000009 0.6984375 0.06875000000000009 0.6984375 0.09531250000000009 0.7078125 0.09531250000000009
1 0.5859375 0.11718750000000008 0.575 0.11718750000000008 0.575 0.1437500000000001 0.5859375 0.1437500000000001
1 0.5734375 0.11718750000000008 0.5625 0.11718750000000008 0.5625 0.1437500000000001 0.5734375 0.1437500000000001
1 0.5296875 0.056250000000000064 0.5171875 0.056250000000000064 0.5171875 0.08281250000000007 0.5296875 0.08281250000000007
1 0.515625 0.057812500000000065 0.50625 0.057812500000000065 0.50625 0.08593750000000007 0.515625 0.08593750000000007
1 0.421875 0.07812500000000004 0.4125 0.07812500000000004 0.4125 0.10312500000000005 0.421875 0.10312500000000005
1 0.43125 0.06875000000000005 0.421875 0.06875000000000005 0.421875 0.09218750000000005 0.43125 0.09218750000000005
2 0.7125 0.07187500000000009 0.709375 0.07187500000000009 0.709375 0.08125000000000009 0.7125 0.08125000000000009
2 0.71875 0.07031250000000008 0.7125 0.07031250000000008 0.7125 0.07968750000000009 0.71875 0.07968750000000009
2 0.725 0.07187500000000009 0.71875 0.07187500000000009 0.71875 0.08125000000000009 0.725 0.08125000000000009
1 0.7953125 0.0171875000000001 0.7859375 0.017187500000000095 0.7859375 0.0421875000000001 0.7953125 0.0421875000000001
1 0.78125 0.017187500000000095 0.771875 0.017187500000000095 0.771875 0.0421875000000001 0.78125 0.0421875000000001
1 0.79375 0.1468750000000001 0.778125 0.1468750000000001 0.778125 0.1609375000000001 0.79375 0.1609375000000001