1 0.915625 0.85625 0.8859375 0.85625 0.8859375 0.90625 0.915625 0.90625
2 0.9453125 0.86875 0.91875 0.86875 0.91875 0.8984375 0.9453125 0.8984375
2 0.6921875 0.35625000000000007 0.640625 0.35625000000000007 0.640625 0.428125 0.6921875 0.428125
2 0.4640625 0.2218750000000001 0.4453125 0.2218750000000001 0.4453125 0.24218750000000008 0.4640625 0.24218750000000008
1 0.35 0.228125 0.3296875 0.228125 0.3296875 0.2703125 0.35 0.2703125
0 0.4578125 0.27343750000000006 0.2875 0.2734375 0.28750000000000003 0.4046875 0.4578125 0.4046875
2 0.3640625 0.25468750000000007 0.3546875 0.2546875 0.3546875 0.26875000000000004 0.3640625 0.2687500000000001
2 0.36875 0.21718750000000003 0.35 0.2171875 0.35 0.24218750000000006 0.36875 0.24218750000000008
2 0.3765625 0.25468750000000007 0.36875 0.25468750000000007 0.36875 0.2687500000000001 0.3765625 0.2687500000000001
2 0.3875 0.25468750000000007 0.38125 0.25468750000000007 0.38125 0.2718750000000001 0.3875 0.2718750000000001
1 0.2078125 0.12656250000000005 0.184375 0.12656250000000005 0.184375 0.17812500000000003 0.2078125 0.17812500000000003
2 0.2234375 0.12812500000000004 0.2109375 0.12812500000000004 0.2109375 0.15156250000000004 0.2234375 0.15156250000000004
1 0.1015625 0.1296875 0.08593750000000003 0.1296875 0.08593750000000003 0.175 0.1015625 0.175
2 0.1234375 0.1265625 0.1078125 0.1265625 0.1078125 0.1484375 0.1234375 0.1484375
2 0.128125 0.1625 0.11875 0.1625 0.11875 0.171875 0.128125 0.171875
2 0.1421875 0.1625 0.1328125 0.1625 0.1328125 0.1734375 0.1421875 0.1734375
2 0.1578125 0.1640625 0.1484375 0.1640625 0.1484375 0.175 0.1578125 0.175
2 0.26250000000000007 0.334375 0.2046875 0.334375 0.20468750000000005 0.4109375 0.26250000000000007 0.4109375
1 0.08593750000000003 0.13125 0.07031250000000003 0.13125 0.07031250000000003 0.1734375 0.08593750000000003 0.1734375
1 0.184375 0.13125000000000003 0.16875 0.13125 0.16875 0.17500000000000002 0.184375 0.17500000000000004
1 0.33125 0.2265625 0.309375 0.2265625 0.309375 0.26875 0.33125 0.26875
1 0.2109375 0.3171875 0.19531250000000006 0.3171875 0.19531250000000006 0.35 0.2109375 0.35
1 0.421875 0.2312500000000001 0.4015625 0.2312500000000001 0.4015625 0.27031250000000007 0.421875 0.27031250000000007
1 0.4421875 0.2312500000000001 0.4234375 0.2312500000000001 0.4234375 0.2750000000000001 0.4421875 0.2750000000000001
2 0.2171875 0.3375 0.203125 0.3375 0.203125 0.35625 0.2171875 0.35625
1 0.2390625 0.315625 0.2234375 0.315625 0.2234375 0.3546875 0.2390625 0.3546875
0 0.3000000000000001 0.425 0.2750000000000001 0.425 0.2750000000000001 0.5671875 0.3000000000000001 0.5671875
0 0.7484375 0.4296875000000001 0.634375 0.4296875 0.634375 0.5687500000000001 0.7484375 0.5687500000000002
0 0.18906250000000008 0.5828125 0.09375000000000007 0.5828125 0.09375000000000008 0.665625 0.18906250000000008 0.665625
0 0.58125 0.634375 0.08281250000000007 0.634375 0.0828125000000001 0.93125 0.5812500000000002 0.93125
0 0.4546875000000001 0.6375 0.08125000000000009 0.6375 0.0812500000000001 0.8265625 0.4546875000000002 0.8265625
2 0.1468750000000001 0.684375 0.0906250000000001 0.684375 0.0906250000000001 0.759375 0.1468750000000001 0.759375
0 0.09843750000000004 0.221875 2.71718508560819e-17 0.221875 3.539994653785318e-17 0.35625 0.09843750000000004 0.35625
0 0.3593750000000001 0.4234375 0.3296875000000001 0.4234375 0.3296875000000001 0.4765625 0.3593750000000001 0.4765625
0 0.6265625 0.5671875 0.4703125 0.5671875 0.4703125 0.7203125 0.6265625 0.7203125
0 1 0.6343750000000001 0.9015625 0.6343750000000001 0.9015625 0.7750000000000001 1 0.7750000000000001
1 0.27812500000000007 0.478125 0.2390625000000001 0.478125 0.2390625000000001 0.51875 0.27812500000000007 0.51875
1 0.27812500000000007 0.46875 0.2593750000000001 0.46875 0.2593750000000001 0.4859375 0.27812500000000007 0.4859375
1 0.6515625 0.3312500000000001 0.63125 0.3312500000000001 0.63125 0.3671875000000001 0.6515625 0.3671875000000001
1 0.6765625 0.3296875000000001 0.6546875 0.3296875000000001 0.6546875 0.3671875000000001 0.6765625 0.3671875000000001
1 0.7046875 0.46875 0.6640625 0.46875 0.6640625 0.51875 0.7046875 0.51875
1 0.4953125 0.615625 0.4734375 0.615625 0.4734375 0.6609375 0.4953125 0.6609375
1 0.515625 0.634375 0.496875 0.634375 0.496875 0.671875 0.515625 0.671875
1 0.27031250000000007 0.74375 0.2531250000000001 0.74375 0.2531250000000001 0.7828125 0.27031250000000007 0.7828125
1 0.2515625000000001 0.721875 0.2312500000000001 0.721875 0.2312500000000001 0.7703125 0.2515625000000001 0.7703125
1 0.2906250000000001 0.7203125 0.2734375000000001 0.7203125 0.2734375000000001 0.746875 0.2906250000000001 0.746875
1 0.3125000000000001 0.70625 0.2953125000000001 0.70625 0.2953125000000001 0.7453125 0.3125000000000001 0.7453125
1 0.34062500000000007 0.7046875 0.3203125000000001 0.7046875 0.3203125000000001 0.7453125 0.34062500000000007 0.7453125
1 0.05937500000000011 0.946875 0.03750000000000011 0.946875 0.03750000000000012 0.99375 0.05937500000000011 0.99375
1 0.3750000000000001 0.9453125 0.3546875000000001 0.9453125 0.3546875000000001 0.99375 0.3750000000000001 0.99375
1 0.3609375000000001 0.8359375 0.34062500000000007 0.8359375 0.34062500000000007 0.8765625 0.3609375000000001 0.8765625
1 0.37968750000000007 0.8515625 0.3656250000000001 0.8515625 0.3656250000000001 0.8859375 0.37968750000000007 0.8859375
1 0.9765625 0.8609375 0.9546875 0.8609375 0.9546875 0.9 0.9765625 0.9
1 1 0.8578125 0.990625 0.8578125 0.990625 0.9015625 1 0.9015625
2 0.9859375 0.8890625 0.9703125 0.8890625 0.9703125 0.9078125 0.9859375 0.9078125