0 0.9859375 0.6343750000000001 0.4203125 0.634375 0.4203125000000001 0.7437500000000001 0.9859375 0.7437500000000001
0 0.9828125 0.5843750000000001 0.671875 0.584375 0.671875 0.6625000000000001 0.9828125 0.6625000000000002
0 0.546875 0.27812500000000007 0.41875 0.27812500000000007 0.41875 0.3609375000000001 0.546875 0.3609375000000001
0 0.4203125 0.353125 0.3578125 0.353125 0.35781250000000003 0.640625 0.4203125 0.640625
1 0.3703125000000001 0.490625 0.3437500000000001 0.490625 0.3437500000000001 0.525 0.3703125000000001 0.525
1 0.490625 0.2484375000000001 0.475 0.2484375000000001 0.475 0.2828125000000001 0.490625 0.2828125000000001
2 0.6359375 0.3062500000000001 0.5734375 0.3062500000000001 0.5734375 0.3781250000000001 0.6359375 0.3781250000000001
1 0.6328125 0.2906250000000001 0.6046875 0.2906250000000001 0.6046875 0.3312500000000001 0.6328125 0.3312500000000001
1 0.8390625 0.5984375000000002 0.821875 0.5984375000000002 0.821875 0.6359375000000002 0.8390625 0.6359375000000002
2 0.6359375 0.6109375 0.5671875 0.6109375 0.5671875 0.6890625 0.6359375 0.6890625
1 0.6296875 0.6 0.60625 0.6 0.60625 0.6328125 0.6296875 0.6328125
1 0.70625 0.665625 0.6875 0.665625 0.6875 0.7109375 0.70625 0.7109375