0 0.9890625 0.6515625 7.979339300694473e-17 0.6515625 9.577120671457036e-17 0.9125 0.9890625 0.9125
0 0.9859375 0.6562500000000001 0.2734375000000001 0.65625 0.2734375000000001 0.90625 0.9859375 0.90625
0 0.99375 0.5859375000000001 0.5265625 0.5859375 0.5265625 0.7750000000000001 0.99375 0.7750000000000001
0 0.3734375000000001 0.5828125 0.2906250000000001 0.5828125 0.2906250000000001 0.690625 0.3734375000000001 0.690625
0 0.26093750000000004 0.246875 0.17968750000000006 0.246875 0.17968750000000006 0.3796875 0.2609375000000001 0.3796875
0 0.12500000000000006 0.1859375 0.009375000000000022 0.1859375 0.009375000000000052 0.659375 0.12500000000000008 0.659375
0 0.12343750000000006 0.2546875 0.06406250000000002 0.2546875 0.06406250000000005 0.5921875 0.12343750000000009 0.5921875
0 0.12187500000000004 0.2515625 0.06562500000000002 0.2515625 0.06562500000000003 0.3875 0.12187500000000004 0.3875
0 0.11562500000000006 0.45625 0.06250000000000007 0.45625 0.06250000000000007 0.59375 0.11562500000000009 0.59375
0 0.15781250000000008 0.64375 0.0062500000000000775 0.64375 0.006250000000000087 0.8015625 0.15781250000000008 0.8015625
0 0.2812500000000001 0.65625 0.11718750000000008 0.65625 0.11718750000000008 0.8015625 0.2812500000000001 0.8015625