0 0.16562500000000008 0.296875 0.15312500000000004 0.296875 0.15312500000000007 0.5921875 0.16562500000000008 0.5921875
0 0.19218750000000004 0.3796875 0.17812500000000003 0.3796875 0.17812500000000003 0.515625 0.19218750000000004 0.515625
0 0.18750000000000006 0.525 0.18125000000000005 0.525 0.18125000000000008 0.590625 0.18750000000000008 0.590625
0 0.3000000000000001 0.4953125 0.2500000000000001 0.4953125 0.2500000000000001 0.5125 0.3000000000000001 0.5125
0 0.1921875000000001 0.7296875 0.17968750000000008 0.7296875 0.17968750000000008 0.83125 0.1921875000000001 0.83125
0 0.2921875000000001 0.7578125 0.2593750000000001 0.7578125 0.2593750000000001 0.803125 0.2921875000000001 0.803125
0 0.56875 0.575 0.5578125 0.575 0.5578125 0.6734375 0.56875 0.6734375
0 0.575 0.12031250000000009 0.5578125 0.12031250000000009 0.5578125 0.35625000000000007 0.575 0.35625000000000007
1 0.7359375 0.5015625000000001 0.70625 0.5015625 0.70625 0.5281250000000001 0.7359375 0.5281250000000002
1 0.2953125000000001 0.48125 0.2687500000000001 0.48125 0.2687500000000001 0.503125 0.2953125000000001 0.503125
1 0.16093750000000004 0.434375 0.14062500000000006 0.434375 0.14062500000000006 0.4609375 0.16093750000000004 0.4609375
1 0.18437500000000004 0.4359375 0.16875000000000004 0.4359375 0.16875000000000004 0.4609375 0.18437500000000004 0.4609375
1 0.3593750000000001 0.6515625 0.3296875000000001 0.6515625 0.3296875000000001 0.6828125 0.3593750000000001 0.6828125
1 0.66875 0.3187500000000001 0.6453125 0.3187500000000001 0.6453125 0.3390625000000001 0.66875 0.3390625000000001
1 0.7859375 0.09531250000000009 0.7640625 0.09531250000000009 0.7640625 0.11875000000000009 0.7859375 0.11875000000000009
1 0.8625 0.0953125000000001 0.828125 0.0953125000000001 0.828125 0.11718750000000008 0.8625 0.11718750000000008
1 0.8828125 0.09375000000000011 0.8671875 0.09375000000000011 0.8671875 0.11875000000000009 0.8828125 0.11875000000000009
1 0.88125 0.0640625000000001 0.8625 0.0640625000000001 0.8625 0.0875000000000001 0.88125 0.0875000000000001
1 0.859375 0.06250000000000011 0.8265625 0.06250000000000011 0.8265625 0.08593750000000011 0.859375 0.08593750000000011
1 0.9046875 0.03125000000000011 0.865625 0.03125000000000011 0.865625 0.05468750000000011 0.9046875 0.05468750000000011
1 0.9265625 0.03281250000000011 0.9125 0.03281250000000011 0.9125 0.05625000000000011 0.9265625 0.05625000000000011
1 0.4484375 0.18593750000000003 0.4140625 0.18593750000000003 0.4140625 0.2093750000000001 0.4484375 0.2093750000000001
1 0.46875 0.18437500000000004 0.4546875 0.18437500000000004 0.4546875 0.20468750000000008 0.46875 0.20468750000000008
1 0.4578125 0.13437500000000005 0.43125 0.13437500000000005 0.43125 0.15937500000000004 0.4578125 0.15937500000000004
1 0.4828125 0.12968750000000004 0.465625 0.12968750000000004 0.465625 0.15625000000000006 0.4828125 0.15625000000000006
1 0.4703125 0.08593750000000006 0.4390625 0.08593750000000004 0.4390625 0.11093750000000005 0.4703125 0.11093750000000005
1 0.490625 0.08437500000000006 0.4765625 0.08437500000000006 0.4765625 0.11093750000000005 0.490625 0.11093750000000005
1 0.5609375 0.6078125 0.54375 0.6078125 0.54375 0.6390625 0.5609375 0.6390625
1 0.1828125000000001 0.7671875 0.1687500000000001 0.7671875 0.1687500000000001 0.8 0.1828125000000001 0.8
1 0.18593750000000006 0.5421875 0.16875000000000004 0.5421875 0.16875000000000007 0.5625 0.1859375000000001 0.5625
1 0.5609375 0.2218750000000001 0.5453125 0.2218750000000001 0.5453125 0.2562500000000001 0.5609375 0.2562500000000001