0 0.334375 0.2484375 0.14375000000000004 0.2484375 0.14375000000000004 0.3078125 0.334375 0.3078125
0 0.15937500000000004 0.2484375 0.14375000000000004 0.2484375 0.14375000000000004 0.3078125 0.15937500000000004 0.3078125
0 0.33125 0.2484375 0.17656250000000004 0.2484375 0.17656250000000004 0.3078125 0.33125 0.3078125
0 0.3375 0.234375 0.2453125 0.234375 0.2453125 0.2703125 0.3375 0.2703125
0 0.3625 0.17968750000000006 0.33125 0.17968750000000006 0.33125 0.2328125 0.3625 0.2328125
0 0.178125 0.1328125 0.1453125 0.1328125 0.1453125 0.159375 0.178125 0.159375
0 0.328125 0.14843750000000006 0.271875 0.14843750000000006 0.271875 0.17656250000000004 0.328125 0.17656250000000004
0 0.34375 0.15000000000000005 0.328125 0.15000000000000005 0.328125 0.17968750000000006 0.34375 0.17968750000000006
0 0.20625 0.1453125 0.18125 0.1453125 0.18125 0.17812500000000003 0.20625 0.17812500000000003
0 0.4484375 0.2484375000000001 0.39375 0.2484375000000001 0.39375 0.30937500000000007 0.4484375 0.30937500000000007
0 0.4828125 0.16093750000000004 0.4484375 0.16093750000000004 0.4484375 0.2515625000000001 0.4828125 0.2515625000000001
0 0.19843750000000004 0.4625 0.15312500000000004 0.4625 0.15312500000000004 0.534375 0.19843750000000004 0.534375
0 0.19843750000000004 0.4703125 0.18125000000000005 0.4703125 0.18125000000000005 0.5234375 0.19843750000000004 0.5234375
0 0.2234375000000001 0.425 0.18906250000000005 0.425 0.18906250000000005 0.453125 0.2234375000000001 0.453125
0 0.26250000000000007 0.48125 0.2296875000000001 0.48125 0.2296875000000001 0.55 0.26250000000000007 0.55
0 0.2328125000000001 0.540625 0.2171875000000001 0.540625 0.2171875000000001 0.584375 0.2328125000000001 0.584375
0 0.21250000000000008 0.5421875 0.19843750000000004 0.5421875 0.19843750000000007 0.5875 0.21250000000000008 0.5875
0 0.3296875000000001 0.540625 0.2765625000000001 0.540625 0.2765625000000001 0.5921875 0.3296875000000001 0.5921875
0 0.3609375000000001 0.4515625 0.3281250000000001 0.4515625 0.3281250000000001 0.5421875 0.3609375000000001 0.5421875
0 0.4296875 0.5484375 0.3843750000000001 0.5484375 0.3843750000000001 0.5828125 0.4296875 0.5828125
0 0.43125 0.5484375 0.4140625 0.5484375 0.4140625 0.5828125 0.43125 0.5828125
0 0.4109375 0.5484375 0.3828125000000001 0.5484375 0.3828125000000001 0.58125 0.4109375 0.58125
0 0.4796875 0.45625 0.46875 0.45625 0.46875 0.51875 0.4796875 0.51875
0 0.5890625 0.428125 0.5609375 0.428125 0.5609375 0.546875 0.5890625 0.546875
0 0.5890625 0.4234375 0.5515625 0.4234375 0.5515625 0.4484375 0.5890625 0.4484375
0 0.590625 0.521875 0.5546875 0.521875 0.5546875 0.55 0.590625 0.55
1 0.171875 0.115625 0.1625 0.115625 0.1625 0.13125 0.171875 0.13125
1 0.165625 0.1125 0.1546875 0.1125 0.1546875 0.13125 0.165625 0.13125
1 0.1984375 0.13281250000000006 0.1890625 0.13281250000000006 0.1890625 0.15156250000000004 0.1984375 0.15156250000000004
1 0.2828125 0.13125000000000003 0.2796875 0.13125000000000003 0.2796875 0.14843750000000006 0.2828125 0.14843750000000006
1 0.290625 0.12968750000000004 0.2828125 0.12968750000000004 0.2828125 0.14843750000000006 0.290625 0.14843750000000006
1 0.303125 0.12968750000000004 0.296875 0.12968750000000004 0.296875 0.14687500000000003 0.303125 0.14687500000000003
1 0.3109375 0.12968750000000004 0.303125 0.12968750000000004 0.303125 0.14843750000000006 0.3109375 0.14843750000000006
1 0.3109375 0.09687500000000004 0.3 0.09687500000000004 0.3 0.12343750000000005 0.3109375 0.12343750000000005
1 0.2921875 0.09687500000000004 0.2828125 0.09687500000000004 0.2828125 0.12187500000000004 0.2921875 0.12187500000000004
1 0.2828125 0.09843750000000004 0.2765625 0.09843750000000004 0.2765625 0.12343750000000005 0.2828125 0.12343750000000005
1 0.3203125 0.09687500000000004 0.3078125 0.09687500000000004 0.3078125 0.12343750000000005 0.3203125 0.12343750000000005
1 0.3796875 0.09843750000000004 0.3671875 0.09843750000000004 0.3671875 0.12343750000000005 0.3796875 0.12343750000000005
1 0.3875 0.09687500000000004 0.378125 0.09687500000000004 0.378125 0.12187500000000004 0.3875 0.12187500000000004
1 0.3984375 0.09687500000000004 0.3859375 0.09687500000000004 0.3859375 0.12187500000000004 0.3984375 0.12187500000000004
1 0.4078125 0.09843750000000004 0.396875 0.09843750000000004 0.396875 0.12343750000000005 0.4078125 0.12343750000000005
1 0.4265625 0.09687500000000004 0.415625 0.09687500000000004 0.415625 0.12343750000000005 0.4265625 0.12343750000000005
1 0.434375 0.09687500000000004 0.4234375 0.09687500000000004 0.4234375 0.12343750000000005 0.434375 0.12343750000000005
2 0.3171875 0.12968750000000004 0.309375 0.12968750000000004 0.309375 0.13593750000000004 0.3171875 0.13593750000000004
1 0.2546875 0.275 0.2484375 0.275 0.2484375 0.2953125 0.2546875 0.2953125
1 0.2609375 0.275 0.2546875 0.275 0.2546875 0.296875 0.2609375 0.296875
1 0.296875 0.2375 0.2890625 0.2375 0.2890625 0.25625 0.296875 0.25625
1 0.2890625 0.2359375 0.28125 0.2359375 0.28125 0.25625 0.2890625 0.25625
1 0.353125 0.19062500000000004 0.3390625 0.19062500000000004 0.3390625 0.2046875 0.353125 0.2046875
1 0.16875000000000004 0.2765625 0.16250000000000003 0.2765625 0.16250000000000003 0.296875 0.16875000000000004 0.296875
1 0.17500000000000004 0.2765625 0.16875000000000004 0.2765625 0.16875000000000004 0.2953125 0.17500000000000004 0.2953125
1 0.4203125 0.2765625000000001 0.4125 0.2765625000000001 0.4125 0.2953125000000001 0.4203125 0.2953125000000001
1 0.4265625 0.2765625000000001 0.41875 0.2765625000000001 0.41875 0.2953125000000001 0.4265625 0.2953125000000001
1 0.4734375 0.18437500000000004 0.4578125 0.18437500000000004 0.4578125 0.19843750000000004 0.4734375 0.19843750000000004
1 0.4734375 0.2093750000000001 0.459375 0.2093750000000001 0.459375 0.2234375000000001 0.4734375 0.2234375000000001
1 0.475 0.2000000000000001 0.459375 0.2000000000000001 0.459375 0.2093750000000001 0.475 0.2093750000000001
1 0.23593750000000008 0.371875 0.2296875000000001 0.371875 0.2296875000000001 0.3953125 0.23593750000000008 0.3953125
1 0.24218750000000008 0.371875 0.23437500000000008 0.371875 0.23437500000000008 0.3953125 0.24218750000000008 0.3953125
1 0.2078125000000001 0.403125 0.2000000000000001 0.403125 0.2000000000000001 0.41875 0.2078125000000001 0.41875
1 0.2156250000000001 0.4046875 0.2062500000000001 0.4046875 0.2062500000000001 0.421875 0.2156250000000001 0.421875
1 0.15312500000000004 0.4890625 0.14062500000000006 0.4890625 0.14062500000000006 0.5 0.15312500000000004 0.5
1 0.15312500000000004 0.4796875 0.13906250000000003 0.4796875 0.13906250000000003 0.490625 0.15312500000000004 0.490625
1 0.3031250000000001 0.3734375 0.2921875000000001 0.3734375 0.2921875000000001 0.396875 0.3031250000000001 0.396875
1 0.3109375000000001 0.371875 0.3000000000000001 0.371875 0.3000000000000001 0.396875 0.3109375000000001 0.396875
1 0.3187500000000001 0.3734375 0.3109375000000001 0.3734375 0.3109375000000001 0.396875 0.3187500000000001 0.396875
1 0.3265625000000001 0.3734375 0.3156250000000001 0.3734375 0.3156250000000001 0.3953125 0.3265625000000001 0.3953125
1 0.17968750000000006 0.4828125 0.16718750000000004 0.4828125 0.16718750000000004 0.4953125 0.17968750000000006 0.4953125
1 0.2140625000000001 0.5546875 0.2078125000000001 0.5546875 0.2078125000000001 0.5734375 0.2140625000000001 0.5734375
1 0.22031250000000008 0.5546875 0.2140625000000001 0.5546875 0.2140625000000001 0.575 0.22031250000000008 0.575
1 0.2500000000000001 0.5171875 0.2375000000000001 0.5171875 0.2375000000000001 0.53125 0.2500000000000001 0.53125
1 0.25468750000000007 0.5109375 0.2390625000000001 0.5109375 0.2390625000000001 0.5171875 0.25468750000000007 0.5171875
1 0.25468750000000007 0.4984375 0.24218750000000008 0.4984375 0.24218750000000008 0.5109375 0.25468750000000007 0.5109375
1 0.30156250000000007 0.559375 0.2921875000000001 0.559375 0.2921875000000001 0.5828125 0.30156250000000007 0.5828125
1 0.3062500000000001 0.5609375 0.3000000000000001 0.5609375 0.3000000000000001 0.5796875 0.3062500000000001 0.5796875
1 0.3531250000000001 0.5015625 0.34062500000000007 0.5015625 0.34062500000000007 0.5140625 0.3531250000000001 0.5140625
1 0.3531250000000001 0.4921875 0.3421875000000001 0.4921875 0.3421875000000001 0.5015625 0.3531250000000001 0.5015625
1 0.3531250000000001 0.4765625 0.3390625000000001 0.4765625 0.3390625000000001 0.490625 0.3531250000000001 0.490625
1 0.3453125000000001 0.3734375 0.3343750000000001 0.3734375 0.3343750000000001 0.396875 0.3453125000000001 0.396875
1 0.3546875000000001 0.3734375 0.3421875000000001 0.3734375 0.3421875000000001 0.396875 0.3546875000000001 0.396875
1 0.3984375000000001 0.55 0.3906250000000001 0.55 0.3906250000000001 0.5703125 0.3984375000000001 0.5703125
1 0.4515625 0.3656250000000001 0.4453125 0.3656250000000001 0.4453125 0.3921875000000001 0.4515625 0.3921875000000001
1 0.4578125 0.3671875000000001 0.4484375 0.3671875000000001 0.4484375 0.3921875000000001 0.4578125 0.3921875000000001
1 0.571875 0.3671875000000001 0.5625 0.3671875000000001 0.5625 0.3921875000000001 0.571875 0.3921875000000001
1 0.5625 0.3671875000000001 0.5515625 0.3671875000000001 0.5515625 0.3906250000000001 0.5625 0.3906250000000001
1 0.546875 0.3671875000000001 0.5375 0.3671875000000001 0.5375 0.3937500000000001 0.546875 0.3937500000000001
1 0.5171875 0.36406250000000007 0.5078125 0.36406250000000007 0.5078125 0.3906250000000001 0.5171875 0.3906250000000001
1 0.5390625 0.3687500000000001 0.528125 0.3687500000000001 0.528125 0.3921875000000001 0.5390625 0.3921875000000001
1 0.5296875 0.3687500000000001 0.521875 0.3687500000000001 0.521875 0.3906250000000001 0.5296875 0.3906250000000001
2 0.4671875 0.4890625 0.4546875 0.4890625 0.4546875 0.503125 0.4671875 0.503125
1 0.46875 0.478125 0.4546875 0.478125 0.4546875 0.4859375 0.46875 0.4859375
1 0.4671875 0.4734375 0.45625 0.4734375 0.45625 0.478125 0.4671875 0.478125
1 0.5796875 0.48125 0.5640625 0.48125 0.5640625 0.4921875 0.5796875 0.4921875
1 0.5765625 0.471875 0.565625 0.471875 0.565625 0.48125 0.5765625 0.48125
0 0.2375000000000001 0.7828125 0.2140625000000001 0.7828125 0.2140625000000001 0.86875 0.2375000000000001 0.86875
0 0.2015625000000001 0.7609375 0.16406250000000008 0.7609375 0.16406250000000008 0.7875 0.2015625000000001 0.7875
1 0.2296875000000001 0.821875 0.2156250000000001 0.821875 0.2156250000000001 0.8359375 0.2296875000000001 0.8359375
1 0.22812500000000008 0.8140625 0.2156250000000001 0.8140625 0.2156250000000001 0.825 0.22812500000000008 0.825
1 0.1906250000000001 0.7421875 0.18125000000000008 0.7421875 0.18125000000000008 0.7609375 0.1906250000000001 0.7609375
2 0.1781250000000001 0.7421875 0.1703125000000001 0.7421875 0.1703125000000001 0.759375 0.1781250000000001 0.759375
0 0.3656250000000001 0.7859375 0.3437500000000001 0.7859375 0.3437500000000001 0.85 0.3656250000000001 0.85
0 0.3281250000000001 0.7578125 0.28593750000000007 0.7578125 0.28593750000000007 0.7859375 0.3281250000000001 0.7859375
1 0.30156250000000007 0.7421875 0.29375000000000007 0.7421875 0.29375000000000007 0.7578125 0.30156250000000007 0.7578125
1 0.3078125000000001 0.740625 0.3000000000000001 0.740625 0.3000000000000001 0.7578125 0.3078125000000001 0.7578125
1 0.31718750000000007 0.740625 0.3078125000000001 0.740625 0.3078125000000001 0.7578125 0.31718750000000007 0.7578125
1 0.3546875000000001 0.8046875 0.3421875000000001 0.8046875 0.3421875000000001 0.8234375 0.3546875000000001 0.8234375
1 0.40156250000000016 0.8140625 0.3906250000000001 0.8140625 0.3906250000000001 0.8328125 0.40156250000000016 0.8328125
1 0.3906250000000001 0.8125 0.37968750000000007 0.8125 0.37968750000000007 0.83125 0.3906250000000001 0.83125
0 0.4125000000000001 0.675 0.3859375000000001 0.675 0.3859375000000001 0.790625 0.4125000000000002 0.790625
1 0.4078125000000002 0.765625 0.3937500000000001 0.765625 0.3937500000000001 0.78125 0.4078125000000002 0.78125
1 0.3859375000000001 0.746875 0.3734375000000001 0.746875 0.3734375000000001 0.7546875 0.3859375000000001 0.7546875
1 0.3859375000000001 0.7125 0.3734375000000001 0.7125 0.3734375000000001 0.7328125 0.3859375000000001 0.7328125
0 0.4515625 0.6671875 0.4125 0.6671875 0.4125 0.690625 0.4515625 0.690625
1 0.4328125 0.65 0.4296875 0.65 0.4296875 0.665625 0.4328125 0.665625
1 0.4421875 0.646875 0.4328125 0.646875 0.4328125 0.665625 0.4421875 0.665625
0 0.4937500000000001 0.6890625 0.4515625 0.6890625 0.4515625000000001 0.903125 0.4937500000000002 0.903125
0 0.4718750000000001 0.6890625 0.4515625 0.6890625 0.4515625000000001 0.828125 0.47187500000000016 0.828125
1 0.46093750000000017 0.759375 0.44843750000000016 0.759375 0.44843750000000016 0.7703125 0.46093750000000017 0.7703125
1 0.4625000000000002 0.74375 0.4500000000000002 0.74375 0.4500000000000002 0.7609375 0.4625000000000002 0.7609375
1 0.4828125000000002 0.865625 0.4703125000000002 0.865625 0.4703125000000002 0.8828125 0.4828125000000002 0.8828125
0 0.4515625000000002 0.9015625 0.4125000000000002 0.9015625 0.4125000000000002 0.934375 0.4515625000000002 0.934375
1 0.4343750000000002 0.9078125 0.42968750000000017 0.9078125 0.42968750000000017 0.925 0.4343750000000002 0.925
1 0.44062500000000016 0.90625 0.4359375000000002 0.90625 0.4359375000000002 0.928125 0.44062500000000016 0.928125
1 0.48437500000000017 0.771875 0.4703125000000002 0.771875 0.4703125000000002 0.7828125 0.48437500000000017 0.7828125
1 0.4812500000000002 0.7609375 0.46875000000000017 0.7609375 0.46875000000000017 0.771875 0.4812500000000002 0.771875
1 0.46875 0.621875 0.4625 0.621875 0.4625 0.6421875 0.46875 0.6421875
1 0.475 0.6234375 0.4671875 0.6234375 0.4671875 0.640625 0.475 0.640625
1 0.434375 0.6234375 0.4296875 0.6234375 0.4296875 0.6421875 0.434375 0.6421875
1 0.4421875 0.6203125 0.434375 0.6203125 0.434375 0.640625 0.4421875 0.640625
1 0.446875 0.621875 0.4421875 0.621875 0.4421875 0.640625 0.446875 0.640625
1 0.45625 0.621875 0.4484375 0.621875 0.4484375 0.640625 0.45625 0.640625
1 0.428125 0.6234375 0.41875 0.6234375 0.41875 0.640625 0.428125 0.640625
1 0.4703125 0.6 0.4640625 0.6 0.4640625 0.6203125 0.4703125 0.6203125
1 0.478125 0.6015625 0.46875 0.6015625 0.46875 0.6203125 0.478125 0.6203125
1 0.4578125 0.6015625 0.45 0.6015625 0.45 0.61875 0.4578125 0.61875
1 0.4171875 0.621875 0.4078125 0.621875 0.4078125 0.6421875 0.4171875 0.6421875
0 0.553125 0.6296875 0.5125 0.6296875 0.5125 0.6546875 0.553125 0.6546875
1 0.5375 0.6125 0.5328125 0.6125 0.5328125 0.63125 0.5375 0.63125
1 0.5421875 0.6125 0.5359375 0.6125 0.5359375 0.6296875 0.5421875 0.6296875
1 0.5734375 0.628125 0.559375 0.628125 0.559375 0.6421875 0.5734375 0.6421875
1 0.571875 0.61875 0.5609375 0.61875 0.5609375 0.63125 0.571875 0.63125
0 0.4468750000000002 0.8296875 0.4156250000000002 0.8296875 0.4156250000000002 0.8453125 0.4468750000000002 0.8453125
0 0.58125 0.6546875 0.571875 0.6546875 0.5718750000000001 0.8140625 0.5812500000000002 0.8140625
0 0.584375 0.6546875 0.5625 0.6546875 0.5625 0.715625 0.584375 0.715625
0 0.7125 0.1546875000000001 0.675 0.1546875000000001 0.675 0.1921875000000001 0.7125 0.1921875000000001
0 0.7875 0.1906250000000001 0.75625 0.1906250000000001 0.75625 0.4187500000000002 0.7875 0.4187500000000002
1 0.7796875 0.3031250000000001 0.7640625 0.3031250000000001 0.7640625 0.3125000000000001 0.7796875 0.3125000000000001
1 0.7796875 0.2921875000000001 0.765625 0.2921875000000001 0.765625 0.3062500000000001 0.7796875 0.3062500000000001
1 0.6921875 0.1359375000000001 0.6828125 0.1359375000000001 0.6828125 0.1546875000000001 0.6921875 0.1546875000000001
1 0.703125 0.1359375000000001 0.69375 0.1359375000000001 0.69375 0.1531250000000001 0.703125 0.1531250000000001