0 0.528125 0.2078125000000001 0.471875 0.2078125000000001 0.471875 0.3062500000000001 0.528125 0.3062500000000001
0 0.2515625 0.07500000000000002 0.1875 0.07500000000000002 0.18750000000000003 0.18281250000000004 0.2515625 0.18281250000000004
0 0.471875 0.30468750000000006 0.3515625 0.3046875 0.35156250000000006 0.4140625 0.471875 0.4140625
0 0.35781250000000003 0.3328125 0.215625 0.3328125 0.21562500000000004 0.4140625 0.3578125000000001 0.4140625
0 0.22187500000000004 0.33125 0.13125000000000003 0.33125 0.13125000000000003 0.4796875 0.2218750000000001 0.4796875
0 0.22031250000000005 0.3296875 0.18750000000000006 0.3296875 0.18750000000000006 0.4109375 0.22031250000000008 0.4109375
2 0.3515625 0.17656250000000004 0.3203125 0.17656250000000004 0.3203125 0.2078125 0.3515625 0.2078125
2 0.503125 0.18281250000000004 0.4796875 0.18281250000000004 0.4796875 0.2078125000000001 0.503125 0.2078125000000001
0 0.315625 0.12343750000000005 0.2234375 0.12343750000000005 0.2234375 0.20625 0.315625 0.20625
0 0.14843750000000006 0.2078125 0.13593750000000004 0.2078125 0.13593750000000004 0.296875 0.14843750000000006 0.296875
0 0.17187500000000006 0.3234375 0.10156250000000004 0.3234375 0.10156250000000004 0.3703125 0.17187500000000006 0.3703125
2 0.17187500000000006 0.3984375 0.15937500000000004 0.3984375 0.15937500000000004 0.41875 0.17187500000000006 0.41875
2 0.23750000000000004 0.3421875 0.2203125 0.3421875 0.22031250000000005 0.3796875 0.2375000000000001 0.3796875
2 0.16875 0.14375 0.1578125 0.14375 0.1578125 0.165625 0.16875 0.165625
0 0.471875 0.409375 0.2156250000000001 0.409375 0.2156250000000001 0.4984375 0.471875 0.4984375
0 0.19687500000000005 0.2 0.17812500000000003 0.2 0.17812500000000003 0.246875 0.19687500000000005 0.246875
0 0.2140625 0.2671875 0.20625 0.2671875 0.20625 0.284375 0.2140625 0.284375
0 0.3140625 0.21875 0.3078125 0.21875 0.3078125 0.2984375 0.3140625 0.2984375
1 0.515625 0.25468750000000007 0.5015625 0.25468750000000007 0.5015625 0.27031250000000007 0.515625 0.27031250000000007
1 0.4859375 0.17343750000000005 0.48125 0.17343750000000005 0.48125 0.18125000000000005 0.4859375 0.18125000000000005
1 0.49375 0.16250000000000003 0.4875 0.16250000000000003 0.4875 0.17500000000000004 0.49375 0.17500000000000004
1 0.5 0.15937500000000004 0.49375 0.15937500000000004 0.49375 0.17500000000000004 0.5 0.17500000000000004
1 0.4828125 0.16093750000000004 0.4734375 0.16093750000000004 0.4734375 0.17500000000000004 0.4828125 0.17500000000000004
1 0.3265625 0.16875000000000004 0.3234375 0.16875000000000004 0.3234375 0.17656250000000004 0.3265625 0.17656250000000004
1 0.334375 0.15625000000000006 0.3265625 0.15625000000000006 0.3265625 0.17187500000000006 0.334375 0.17187500000000006
1 0.340625 0.15625000000000006 0.3359375 0.15625000000000006 0.3359375 0.17031250000000003 0.340625 0.17031250000000003
1 0.3234375 0.15781250000000005 0.315625 0.15781250000000005 0.315625 0.17031250000000003 0.3234375 0.17031250000000003
1 0.296875 0.10625000000000004 0.2875 0.10625000000000004 0.2875 0.12031250000000004 0.296875 0.12031250000000004
1 0.24375 0.05468750000000002 0.2328125 0.05468750000000002 0.2328125 0.07656250000000002 0.24375 0.07656250000000002
1 0.25 0.07187500000000002 0.2453125 0.07187500000000002 0.2453125 0.08281250000000002 0.25 0.08281250000000002
1 0.1453125 0.125 0.1390625 0.125 0.1390625 0.1359375 0.1453125 0.1359375
1 0.1390625 0.1078125 0.1296875 0.1078125 0.1296875 0.1296875 0.1390625 0.1296875
1 0.1734375 0.1203125 0.1640625 0.1203125 0.1640625 0.1359375 0.1734375 0.1359375
1 0.18125 0.134375 0.171875 0.134375 0.171875 0.146875 0.18125 0.146875
1 0.1875 0.14375000000000002 0.178125 0.14375 0.178125 0.15625000000000003 0.1875 0.15625000000000006
2 0.1703125 0.1375 0.1640625 0.1375 0.1640625 0.14375 0.1703125 0.14375
1 0.13593750000000004 0.2625 0.12812500000000004 0.2625 0.12812500000000004 0.275 0.13593750000000004 0.275
2 0.13125000000000003 0.253125 0.12500000000000006 0.253125 0.12500000000000006 0.2625 0.13125000000000003 0.2625
1 0.13593750000000004 0.2734375 0.12812500000000004 0.2734375 0.12812500000000004 0.2828125 0.13593750000000004 0.2828125
1 0.13593750000000004 0.2453125 0.12968750000000004 0.2453125 0.12968750000000004 0.25625 0.13593750000000004 0.25625
1 0.13593750000000004 0.2375 0.12968750000000004 0.2375 0.12968750000000004 0.24375 0.13593750000000004 0.24375
1 0.13593750000000004 0.225 0.12968750000000004 0.225 0.12968750000000004 0.2359375 0.13593750000000004 0.2359375
1 0.2093750000000001 0.3765625 0.19843750000000004 0.3765625 0.19843750000000004 0.3984375 0.2093750000000001 0.3984375
1 0.19843750000000004 0.4453125 0.18906250000000005 0.4453125 0.18906250000000005 0.465625 0.19843750000000004 0.465625
1 0.2906250000000001 0.3765625 0.2843750000000001 0.3765625 0.2843750000000001 0.3984375 0.2906250000000001 0.3984375
1 0.3500000000000001 0.446875 0.3375000000000001 0.446875 0.3375000000000001 0.4640625 0.3500000000000001 0.4640625
1 0.4140625 0.3703125000000001 0.40625 0.3703125000000001 0.40625 0.38750000000000007 0.4140625 0.38750000000000007
1 0.4234375 0.3843750000000001 0.415625 0.3843750000000001 0.415625 0.3984375000000001 0.4234375 0.3984375000000001
1 0.303125 0.25625 0.290625 0.25625 0.290625 0.2703125 0.303125 0.2703125
1 0.3078125 0.246875 0.2984375 0.246875 0.2984375 0.25625 0.3078125 0.25625
2 0.896875 1.0878307895551099e-16 0.8796875 1.0773064811249373e-16 0.8796875 0.018750000000000107 0.896875 0.01875000000000011
2 0.9625 1.1672414804373209e-16 0.94375 1.1557604166953146e-16 0.94375 0.017187500000000116 0.9625 0.017187500000000116
2 0.9375 1.1423658423296405e-16 0.928125 1.1366253104586372e-16 0.928125 0.018750000000000114 0.9375 0.018750000000000117
2 0.975 1.1892468526095002e-16 0.9671875 1.1844630760503306e-16 0.9671875 0.01875000000000012 0.975 0.01875000000000012
0 0.890625 0.1843750000000001 0.8296875 0.1843750000000001 0.8296875 0.3390625000000001 0.890625 0.3390625000000001
0 0.8171875 0.3375000000000001 0.74375 0.3375000000000001 0.74375 0.4906250000000002 0.8171875 0.4906250000000002
1 0.803125 0.3546875000000001 0.7921875 0.3546875000000001 0.7921875 0.3656250000000001 0.803125 0.3656250000000001
1 0.803125 0.3734375000000001 0.79375 0.3734375000000001 0.79375 0.3828125000000001 0.803125 0.3828125000000001
1 0.803125 0.3843750000000001 0.79375 0.3843750000000001 0.79375 0.3937500000000001 0.803125 0.3937500000000001
1 0.7640625 0.3968750000000001 0.7546875 0.3968750000000001 0.7546875 0.4078125000000002 0.7640625 0.4078125000000002
2 0.75625 0.4109375000000002 0.7515625 0.4109375000000002 0.7515625 0.4156250000000002 0.75625 0.4156250000000002
1 0.765625 0.41718750000000016 0.7546875 0.41718750000000016 0.7546875 0.42500000000000016 0.765625 0.42500000000000016
1 0.7640625 0.4265625000000002 0.7546875 0.4265625000000002 0.7546875 0.43750000000000017 0.7640625 0.43750000000000017
1 0.8125 0.4500000000000002 0.8015625 0.4500000000000002 0.8015625 0.4703125000000002 0.8125 0.4703125000000002
2 0.784375 0.4000000000000002 0.7671875 0.4000000000000002 0.7671875 0.4359375000000002 0.784375 0.4359375000000002
2 0.790625 0.3593750000000001 0.7703125 0.3593750000000001 0.7703125 0.3968750000000001 0.790625 0.3968750000000001
0 0.9015625 0.7859375000000002 0.85 0.7859375000000002 0.85 0.9453125 0.9015625 0.9453125
1 0.7187500000000001 0.709375 0.709375 0.709375 0.7093750000000001 0.728125 0.7187500000000002 0.728125
1 0.42500000000000016 0.846875 0.41406250000000017 0.846875 0.41406250000000017 0.85625 0.42500000000000016 0.85625
0 0.5609375000000002 0.9390625 0.4703125000000002 0.9390625 0.4703125000000002 1 0.5609375000000002 1
1 0.5531250000000002 0.9609375 0.5468750000000002 0.9609375 0.5468750000000002 0.9734375 0.5531250000000002 0.9734375
1 0.5453125000000002 0.946875 0.5343750000000002 0.946875 0.5343750000000002 0.965625 0.5453125000000002 0.965625
1 0.5468750000000002 0.98125 0.5359375000000002 0.98125 0.5359375000000002 1 0.5468750000000002 1
1 0.41718750000000016 0.85625 0.4046875000000002 0.85625 0.4046875000000002 0.8734375 0.41718750000000016 0.8734375
0 0.2984375000000001 0.9390625 0.14843750000000014 0.9390625 0.14843750000000014 0.9859375 0.2984375000000001 0.9859375
2 0.2968750000000001 0.9453125 0.2906250000000001 0.9453125 0.2906250000000001 0.95625 0.2968750000000001 0.95625
0 0.4593750000000002 0.8 0.4203125000000002 0.8 0.4203125000000002 0.90625 0.4593750000000002 0.90625
2 0.23437500000000008 0.9515625 0.2250000000000001 0.9515625 0.2250000000000001 0.965625 0.23437500000000008 0.965625
2 0.27812500000000007 0.946875 0.2671875000000001 0.946875 0.2671875000000001 0.9671875 0.27812500000000007 0.9671875
2 0.2765625000000001 0.9484375 0.2671875000000001 0.9484375 0.2671875000000001 0.9625 0.2765625000000001 0.9625
2 0.2656250000000001 0.9453125 0.2593750000000001 0.9453125 0.2593750000000001 0.9546875 0.2656250000000001 0.9546875
1 0.2218750000000001 0.946875 0.2140625000000001 0.946875 0.2140625000000001 0.965625 0.2218750000000001 0.965625
1 0.24218750000000008 0.946875 0.23593750000000008 0.946875 0.23593750000000008 0.9671875 0.24218750000000008 0.9671875
1 0.2562500000000001 0.946875 0.2468750000000001 0.946875 0.2468750000000001 0.965625 0.2562500000000001 0.965625
1 0.2875000000000001 0.946875 0.27812500000000007 0.946875 0.27812500000000007 0.9671875 0.2875000000000001 0.9671875
1 0.25468750000000007 0.6890625 0.2453125000000001 0.6890625 0.2453125000000001 0.70625 0.25468750000000007 0.70625