0 0.7203125 0.34062500000000007 0.5984375 0.34062500000000007 0.5984375 0.5359375 0.7203125 0.5359375
0 0.12187500000000002 0.09687500000000002 0.07031250000000003 0.096875 0.07031250000000003 0.2421875 0.12187500000000004 0.2421875
0 0.07656250000000002 0.09375 1.1481063742006437e-17 0.09375 2.0474563673244812e-17 0.240625 0.07656250000000002 0.240625
0 0.20000000000000004 0.35 0.17812500000000003 0.35 0.17812500000000003 0.5234375 0.2000000000000001 0.5234375
0 0.22031250000000008 0.540625 0.15000000000000005 0.540625 0.15000000000000008 0.73125 0.22031250000000008 0.73125
0 0.6031250000000001 0.6359375 7.787988238327699e-17 0.6359375 9.758904180705471e-17 0.9578125 0.6031250000000001 0.9578125
0 0.2718750000000001 0.6328125 0.07656250000000006 0.6328125 0.07656250000000009 0.875 0.2718750000000001 0.875
0 0.2296875000000001 0.634375 0.07968750000000006 0.634375 0.07968750000000008 0.7421875 0.2296875000000001 0.7421875
0 0.6234375 0.2500000000000001 0.5921875 0.2500000000000001 0.5921875 0.3421875000000001 0.6234375 0.3421875000000001
0 0.7265625000000001 0.5406250000000001 0.4984375 0.540625 0.4984375000000001 0.7312500000000001 0.7265625000000002 0.7312500000000002
0 0.71875 0.5390625 0.5875 0.5390625 0.5875 0.715625 0.71875 0.715625
0 0.6031250000000001 0.5421875 0.25468750000000007 0.5421875 0.25468750000000007 0.8578125 0.6031250000000001 0.8578125
0 0.5734375 0.540625 0.5 0.540625 0.5000000000000001 0.7328125 0.5734375000000002 0.7328125
0 0.0921875000000001 0.6390625 7.826258450801054e-17 0.6390625 9.079607909303422e-17 0.84375 0.09218750000000012 0.84375
0 1 0.6421875000000001 0.8703125 0.6421875000000001 0.8703125 0.8234375 1 0.8234375
0 0.90625 0.6234375000000002 0.86875 0.6234375000000002 0.86875 0.828125 0.90625 0.828125
1 0.020312500000000008 0.03125 3.827021247335479e-18 0.03125 7.079989307570636e-18 0.084375 0.02031250000000001 0.084375
1 0.045312500000000006 0.034375 0.023437500000000007 0.034375 0.023437500000000007 0.06875 0.04531250000000001 0.06875