0 0.37031250000000004 0.353125 0.3359375 0.353125 0.33593750000000006 0.38906250000000003 0.3703125000000001 0.3890625000000001
0 0.553125 0.3281250000000001 0.4515625 0.3281250000000001 0.4515625 0.36406250000000007 0.553125 0.36406250000000007
0 0.5890625 0.2671875000000001 0.553125 0.2671875000000001 0.553125 0.3281250000000001 0.5890625 0.3281250000000001
0 0.553125 0.3531250000000001 0.365625 0.3531250000000001 0.36562500000000003 0.38750000000000007 0.553125 0.38750000000000007
0 0.665625 0.3500000000000001 0.603125 0.3500000000000001 0.603125 0.3843750000000001 0.665625 0.3843750000000001
0 0.696875 0.2453125000000001 0.665625 0.2453125000000001 0.665625 0.3500000000000001 0.696875 0.3500000000000001
1 0.35625000000000007 0.36875 0.3500000000000001 0.36875 0.3500000000000001 0.38125 0.35625000000000007 0.38125
1 0.459375 0.3687500000000001 0.45 0.3687500000000001 0.45 0.3828125000000001 0.459375 0.3828125000000001
1 0.5046875 0.3421875000000001 0.496875 0.3421875000000001 0.496875 0.3546875000000001 0.5046875 0.3546875000000001
1 0.5828125 0.3000000000000001 0.5734375 0.3000000000000001 0.5734375 0.3078125000000001 0.5828125 0.3078125000000001
1 0.5828125 0.2906250000000001 0.5734375 0.2906250000000001 0.5734375 0.2984375000000001 0.5828125 0.2984375000000001
1 0.6359375 0.3656250000000001 0.6296875 0.3656250000000001 0.6296875 0.3765625000000001 0.6359375 0.3765625000000001
1 0.690625 0.2921875000000001 0.6828125 0.2921875000000001 0.6828125 0.3000000000000001 0.690625 0.3000000000000001
1 0.4421875 0.4640625 0.4328125 0.4640625 0.4328125 0.48125 0.4421875 0.48125
1 0.453125 0.4625 0.4453125 0.4625 0.4453125 0.48125 0.453125 0.48125
1 0.65 0.4625 0.6421875 0.4625 0.6421875 0.48125 0.65 0.48125
1 0.6640625 0.4640625 0.6546875 0.4640625 0.6546875 0.4828125 0.6640625 0.4828125
1 0.3453125000000001 0.59375 0.3359375000000001 0.59375 0.3359375000000001 0.615625 0.3453125000000001 0.615625
1 0.3390625000000001 0.6265625 0.33281250000000007 0.6265625 0.33281250000000007 0.646875 0.3390625000000001 0.646875
1 0.34843750000000007 0.625 0.34062500000000007 0.625 0.34062500000000007 0.646875 0.34843750000000007 0.646875
1 0.3453125000000001 0.659375 0.3343750000000001 0.659375 0.3343750000000001 0.6796875 0.3453125000000001 0.6796875
1 0.3390625000000001 0.69375 0.33281250000000007 0.69375 0.33281250000000007 0.7125 0.3390625000000001 0.7125
1 0.34843750000000007 0.6921875 0.3390625000000001 0.6921875 0.3390625000000001 0.7125 0.34843750000000007 0.7125
1 0.3781250000000001 0.59375 0.3734375000000001 0.59375 0.3734375000000001 0.615625 0.3781250000000001 0.615625
1 0.3843750000000001 0.6265625 0.3781250000000001 0.6265625 0.3781250000000001 0.646875 0.3843750000000001 0.646875
1 0.3828125000000001 0.6578125 0.3750000000000001 0.6578125 0.3750000000000001 0.6796875 0.3828125000000001 0.6796875
1 0.3843750000000001 0.690625 0.3765625000000001 0.690625 0.3765625000000001 0.7140625 0.3843750000000001 0.7140625
1 0.39531250000000007 0.6921875 0.3859375000000001 0.6921875 0.3859375000000001 0.7109375 0.39531250000000007 0.7109375
1 0.3968750000000001 0.659375 0.38750000000000007 0.659375 0.38750000000000007 0.6796875 0.3968750000000001 0.6796875
1 0.3921875000000001 0.6265625 0.3859375000000001 0.6265625 0.3859375000000001 0.6453125 0.3921875000000001 0.6453125
1 0.3906250000000001 0.5953125 0.3843750000000001 0.5953125 0.3843750000000001 0.6140625 0.3906250000000001 0.6140625
1 0.4 0.5921875 0.3921875000000001 0.5921875 0.3921875000000001 0.6140625 0.4 0.6140625
1 0.4328125 0.5953125 0.428125 0.5953125 0.428125 0.6125 0.4328125 0.6125
1 0.3531250000000001 0.559375 0.3437500000000001 0.559375 0.3437500000000001 0.5796875 0.3531250000000001 0.5796875
1 0.3031250000000001 0.5609375 0.2968750000000001 0.5609375 0.2968750000000001 0.5796875 0.3031250000000001 0.5796875
1 0.3984375000000001 0.559375 0.3890625000000001 0.559375 0.3890625000000001 0.5796875 0.3984375000000001 0.5796875
1 0.4359375 0.6265625 0.4265625 0.6265625 0.4265625 0.646875 0.4359375 0.646875
1 0.434375 0.6609375 0.4265625 0.6609375 0.4265625 0.68125 0.434375 0.68125
1 0.4359375 0.6921875 0.4265625 0.6921875 0.4265625 0.7109375 0.4359375 0.7109375
1 0.4453125 0.6921875 0.4359375 0.6921875 0.4359375 0.7125 0.4453125 0.7125
1 0.4484375 0.6609375 0.4375 0.6609375 0.4375 0.6796875 0.4484375 0.6796875
1 0.4453125 0.625 0.4359375 0.625 0.4359375 0.646875 0.4453125 0.646875
1 0.446875 0.59375 0.4375 0.59375 0.4375 0.615625 0.446875 0.615625
1 0.453125 0.559375 0.44375 0.559375 0.44375 0.5796875 0.453125 0.5796875
1 0.4796875 0.5953125 0.4734375 0.5953125 0.4734375 0.6140625 0.4796875 0.6140625
1 0.49375 0.59375 0.484375 0.59375 0.484375 0.6140625 0.49375 0.6140625
1 0.5015625 0.5921875 0.49375 0.5921875 0.49375 0.6140625 0.5015625 0.6140625
1 0.4875 0.625 0.48125 0.625 0.48125 0.646875 0.4875 0.646875
1 0.4859375 0.659375 0.4765625 0.659375 0.4765625 0.68125 0.4859375 0.68125
1 0.4859375 0.690625 0.478125 0.690625 0.478125 0.7125 0.4859375 0.7125
1 0.4953125 0.625 0.4875 0.625 0.4875 0.6453125 0.4953125 0.6453125
1 0.496875 0.65625 0.4890625 0.65625 0.4890625 0.6796875 0.496875 0.6796875
1 0.496875 0.6921875 0.4875 0.6921875 0.4875 0.7109375 0.496875 0.7109375
1 0.49375 0.559375 0.4875 0.559375 0.4875 0.5796875 0.49375 0.5796875
1 0.5046875 0.559375 0.4953125 0.559375 0.4953125 0.58125 0.5046875 0.58125
1 0.54375 0.59375 0.534375 0.59375 0.534375 0.6140625 0.54375 0.6140625
1 0.5375 0.628125 0.5296875 0.628125 0.5296875 0.646875 0.5375 0.646875
1 0.5359375 0.65625 0.528125 0.65625 0.528125 0.6796875 0.5359375 0.6796875
1 0.5375 0.6921875 0.528125 0.6921875 0.528125 0.7125 0.5375 0.7125
1 0.5265625000000002 0.7265625 0.5171875000000001 0.7265625 0.5171875000000001 0.746875 0.5265625000000002 0.746875
1 0.546875 0.628125 0.5390625 0.628125 0.5390625 0.6484375 0.546875 0.6484375
1 0.55 0.659375 0.540625 0.659375 0.540625 0.68125 0.55 0.68125
1 0.5453125 0.69375 0.5390625 0.69375 0.5390625 0.7140625 0.5453125 0.7140625
1 0.5484375000000001 0.725 0.5421875 0.725 0.5421875 0.746875 0.5484375000000001 0.746875
1 0.5578125 0.725 0.5484375 0.725 0.5484375000000001 0.746875 0.5578125000000002 0.746875
1 0.5671875000000002 0.7265625 0.5578125000000002 0.7265625 0.5578125000000002 0.7453125 0.5671875000000002 0.7453125
1 0.5453125 0.5609375 0.5390625 0.5609375 0.5390625 0.5796875 0.5453125 0.5796875
1 0.55625 0.5609375 0.546875 0.5609375 0.546875 0.578125 0.55625 0.578125
1 0.6015625 0.559375 0.59375 0.559375 0.59375 0.5796875 0.6015625 0.5796875
1 0.6109375 0.559375 0.6 0.559375 0.6 0.5796875 0.6109375 0.5796875
1 0.5984375 0.5953125 0.5875 0.5953125 0.5875 0.6140625 0.5984375 0.6140625
1 0.5921875 0.628125 0.584375 0.628125 0.584375 0.646875 0.5921875 0.646875
1 0.6015625 0.628125 0.5921875 0.628125 0.5921875 0.6453125 0.6015625 0.6453125
1 0.5921875 0.659375 0.5859375 0.659375 0.5859375 0.68125 0.5921875 0.68125
1 0.5921875 0.690625 0.5859375 0.690625 0.5859375 0.7125 0.5921875 0.7125
1 0.6015625 0.6921875 0.5921875 0.6921875 0.5921875 0.7125 0.6015625 0.7125
1 0.6015625 0.659375 0.5921875 0.659375 0.5921875 0.6796875 0.6015625 0.6796875
1 0.6515625 0.5609375 0.64375 0.5609375 0.64375 0.58125 0.6515625 0.58125
1 0.6625 0.5609375 0.6515625 0.5609375 0.6515625 0.578125 0.6625 0.578125
1 0.6546875 0.59375 0.646875 0.59375 0.646875 0.6140625 0.6546875 0.6140625
1 0.6421875 0.5921875 0.6328125 0.5921875 0.6328125 0.6125 0.6421875 0.6125
1 0.6421875 0.6265625 0.6359375 0.6265625 0.6359375 0.646875 0.6421875 0.646875
1 0.653125 0.6265625 0.6453125 0.6265625 0.6453125 0.6453125 0.653125 0.6453125
1 0.6359375 0.659375 0.63125 0.659375 0.63125 0.6796875 0.6359375 0.6796875
1 0.646875 0.659375 0.6390625 0.659375 0.6390625 0.68125 0.646875 0.68125
1 0.659375 0.659375 0.6515625 0.659375 0.6515625 0.6796875 0.659375 0.6796875
1 0.6453125 0.6921875 0.634375 0.6921875 0.634375 0.7125 0.6453125 0.7125
1 0.6546875 0.69375 0.64375 0.69375 0.64375 0.7125 0.6546875 0.7125
1 0.7015625 0.559375 0.69375 0.559375 0.69375 0.58125 0.7015625 0.58125
1 0.7109375 0.5609375 0.7015625 0.5609375 0.7015625 0.5796875 0.7109375 0.5796875
1 0.7046875 0.59375 0.6953125 0.59375 0.6953125 0.6140625 0.7046875 0.6140625
1 0.6921875 0.59375 0.6828125 0.59375 0.6828125 0.6140625 0.6921875 0.6140625
1 0.69375 0.6265625 0.6859375 0.6265625 0.6859375 0.646875 0.69375 0.646875
1 0.703125 0.6265625 0.69375 0.6265625 0.69375 0.6453125 0.703125 0.6453125
1 0.6921875 0.6609375 0.6859375 0.6609375 0.6859375 0.6796875 0.6921875 0.6796875
1 0.703125 0.659375 0.69375 0.659375 0.69375 0.68125 0.703125 0.68125
1 0.6921875 0.69375 0.6859375 0.69375 0.6859375 0.7140625 0.6921875 0.7140625
1 0.7015625 0.69375 0.6953125 0.69375 0.6953125 0.7140625 0.7015625 0.7140625
1 0.753125 0.5593750000000002 0.7453125 0.5593750000000002 0.7453125 0.5796875000000001 0.753125 0.5796875000000001
1 0.7625 0.5593750000000002 0.753125 0.5593750000000002 0.753125 0.5796875000000001 0.7625 0.5796875000000001
1 0.7515625 0.5937500000000002 0.740625 0.5937500000000002 0.740625 0.6140625000000002 0.7515625 0.6140625000000002
1 0.7453125 0.6265625000000001 0.7359375 0.6265625000000001 0.7359375 0.6453125000000002 0.7453125 0.6453125000000002
1 0.7546875 0.6250000000000002 0.746875 0.6250000000000002 0.746875 0.6437500000000002 0.7546875 0.6437500000000002
1 0.74375 0.6609375000000002 0.7375 0.6609375000000002 0.7375 0.6796875000000002 0.74375 0.6796875000000002
1 0.7453125 0.6906250000000002 0.7375 0.6906250000000002 0.7375 0.7156250000000002 0.7453125 0.7156250000000002
1 0.7546875 0.6906250000000002 0.7453125 0.6906250000000002 0.7453125 0.7125000000000001 0.7546875 0.7125000000000001
1 0.7546875 0.6593750000000002 0.74375 0.6593750000000002 0.74375 0.6828125000000002 0.7546875 0.6828125000000002