0 0.3671875 0.15312500000000004 0.3546875 0.15312500000000004 0.3546875 0.290625 0.3671875 0.2906250000000001
0 0.39062500000000006 0.050000000000000044 0.3828125 0.050000000000000044 0.38281250000000006 0.37187500000000007 0.3906250000000001 0.37187500000000007
0 0.3906250000000001 0.3734375000000001 0.3828125000000001 0.3734375000000001 0.3828125000000001 0.4296875 0.3906250000000001 0.4296875
0 0.1640625 0.035937500000000025 0.15625 0.035937500000000025 0.15625 0.1796875 0.1640625 0.1796875
0 0.16250000000000003 0.1859375 0.15781250000000005 0.1859375 0.15781250000000005 0.4265625 0.16250000000000003 0.4265625
0 0.4203125 0.037500000000000054 0.4140625 0.037500000000000054 0.4140625 0.17656250000000004 0.4203125 0.17656250000000004
0 0.4203125 0.18125000000000005 0.4140625 0.18125000000000005 0.4140625 0.4421875 0.4203125 0.4421875
0 0.6125 0.1531250000000001 0.6078125 0.1531250000000001 0.6078125 0.28593750000000007 0.6125 0.28593750000000007
0 0.6484375 0.037500000000000075 0.6421875 0.037500000000000075 0.6421875 0.38750000000000007 0.6484375 0.38750000000000007
0 0.646875 0.3890625000000001 0.6421875 0.3890625000000001 0.6421875 0.44375 0.646875 0.44375
0 0.6765625 0.03593750000000008 0.6703125 0.03593750000000008 0.6703125 0.1781250000000001 0.6765625 0.1781250000000001
0 0.6765625 0.18125000000000008 0.671875 0.18125000000000008 0.671875 0.44375 0.6765625 0.44375
0 0.9046875 0.09843750000000011 0.9 0.09843750000000011 0.9 0.3859375000000001 0.9046875 0.3859375000000001
0 0.9046875 0.3890625000000001 0.896875 0.3890625000000001 0.896875 0.4437500000000002 0.9046875 0.4437500000000002
1 0.3546875 0.2328125 0.340625 0.2328125 0.340625 0.24375 0.3546875 0.24375
1 0.35625 0.259375 0.340625 0.259375 0.340625 0.2734375 0.35625 0.2734375
1 0.6046875 0.2328125000000001 0.590625 0.2328125000000001 0.590625 0.2453125000000001 0.6046875 0.2453125000000001
1 0.6046875 0.2578125000000001 0.5890625 0.2578125000000001 0.5890625 0.27031250000000007 0.6046875 0.27031250000000007
1 0.8609375 0.23437500000000008 0.846875 0.23437500000000008 0.846875 0.2453125000000001 0.8609375 0.2453125000000001
1 0.8625 0.2593750000000001 0.846875 0.2593750000000001 0.846875 0.27031250000000007 0.8625 0.27031250000000007