1 0.17812500000000003 0.31875 0.16718750000000004 0.31875 0.16718750000000004 0.3453125 0.17812500000000003 0.3453125
0 0.2968750000000001 0.453125 0.2671875000000001 0.453125 0.2671875000000001 0.4640625 0.2968750000000001 0.4640625
1 0.2921875000000001 0.4421875 0.2734375000000001 0.4421875 0.2734375000000001 0.459375 0.2921875000000001 0.459375
0 0.2656250000000001 0.45625 0.2296875000000001 0.45625 0.2296875000000001 0.465625 0.2656250000000001 0.465625
1 0.2531250000000001 0.4375 0.2390625000000001 0.4375 0.2390625000000001 0.459375 0.2531250000000001 0.459375
0 0.66875 0.22187500000000004 0.26875 0.221875 0.26875 0.22812500000000005 0.66875 0.22812500000000008
1 0.48125 0.20312500000000008 0.4578125 0.20312500000000008 0.4578125 0.2218750000000001 0.48125 0.2218750000000001
2 0.290625 0.240625 0.2671875 0.240625 0.2671875 0.271875 0.290625 0.271875
1 0.2953125 0.225 0.2875 0.225 0.2875 0.24375 0.2953125 0.24375
2 0.33125 0.2578125 0.2984375 0.2578125 0.2984375 0.2828125 0.33125 0.2828125
1 0.309375 0.225 0.303125 0.225 0.303125 0.24375 0.309375 0.24375
1 0.3296875 0.24375 0.3234375 0.24375 0.3234375 0.2609375 0.3296875 0.2609375
1 0.3453125 0.24375 0.3359375 0.24375 0.3359375 0.2609375 0.3453125 0.2609375
0 0.6671875 0.434375 0.49375 0.434375 0.49375 0.440625 0.6671875 0.440625
1 0.5890625 0.4125 0.5734375 0.4125 0.5734375 0.434375 0.5890625 0.434375
1 0.6984375 0.3234375000000001 0.684375 0.3234375000000001 0.684375 0.3593750000000001 0.6984375 0.3593750000000001
1 0.446875 0.3218750000000001 0.4328125 0.3218750000000001 0.4328125 0.3421875000000001 0.446875 0.3421875000000001
0 0.18437500000000004 0.265625 0.17656250000000004 0.265625 0.17656250000000004 0.415625 0.18437500000000004 0.415625
1 0.20625 0.3296875 0.19218750000000004 0.3296875 0.19218750000000004 0.3515625 0.20625 0.3515625
0 0.7015625 0.2953125000000001 0.6953125 0.2953125000000001 0.6953125 0.3843750000000001 0.7015625 0.3843750000000001
0 0.21093750000000006 0.28125 0.2015625 0.28125 0.20156250000000003 0.403125 0.21093750000000008 0.403125
1 0.2875 0.33125 0.275 0.33125 0.275 0.3546875 0.2875 0.3546875
0 0.8484375 0.46406250000000016 0.7875 0.46406250000000016 0.7875 0.47187500000000016 0.8484375 0.47187500000000016
1 0.825 0.44843750000000016 0.809375 0.44843750000000016 0.809375 0.46875000000000017 0.825 0.46875000000000017
0 0.3062500000000001 0.8125 0.2296875000000001 0.8125 0.2296875000000001 0.81875 0.3062500000000001 0.81875
1 0.2750000000000001 0.7953125 0.2609375000000001 0.7953125 0.2609375000000001 0.8125 0.2750000000000001 0.8125
1 0.1687500000000001 0.6859375 0.1546875000000001 0.6859375 0.1546875000000001 0.715625 0.1687500000000001 0.715625
0 0.22031250000000008 0.8140625 0.1781250000000001 0.8140625 0.1781250000000001 0.8203125 0.22031250000000008 0.8203125
1 0.18906250000000008 0.796875 0.1781250000000001 0.796875 0.1781250000000001 0.8140625 0.18906250000000008 0.8140625
1 0.33281250000000007 0.7015625 0.31718750000000007 0.7015625 0.31718750000000007 0.7234375 0.33281250000000007 0.7234375
2 0.35625000000000007 0.7484375 0.3125000000000001 0.7484375 0.3125000000000001 0.784375 0.35625000000000007 0.784375
1 0.3578125000000001 0.7078125 0.3437500000000001 0.7078125 0.3437500000000001 0.7421875 0.3578125000000001 0.7421875
0 0.48750000000000016 0.8140625 0.3968750000000001 0.8140625 0.3968750000000001 0.8203125 0.48750000000000016 0.8203125
1 0.44843750000000016 0.79375 0.4312500000000002 0.79375 0.4312500000000002 0.8140625 0.44843750000000016 0.8140625
1 0.51875 0.6796875 0.5046875 0.6796875 0.5046875 0.715625 0.51875 0.715625
1 0.5859375 0.6859375 0.5734375 0.6859375 0.5734375 0.7125 0.5859375 0.7125
0 0.6843750000000002 0.8125 0.6171875000000002 0.8125 0.6171875000000002 0.81875 0.6843750000000002 0.81875
1 0.6578125000000001 0.79375 0.6453125000000002 0.79375 0.6453125000000002 0.8140625 0.6578125000000001 0.8140625
1 0.7125 0.7 0.6984375 0.7 0.6984375 0.721875 0.7125 0.721875
1 0.7390625000000001 0.7140625 0.721875 0.7140625 0.721875 0.7437500000000001 0.7390625000000002 0.7437500000000001
0 0.88125 0.8125 0.7859375000000002 0.8125 0.7859375000000002 0.8203125 0.88125 0.8203125
1 0.8421875 0.7968750000000002 0.825 0.7968750000000002 0.825 0.8125 0.8421875 0.8125
1 0.9125 0.6812500000000001 0.89375 0.6812500000000001 0.89375 0.7171875000000002 0.9125 0.7171875000000002
0 0.4515625 0.3031250000000001 0.4421875 0.3031250000000001 0.4421875 0.3812500000000001 0.4515625 0.3812500000000001
0 0.1750000000000001 0.646875 0.1671875000000001 0.646875 0.1671875000000001 0.7515625 0.1750000000000001 0.7515625
0 0.5281250000000001 0.6234375 0.51875 0.6234375 0.51875 0.775 0.5281250000000002 0.775
0 0.5921875000000001 0.6390625 0.5875 0.6390625 0.5875000000000001 0.7609375 0.5921875000000002 0.7609375
1 0.1937500000000001 0.6046875 0.17968750000000008 0.6046875 0.17968750000000008 0.6234375 0.1937500000000001 0.6234375
1 0.2171875000000001 0.60625 0.2000000000000001 0.60625 0.2000000000000001 0.6234375 0.2171875000000001 0.6234375
2 0.21875000000000008 0.6453125 0.1937500000000001 0.6453125 0.1937500000000001 0.6734375 0.21875000000000008 0.6734375
2 0.7343750000000002 0.7453125 0.6890625000000001 0.7453125 0.6890625000000001 0.784375 0.7343750000000002 0.7843750000000002