0 0.4796875 0.6125 0.2875000000000001 0.6125 0.2875000000000001 0.696875 0.4796875 0.696875
0 0.2296875000000001 0.5015625 0.18125000000000005 0.5015625 0.18125000000000008 0.6109375 0.2296875000000001 0.6109375
0 0.421875 0.28437500000000004 0.34375 0.284375 0.34375 0.30312500000000003 0.421875 0.3031250000000001
0 0.23125 0.11875000000000005 0.1859375 0.11875000000000005 0.18593750000000003 0.2109375 0.23125 0.2109375
0 0.278125 0.0031250000000000292 0.1875 0.0031250000000000236 0.1875 0.10625000000000004 0.278125 0.10625000000000004
0 0.9109375 1.0830470129959405e-16 0.8578125 1.0505173323935891e-16 0.8578125 0.5093750000000001 0.9109375 0.5093750000000001
1 0.1875 0.03281250000000002 0.16875 0.03281250000000002 0.16875 0.057812500000000024 0.1875 0.057812500000000024
1 0.1859375 0.15937500000000002 0.171875 0.159375 0.171875 0.18125000000000002 0.1859375 0.18125000000000005
1 0.3890625 0.2609375000000001 0.375 0.2609375000000001 0.375 0.2828125000000001 0.3890625 0.2828125000000001
1 0.396875 0.2562500000000001 0.3875 0.2562500000000001 0.3875 0.2796875000000001 0.396875 0.2796875000000001
1 0.8890625 0.22656250000000008 0.8671875 0.22656250000000008 0.8671875 0.24375000000000008 0.8890625 0.24375000000000008
1 0.3890625000000001 0.6375 0.3765625000000001 0.6375 0.3765625000000001 0.6671875 0.3890625000000001 0.6671875
1 0.18906250000000008 0.55 0.1703125000000001 0.55 0.1703125000000001 0.56875 0.18906250000000008 0.56875
1 0.6187500000000001 0.69375 0.6015625 0.69375 0.6015625000000001 0.7328125 0.6187500000000001 0.7328125
1 0.6250000000000002 0.7390625 0.6093750000000002 0.7390625 0.6093750000000002 0.7796875 0.6250000000000002 0.7796875
1 0.6171875000000002 0.7890625 0.6015625000000002 0.7890625 0.6015625000000002 0.8296875 0.6171875000000002 0.8296875
1 0.6156250000000002 0.840625 0.5984375000000002 0.840625 0.5984375000000002 0.875 0.6156250000000002 0.875
1 0.6156250000000002 0.884375 0.6015625000000002 0.884375 0.6015625000000002 0.925 0.6156250000000002 0.925
1 0.6359375000000002 0.7921875 0.6218750000000002 0.7921875 0.6218750000000002 0.828125 0.6359375000000002 0.828125
1 0.6328125000000002 0.8359375 0.6203125000000002 0.8359375 0.6203125000000002 0.8765625 0.6328125000000002 0.8765625
1 0.6296875000000002 0.884375 0.6203125000000002 0.884375 0.6203125000000002 0.9265625 0.6296875000000002 0.9265625
1 0.6437500000000002 0.88125 0.6312500000000002 0.88125 0.6312500000000002 0.925 0.6437500000000002 0.925
1 0.6343750000000001 0.9359375 0.6203125000000002 0.9359375 0.6203125000000002 0.9765625 0.6343750000000001 0.9765625
1 0.6531250000000002 0.9328125 0.6406250000000002 0.9328125 0.6406250000000002 0.9734375 0.6531250000000002 0.9734375
1 0.6421875000000001 0.7375 0.6296875000000002 0.7375 0.6296875000000002 0.78125 0.6421875000000001 0.78125
1 0.6562500000000002 0.7390625 0.6437500000000002 0.7390625 0.6437500000000002 0.7796875 0.6562500000000002 0.7796875