0 0.8203125 0.7515625000000001 0.05156250000000009 0.7515625 0.05156250000000009 0.76875 0.8203125 0.7687500000000002
1 0.12968750000000004 0.3921875 0.09062500000000004 0.3921875 0.09062500000000004 0.4296875 0.12968750000000004 0.4296875
1 0.1843750000000001 0.63125 0.1515625000000001 0.63125 0.1515625000000001 0.659375 0.1843750000000001 0.659375
1 0.44218750000000007 0.7109375 0.3906250000000001 0.7109375 0.3906250000000001 0.746875 0.4421875000000002 0.746875
1 0.7515625000000001 0.6953125000000002 0.7375 0.6953125000000002 0.7375 0.7343750000000002 0.7515625000000001 0.7343750000000002
1 0.809375 0.6953125000000002 0.775 0.6953125000000002 0.7750000000000001 0.7421875000000002 0.809375 0.7421875000000002
0 1 0.7578125000000002 0.9171875 0.7578125000000002 0.9171875 0.7671875000000001 1 0.7671875000000001
1 0.9859375 0.7250000000000002 0.953125 0.7250000000000002 0.953125 0.7500000000000002 0.9859375 0.7500000000000002
1 0.746875 0.38750000000000007 0.6890625 0.38750000000000007 0.6890625 0.4234375000000001 0.746875 0.4234375000000002
1 0.7453125 0.3343750000000001 0.659375 0.3343750000000001 0.659375 0.3671875000000001 0.7453125 0.3671875000000001
2 0.4875 0.5625 0.465625 0.5625 0.465625 0.5921875 0.4875 0.5921875
1 0.4890625 0.5140625 0.465625 0.5140625 0.465625 0.5609375 0.4890625 0.5609375
1 0.6234375 0.528125 0.5953125 0.528125 0.5953125 0.578125 0.6234375 0.578125
1 0.8703125 0.3812500000000001 0.846875 0.3812500000000001 0.846875 0.42500000000000016 0.8703125 0.42500000000000016
1 0.05625000000000009 0.6484375 0.025000000000000078 0.6484375 0.025000000000000085 0.6875 0.05625000000000009 0.6875
1 0.026562500000000065 0.53125 0.006250000000000064 0.53125 0.006250000000000066 0.5640625 0.026562500000000065 0.5640625