0 1 0.35000000000000003 0.18125000000000005 0.35 0.18125000000000005 0.46562500000000007 1 0.4656250000000002
0 1 0.34687500000000004 0.08125000000000004 0.346875 0.08125000000000004 0.4250000000000001 1 0.42500000000000016
0 0.09062500000000007 0.4296875 0.046875000000000056 0.4296875 0.04687500000000007 0.7 0.0906250000000001 0.7
0 0.6546875 0.5109375 0.6390625 0.5109375 0.6390625 0.6234375 0.6546875 0.6234375
0 0.8125 0.49218750000000017 0.7921875 0.49218750000000017 0.7921875 0.6453125000000002 0.8125 0.6453125000000002
2 0.871875 0.38750000000000007 0.8578125 0.38750000000000007 0.8578125 0.42187500000000017 0.871875 0.42187500000000017
1 0.540625 0.3062500000000001 0.515625 0.3062500000000001 0.515625 0.3625000000000001 0.540625 0.3625000000000001
1 0.5546875 0.3125000000000001 0.5390625 0.3125000000000001 0.5390625 0.3609375000000001 0.5546875 0.3609375000000001
1 0.5734375 0.3187500000000001 0.5515625 0.3187500000000001 0.5515625 0.3593750000000001 0.5734375 0.3593750000000001
2 0.6421875 0.590625 0.615625 0.590625 0.615625 0.6203125 0.6421875 0.6203125
2 0.056250000000000064 0.5890625 0.032812500000000064 0.5890625 0.03281250000000007 0.6171875 0.056250000000000064 0.6171875
1 0.056250000000000064 0.5671875 0.028125000000000067 0.5671875 0.028125000000000074 0.5921875 0.056250000000000064 0.5921875
1 0.056250000000000064 0.5421875 0.028125000000000067 0.5421875 0.028125000000000067 0.565625 0.056250000000000064 0.565625
1 0.057812500000000065 0.5109375 0.028125000000000067 0.5109375 0.028125000000000067 0.540625 0.057812500000000065 0.540625