0 0.4031250000000002 0.765625 0.35625000000000007 0.765625 0.35625000000000007 0.775 0.4031250000000002 0.775
1 0.3781250000000001 0.7546875 0.3593750000000001 0.7546875 0.3593750000000001 0.7671875 0.3781250000000001 0.7671875
1 0.4031250000000002 0.753125 0.3843750000000001 0.753125 0.3843750000000001 0.7703125 0.4031250000000002 0.7703125
1 0.5500000000000002 0.8140625 0.5265625000000002 0.8140625 0.5265625000000002 0.8296875 0.5500000000000002 0.8296875
1 0.5484375000000001 0.790625 0.5265625000000002 0.790625 0.5265625000000002 0.8078125 0.5484375000000001 0.8078125
1 0.3984375000000001 0.5234375 0.3781250000000001 0.5234375 0.3781250000000001 0.5390625 0.3984375000000001 0.5390625
1 0.484375 0.5078125 0.475 0.5078125 0.475 0.5265625 0.484375 0.5265625
2 0.5265625 0.5296875 0.4984375 0.5296875 0.4984375 0.584375 0.5265625 0.584375
1 0.5078125 0.509375 0.496875 0.509375 0.496875 0.525 0.5078125 0.525
1 0.59375 0.525 0.575 0.525 0.575 0.5390625 0.59375 0.5390625
1 0.778125 0.5234375000000002 0.7578125 0.5234375000000002 0.7578125 0.5390625000000002 0.778125 0.5390625000000002
0 0.7593750000000001 0.7750000000000001 0.7140625000000002 0.775 0.7140625000000002 0.7875000000000001 0.7593750000000001 0.7875000000000002
1 0.7593750000000001 0.7656250000000002 0.7437500000000001 0.7656250000000002 0.7437500000000001 0.7812500000000002 0.7593750000000001 0.7812500000000002
1 0.7328125000000002 0.7640625000000001 0.7171875000000002 0.7640625 0.7171875000000002 0.7796875000000001 0.7328125000000002 0.7796875000000002
0 0.40625 0.5953125 0.4 0.5953125 0.4 0.7046875 0.40625 0.7046875
0 0.2953125000000001 0.6 0.2890625000000001 0.6 0.2890625000000001 0.703125 0.2953125000000001 0.703125
0 0.3500000000000001 0.76875 0.30937500000000007 0.76875 0.30937500000000007 0.775 0.3500000000000001 0.775
0 0.34843750000000007 0.7390625 0.32500000000000007 0.7390625 0.32500000000000007 0.7484375 0.34843750000000007 0.7484375
0 0.465625 0.59375 0.459375 0.59375 0.459375 0.7078125 0.465625 0.7078125
0 0.5796875 0.6078125 0.5703125 0.6078125 0.5703125 0.6953125 0.5796875 0.6953125
0 0.5953125 0.59375 0.5890625 0.59375 0.5890625 0.7109375 0.5953125 0.7109375
0 0.5234375000000002 0.765625 0.4781250000000002 0.765625 0.4781250000000002 0.7765625 0.5234375000000002 0.7765625
0 0.5265625000000002 0.7390625 0.5000000000000002 0.7390625 0.5000000000000002 0.746875 0.5265625000000002 0.746875
0 0.6453125 0.596875 0.640625 0.596875 0.640625 0.709375 0.6453125 0.709375
0 0.7062500000000002 0.7765625 0.6625000000000002 0.7765625 0.6625000000000002 0.7859375 0.7062500000000002 0.7859375
0 0.7078125000000002 0.75 0.6796875000000002 0.75 0.6796875000000002 0.7578125 0.7078125000000002 0.7578125
0 0.7609375 0.6140625000000002 0.75625 0.6140625000000002 0.75625 0.6937500000000002 0.7609375 0.6937500000000002
0 0.78125 0.5890625000000002 0.7734375 0.5890625000000002 0.7734375 0.7171875000000002 0.78125 0.7171875000000002
2 0.40625 0.5359375 0.3859375000000001 0.5359375 0.3859375000000001 0.55625 0.40625 0.55625
2 0.5984375 0.534375 0.5828125 0.534375 0.5828125 0.5546875 0.5984375 0.5546875
2 0.5453125 0.5796875 0.5296875 0.5796875 0.5296875 0.6078125 0.5453125 0.6078125
2 0.37187500000000007 0.5828125 0.3531250000000001 0.5828125 0.3531250000000001 0.6125 0.37187500000000007 0.6125
0 0.3515625000000001 0.4296875 0.31718750000000007 0.4296875 0.31718750000000007 0.4390625 0.3515625000000001 0.4390625
0 0.525 0.4265625 0.3546875000000001 0.4265625 0.3546875000000001 0.4359375 0.525 0.4359375
0 0.5234375 0.3843750000000001 0.425 0.3843750000000001 0.425 0.3937500000000001 0.5234375 0.3937500000000001
0 0.4234375 0.38281250000000006 0.3546875000000001 0.3828125 0.3546875000000001 0.39375000000000004 0.4234375 0.3937500000000001
0 0.3046875 0.221875 0.2953125 0.221875 0.2953125 0.315625 0.3046875 0.315625
0 0.4109375 0.34687500000000004 0.353125 0.346875 0.353125 0.35781250000000003 0.4109375 0.3578125000000001
0 0.4109375 0.2390625000000001 0.4046875 0.2390625000000001 0.4046875 0.30156250000000007 0.4109375 0.30156250000000007
2 0.415625 0.20781250000000004 0.35625 0.2078125 0.35625 0.22968750000000004 0.415625 0.2296875000000001
2 0.3859375 0.15000000000000005 0.325 0.15000000000000005 0.325 0.18125000000000005 0.3859375 0.18125000000000005
1 0.3546875 0.12656250000000005 0.3328125 0.12656250000000005 0.3328125 0.14531250000000004 0.3546875 0.14531250000000004
1 0.384375 0.12656250000000005 0.3640625 0.12656250000000005 0.3640625 0.14687500000000003 0.384375 0.14687500000000003
1 0.7484375 0.47968750000000016 0.7390625 0.47968750000000016 0.7390625 0.5015625000000001 0.7484375 0.5015625000000001
1 0.56875 0.4828125 0.55625 0.4828125 0.55625 0.4984375 0.56875 0.4984375
2 0.78125 0.5375000000000002 0.76875 0.5375000000000002 0.76875 0.5562500000000001 0.78125 0.5562500000000001