2 0.771875 0.4781250000000001 0.7109375 0.478125 0.7109375 0.5531250000000001 0.771875 0.5531250000000002
1 0.7375 0.5218750000000002 0.7265625 0.5218750000000002 0.7265625 0.5406250000000001 0.7375 0.5406250000000001
1 0.75 0.5156250000000002 0.7375 0.5156250000000002 0.7375 0.5406250000000001 0.75 0.5406250000000001
1 0.6765625 0.4875 0.6578125 0.4875 0.6578125 0.509375 0.6765625 0.509375
1 0.66875 0.4734375 0.6515625 0.4734375 0.6515625 0.4984375 0.66875 0.4984375
0 0.3453125 0.15937500000000004 0.2984375 0.15937500000000004 0.2984375 0.17187500000000006 0.3453125 0.17187500000000006
0 0.390625 0.10156250000000004 0.371875 0.10156250000000004 0.371875 0.22812500000000008 0.390625 0.22812500000000008
2 0.3703125 0.19687500000000005 0.35625 0.19687500000000005 0.35625 0.21718750000000003 0.3703125 0.2171875000000001
1 0.371875 0.17968750000000006 0.3546875 0.17968750000000006 0.3546875 0.19843750000000004 0.371875 0.19843750000000004
1 0.3734375 0.16562500000000005 0.3546875 0.16562500000000005 0.3546875 0.18281250000000004 0.3734375 0.18281250000000004
1 0.375 0.14843750000000006 0.3546875 0.14843750000000006 0.3546875 0.16406250000000006 0.375 0.16406250000000006
1 0.3734375 0.13125000000000003 0.359375 0.13125000000000003 0.359375 0.15156250000000004 0.3734375 0.15156250000000004
1 0.3734375 0.12968750000000004 0.3609375 0.12968750000000004 0.3609375 0.13750000000000004 0.3734375 0.13750000000000004
1 0.3734375 0.11718750000000004 0.359375 0.11718750000000004 0.359375 0.13281250000000006 0.3734375 0.13281250000000006
1 0.3390625 0.29375 0.33125 0.29375 0.33125 0.3171875 0.3390625 0.3171875
1 0.346875 0.2953125 0.3375 0.2953125 0.3375 0.31875 0.346875 0.31875
1 0.3640625 0.29218750000000004 0.35 0.2921875 0.35 0.31875000000000003 0.3640625 0.3187500000000001
1 0.3734375 0.2921875000000001 0.3640625 0.2921875000000001 0.3640625 0.3203125000000001 0.3734375 0.3203125000000001
1 0.50625 0.040625000000000064 0.4921875 0.04062500000000006 0.4921875 0.06562500000000007 0.50625 0.06562500000000007
1 0.5171875 0.040625000000000064 0.50625 0.040625000000000064 0.50625 0.06562500000000007 0.5171875 0.06562500000000007
1 0.5265625 0.03906250000000007 0.515625 0.03906250000000007 0.515625 0.06406250000000006 0.5265625 0.06406250000000006
1 0.55625 0.03906250000000007 0.5453125 0.03906250000000007 0.5453125 0.06718750000000007 0.55625 0.06718750000000007
2 0.6109375 0.07656250000000006 0.590625 0.07656250000000006 0.590625 0.09687500000000007 0.6109375 0.09687500000000007
1 0.6125 0.06718750000000007 0.5921875 0.06718750000000007 0.5921875 0.08125000000000007 0.6125 0.08125000000000007
1 0.6109375 0.04843750000000008 0.59375 0.04843750000000008 0.59375 0.06562500000000007 0.6109375 0.06562500000000007
1 0.6171875 0.03593750000000008 0.603125 0.03593750000000008 0.603125 0.04843750000000008 0.6171875 0.04843750000000008
1 0.615625 0.02656250000000008 0.603125 0.02656250000000008 0.603125 0.03593750000000008 0.615625 0.03593750000000008
1 0.6171875 0.017187500000000074 0.603125 0.01718750000000007 0.603125 0.02656250000000008 0.6171875 0.02656250000000008
2 0.615625 0.03437500000000008 0.6125 0.03437500000000008 0.6125 0.04062500000000008 0.615625 0.04062500000000008
1 0.73125 0.006250000000000089 0.725 0.006250000000000089 0.725 0.03125000000000009 0.73125 0.03125000000000009
2 0.7375 0.01562500000000009 0.7296875 0.01562500000000009 0.7296875 0.02656250000000009 0.7375 0.02656250000000009
1 0.746875 0.006250000000000091 0.7390625 0.006250000000000091 0.7390625 0.028125000000000087 0.746875 0.028125000000000087
1 0.7578125 0.004687500000000093 0.7453125 0.004687500000000092 0.7453125 0.03125000000000009 0.7578125 0.03125000000000009
0 0.78125 0.037500000000000096 0.71875 0.03750000000000009 0.71875 0.045312500000000096 0.78125 0.0453125000000001
0 0.80625 0.0343750000000001 0.7828125 0.0343750000000001 0.7828125 0.0453125000000001 0.80625 0.0453125000000001
0 0.828125 0.11875000000000009 0.7859375 0.11875000000000009 0.7859375 0.2078125000000001 0.828125 0.2078125000000001
0 0.7859375 0.21250000000000008 0.4265625 0.21250000000000008 0.4265625 0.3375000000000001 0.7859375 0.3375000000000001
0 0.78125 0.21250000000000008 0.6625 0.21250000000000008 0.6625 0.2750000000000001 0.78125 0.2750000000000001
0 0.6234375 0.12500000000000008 0.615625 0.12500000000000008 0.615625 0.20468750000000008 0.6234375 0.20468750000000008
0 0.4578125 0.2140625000000001 0.425 0.2140625000000001 0.425 0.2562500000000001 0.4578125 0.2562500000000001
0 0.45 0.26250000000000007 0.425 0.26250000000000007 0.425 0.30937500000000007 0.45 0.30937500000000007
0 0.4203125 0.3218750000000001 0.390625 0.3218750000000001 0.390625 0.3359375000000001 0.4203125 0.3359375000000001
1 0.6875 0.04531250000000008 0.671875 0.045312500000000075 0.671875 0.0750000000000001 0.6875 0.0750000000000001
1 0.734375 0.08906250000000009 0.7234375 0.08906250000000009 0.7234375 0.1140625000000001 0.734375 0.1140625000000001
1 0.74375 0.09531250000000009 0.7328125 0.09531250000000009 0.7328125 0.1140625000000001 0.74375 0.1140625000000001
1 0.75625 0.08750000000000009 0.746875 0.08750000000000009 0.746875 0.11093750000000009 0.75625 0.11093750000000009
1 0.771875 0.0906250000000001 0.759375 0.0906250000000001 0.759375 0.11250000000000009 0.771875 0.11250000000000009
2 0.7265625 0.08125000000000009 0.69375 0.08125000000000009 0.69375 0.11562500000000009 0.7265625 0.11562500000000009
1 0.3234375 0.10156250000000004 0.3 0.10156250000000004 0.3 0.15156250000000004 0.3234375 0.15156250000000004
2 0.509375 0.3859375000000001 0.4953125 0.3859375000000001 0.4953125 0.4140625 0.509375 0.4140625
2 0.5265625 0.40625 0.5203125 0.40625 0.5203125 0.4171875 0.5265625 0.4171875
0 0.5375 0.38750000000000007 0.5234375 0.38750000000000007 0.5234375 0.4140625 0.5375 0.4140625
2 0.54375 0.3859375000000001 0.534375 0.3859375000000001 0.534375 0.3984375000000001 0.54375 0.3984375000000001
0 0.5171875 0.38750000000000007 0.5078125 0.38750000000000007 0.5078125 0.4125 0.5171875 0.4125
0 0.5234375 0.38750000000000007 0.515625 0.38750000000000007 0.515625 0.4109375 0.5234375 0.4109375
0 0.621875 0.56875 0.5390625 0.56875 0.5390625 0.6375 0.621875 0.6375
1 0.5578125 0.5890625 0.54375 0.5890625 0.54375 0.615625 0.5578125 0.615625
1 0.565625 0.5875 0.5578125 0.5875 0.5578125 0.6140625 0.565625 0.6140625
1 0.578125 0.590625 0.5640625 0.590625 0.5640625 0.6140625 0.578125 0.6140625
1 0.58125 0.590625 0.575 0.590625 0.575 0.6140625 0.58125 0.6140625
1 0.5859375 0.5890625 0.58125 0.5890625 0.58125 0.6109375 0.5859375 0.6109375
2 0.640625 0.4140625 0.621875 0.4140625 0.621875 0.4421875 0.640625 0.4421875
2 0.61875 0.421875 0.6015625 0.421875 0.6015625 0.4515625 0.61875 0.4515625
2 0.609375 0.2890625000000001 0.603125 0.2890625000000001 0.603125 0.2984375000000001 0.609375 0.2984375000000001
1 0.7171875 0.2328125000000001 0.70625 0.2328125000000001 0.70625 0.2562500000000001 0.7171875 0.2562500000000001
2 0.728125 0.22656250000000008 0.721875 0.22656250000000008 0.721875 0.2375000000000001 0.728125 0.2375000000000001
1 0.590625 0.3453125000000001 0.571875 0.3453125000000001 0.571875 0.3937500000000001 0.590625 0.3937500000000001
1 0.609375 0.496875 0.59375 0.496875 0.59375 0.5125 0.609375 0.5125
1 0.6109375 0.478125 0.5921875 0.478125 0.5921875 0.4921875 0.6109375 0.4921875
1 0.6 0.6046875 0.5921875 0.6046875 0.5921875 0.6234375 0.6 0.6234375
1 0.60625 0.603125 0.6015625 0.603125 0.6015625 0.6234375 0.60625 0.6234375
1 0.6125 0.6015625 0.60625 0.6015625 0.60625 0.621875 0.6125 0.621875
1 0.58125 0.29375000000000007 0.575 0.29375000000000007 0.575 0.3187500000000001 0.58125 0.3187500000000001
1 0.5890625 0.29375000000000007 0.5828125 0.29375000000000007 0.5828125 0.3187500000000001 0.5890625 0.3187500000000001
1 0.6015625 0.2921875000000001 0.5921875 0.2921875000000001 0.5921875 0.3187500000000001 0.6015625 0.3187500000000001
1 0.615625 0.2828125000000001 0.6109375 0.2828125000000001 0.6109375 0.30156250000000007 0.615625 0.30156250000000007
1 0.625 0.2843750000000001 0.61875 0.2843750000000001 0.61875 0.30156250000000007 0.625 0.30156250000000007
1 0.63125 0.2828125000000001 0.625 0.2828125000000001 0.625 0.3000000000000001 0.63125 0.3000000000000001
1 0.4875 0.2718750000000001 0.4734375 0.2718750000000001 0.4734375 0.3000000000000001 0.4875 0.3000000000000001
1 0.509375 0.2734375000000001 0.4984375 0.2734375000000001 0.4984375 0.2984375000000001 0.509375 0.2984375000000001
1 0.5203125 0.2718750000000001 0.5109375 0.2718750000000001 0.5109375 0.30156250000000007 0.5203125 0.30156250000000007
2 0.465625 0.2812500000000001 0.446875 0.2812500000000001 0.446875 0.3031250000000001 0.465625 0.3031250000000001
0 0.434375 0.00312500000000005 0.38125 0.003125000000000047 0.38125 0.09218750000000005 0.434375 0.09218750000000005
0 0.45625 0.06875000000000006 0.421875 0.06875000000000005 0.421875 0.07968750000000005 0.45625 0.07968750000000006
1 0.81875 0.2312500000000001 0.8015625 0.2312500000000001 0.8015625 0.2500000000000001 0.81875 0.2500000000000001
1 0.8140625 0.2484375000000001 0.796875 0.2484375000000001 0.796875 0.2640625000000001 0.8140625 0.2640625000000001
2 0.8140625 0.2843750000000001 0.7984375 0.2843750000000001 0.7984375 0.2984375000000001 0.8140625 0.2984375000000001
1 0.8140625 0.2718750000000001 0.796875 0.2718750000000001 0.796875 0.2875000000000001 0.8140625 0.2875000000000001
1 0.815625 0.3234375000000001 0.7953125 0.3234375000000001 0.7953125 0.3453125000000001 0.815625 0.3453125000000001
1 0.8140625 0.3109375000000001 0.7953125 0.3109375000000001 0.7953125 0.3265625000000001 0.8140625 0.3265625000000001
1 0.8171875 0.2968750000000001 0.7953125 0.2968750000000001 0.7953125 0.3140625000000001 0.8171875 0.3140625000000001
2 0.809375 0.2609375000000001 0.803125 0.2609375000000001 0.803125 0.2718750000000001 0.809375 0.2718750000000001
1 0.70625 0.2312500000000001 0.696875 0.2312500000000001 0.696875 0.2562500000000001 0.70625 0.2562500000000001
1 0.7359375 0.21875000000000008 0.7265625 0.21875000000000008 0.7265625 0.2375000000000001 0.7359375 0.2375000000000001
1 0.740625 0.21875000000000008 0.7359375 0.21875000000000008 0.7359375 0.2375000000000001 0.740625 0.2375000000000001
1 0.7484375 0.21875000000000008 0.740625 0.21875000000000008 0.740625 0.2390625000000001 0.7484375 0.2390625000000001
1 0.46875 0.2171875000000001 0.4578125 0.2171875000000001 0.4578125 0.24218750000000008 0.46875 0.24218750000000008
1 0.4765625 0.2171875000000001 0.4703125 0.2171875000000001 0.4703125 0.24218750000000008 0.4765625 0.24218750000000008
1 0.4875 0.2218750000000001 0.4765625 0.2218750000000001 0.4765625 0.24375000000000008 0.4875 0.24375000000000008
1 0.4953125 0.2250000000000001 0.4859375 0.2250000000000001 0.4859375 0.24375000000000008 0.4953125 0.24375000000000008
1 0.503125 0.2234375000000001 0.4953125 0.2234375000000001 0.4953125 0.24218750000000008 0.503125 0.24218750000000008