0 0.10312500000000005 0.375 0.06250000000000004 0.375 0.06250000000000006 0.4734375 0.10312500000000005 0.4734375
0 0.1843750000000001 0.565625 0.10000000000000009 0.565625 0.10000000000000009 0.6515625 0.1843750000000001 0.6515625
0 0.2843750000000001 0.56875 0.1781250000000001 0.56875 0.1781250000000001 0.659375 0.2843750000000001 0.659375
0 0.503125 0.5828125 0.3531250000000001 0.5828125 0.3531250000000001 0.6640625 0.503125 0.6640625
2 0.07343750000000004 0.4265625 0.057812500000000044 0.4265625 0.057812500000000044 0.44375 0.07343750000000004 0.44375
1 0.07343750000000004 0.4140625 0.059375000000000046 0.4140625 0.059375000000000046 0.425 0.07343750000000004 0.425
1 0.07500000000000004 0.3984375 0.059375000000000046 0.3984375 0.059375000000000046 0.4125 0.07500000000000004 0.4125
1 0.1390625000000001 0.609375 0.1281250000000001 0.609375 0.1281250000000001 0.634375 0.1390625000000001 0.634375
1 0.15000000000000008 0.6109375 0.14062500000000008 0.6109375 0.14062500000000008 0.634375 0.15000000000000008 0.634375
1 0.22656250000000008 0.6140625 0.2156250000000001 0.6140625 0.2156250000000001 0.6359375 0.22656250000000008 0.6359375
1 0.2375000000000001 0.6140625 0.22656250000000008 0.6140625 0.22656250000000008 0.6328125 0.2375000000000001 0.6328125
1 0.43125 0.61875 0.421875 0.61875 0.421875 0.6421875 0.43125 0.6421875
1 0.440625 0.6203125 0.43125 0.6203125 0.43125 0.64375 0.440625 0.64375
0 0.625 0.3859375000000001 0.5890625 0.3859375000000001 0.5890625 0.4765625 0.625 0.4765625
1 0.590625 0.41875 0.578125 0.41875 0.578125 0.434375 0.590625 0.434375
1 0.5921875 0.4046875 0.5796875 0.4046875 0.5796875 0.4203125 0.5921875 0.4203125