0 0.18125000000000005 0.24375 0.10625000000000004 0.24375 0.10625000000000004 0.4421875 0.18125000000000005 0.4421875
0 0.17968750000000006 0.2453125 0.10625000000000004 0.2453125 0.10625000000000004 0.346875 0.17968750000000006 0.346875
0 0.18125000000000005 0.3109375 0.14375000000000004 0.3109375 0.14375000000000004 0.3453125 0.18125000000000005 0.3453125
0 0.18125000000000005 0.3515625 0.10468750000000004 0.3515625 0.10468750000000004 0.4421875 0.18125000000000005 0.4421875
0 0.18125000000000005 0.3546875 0.14218750000000005 0.3546875 0.14218750000000005 0.4046875 0.18125000000000005 0.4046875
0 0.35 0.2875 0.2984375 0.2875 0.2984375 0.2953125 0.35 0.2953125
0 0.3281250000000001 0.4890625 0.2875000000000001 0.4890625 0.2875000000000001 0.559375 0.3281250000000001 0.559375
0 0.3265625 0.06406250000000005 0.284375 0.06406250000000005 0.284375 0.11093750000000005 0.3265625 0.11093750000000005
0 0.17968750000000008 0.7015625 0.1390625000000001 0.7015625 0.1390625000000001 0.875 0.17968750000000008 0.875
0 0.4390625 0.628125 0.3234375000000001 0.628125 0.3234375000000001 0.675 0.4390625 0.675
0 0.4921875000000001 0.6734375 0.4390625 0.6734375 0.4390625000000001 0.9046875 0.49218750000000017 0.9046875
0 0.996875 0.1343750000000001 0.8890625 0.13437500000000008 0.8890625 0.4906250000000002 0.996875 0.4906250000000002
0 0.9546875 0.1359375000000001 0.890625 0.1359375000000001 0.890625 0.4421875000000002 0.9546875 0.4421875000000002
0 0.925 0.1359375000000001 0.890625 0.1359375000000001 0.890625 0.3156250000000001 0.925 0.3156250000000001
0 0.91875 0.13750000000000012 0.859375 0.1375000000000001 0.859375 0.2468750000000001 0.91875 0.2468750000000001
0 0.9953125 0.13750000000000012 0.834375 0.1375000000000001 0.834375 0.1437500000000001 0.9953125 0.14375000000000013
0 0.996875 0.4421875000000002 0.85 0.4421875000000002 0.85 0.4937500000000002 0.996875 0.4937500000000002
1 0.9109375 0.21250000000000008 0.8953125 0.21250000000000008 0.8953125 0.22656250000000008 0.9109375 0.22656250000000008
1 0.909375 0.22656250000000008 0.896875 0.22656250000000008 0.896875 0.2375000000000001 0.909375 0.2375000000000001
1 0.9421875 0.2750000000000001 0.928125 0.2750000000000001 0.928125 0.2906250000000001 0.9421875 0.2906250000000001
1 0.94375 0.2875000000000001 0.9296875 0.2875000000000001 0.9296875 0.30156250000000007 0.94375 0.30156250000000007
1 0.9859375 0.2875000000000001 0.96875 0.2875000000000001 0.96875 0.3046875000000001 0.9859375 0.3046875000000001
1 0.984375 0.31718750000000007 0.9703125 0.31718750000000007 0.9703125 0.3312500000000001 0.984375 0.3312500000000001
1 0.9859375 0.3046875000000001 0.96875 0.3046875000000001 0.96875 0.3203125000000001 0.9859375 0.3203125000000001
1 0.525 0.05156250000000007 0.5140625 0.05156250000000007 0.5140625 0.07968750000000006 0.525 0.07968750000000006
1 0.478125 0.05156250000000007 0.465625 0.05156250000000007 0.465625 0.08125000000000007 0.478125 0.08125000000000007
1 0.4390625 0.051562500000000046 0.4234375 0.051562500000000046 0.4234375 0.08125000000000004 0.4390625 0.08125000000000004
1 0.24375 0.051562500000000025 0.23125 0.051562500000000025 0.23125 0.07968750000000002 0.24375 0.07968750000000002
1 0.19375 0.051562500000000025 0.18125 0.051562500000000025 0.18125 0.08125000000000002 0.19375 0.08125000000000002
1 0.1375 0.050000000000000024 0.121875 0.050000000000000024 0.121875 0.08281250000000002 0.1375 0.08281250000000002
1 0.10937500000000004 0.290625 0.09375000000000004 0.290625 0.09375000000000004 0.30625 0.10937500000000004 0.30625
1 0.10937500000000004 0.278125 0.09375000000000004 0.278125 0.09375000000000004 0.29375 0.10937500000000004 0.29375
1 0.10781250000000005 0.3953125 0.09375000000000004 0.3953125 0.09375000000000004 0.4109375 0.10781250000000005 0.4109375
1 0.10781250000000005 0.3828125 0.09375000000000004 0.3828125 0.09375000000000004 0.3984375 0.10781250000000005 0.3984375
1 0.14218750000000005 0.378125 0.12656250000000005 0.378125 0.12656250000000005 0.3921875 0.14218750000000005 0.3921875
1 0.3812500000000001 0.6046875 0.37187500000000007 0.6046875 0.37187500000000007 0.6265625 0.3812500000000001 0.6265625
1 0.3906250000000001 0.60625 0.3828125000000001 0.60625 0.3828125000000001 0.6265625 0.3906250000000001 0.6265625
1 0.4812500000000002 0.771875 0.4656250000000002 0.771875 0.4656250000000002 0.7890625 0.4812500000000002 0.7890625
1 0.47968750000000016 0.7890625 0.46406250000000016 0.7890625 0.46406250000000016 0.803125 0.47968750000000016 0.803125
1 0.1390625000000001 0.7765625 0.12500000000000008 0.7765625 0.12500000000000008 0.790625 0.1390625000000001 0.790625
1 0.1390625000000001 0.7921875 0.12500000000000008 0.7921875 0.12500000000000008 0.8015625 0.1390625000000001 0.8015625
1 0.3390625 0.2625 0.3296875 0.2625 0.3296875 0.2828125 0.3390625 0.2828125
1 0.33125 0.2625 0.321875 0.2625 0.321875 0.284375 0.33125 0.284375