2 0.20625 0.2359375 0.19062500000000004 0.2359375 0.19062500000000004 0.253125 0.20625 0.253125
1 0.20625 0.215625 0.19062500000000004 0.215625 0.19062500000000004 0.2390625 0.20625 0.2390625
0 0.2109375 0.19375000000000003 0.20625 0.19375000000000003 0.20625 0.275 0.2109375 0.275
0 0.4140625 0.30312500000000003 0.2421875 0.303125 0.2421875 0.31250000000000006 0.4140625 0.3125000000000001
0 0.2390625 0.303125 0.2171875 0.303125 0.2171875 0.3125 0.2390625 0.3125
0 0.40625 0.28593750000000007 0.35625 0.2859375 0.35625 0.29375000000000007 0.40625 0.29375000000000007
0 0.4296875 0.2843750000000001 0.4125 0.2843750000000001 0.4125 0.29375000000000007 0.4296875 0.29375000000000007
0 0.528125 0.3031250000000001 0.475 0.3031250000000001 0.475 0.3125000000000001 0.528125 0.3125000000000001
0 0.55 0.18906250000000008 0.5453125 0.18906250000000008 0.5453125 0.2796875000000001 0.55 0.2796875000000001
1 0.5109375 0.2843750000000001 0.4921875 0.2843750000000001 0.4921875 0.30156250000000007 0.5109375 0.30156250000000007
0 0.4125 0.17656250000000004 0.3265625 0.17656250000000004 0.3265625 0.18906250000000005 0.4125 0.18906250000000005
1 0.3765625 0.16093750000000004 0.3609375 0.16093750000000004 0.3609375 0.17812500000000003 0.3765625 0.17812500000000003
2 0.2375 0.16250000000000003 0.2015625 0.16250000000000003 0.2015625 0.18750000000000006 0.2375 0.18750000000000006
1 0.2328125 0.14218750000000005 0.215625 0.14218750000000005 0.215625 0.16093750000000004 0.2328125 0.16093750000000004
1 0.3359375 0.284375 0.3171875 0.284375 0.3171875 0.3015625 0.3359375 0.3015625
1 0.3953125 0.2671875 0.3625 0.2671875 0.3625 0.28437500000000004 0.3953125 0.2843750000000001
0 0.2640625 0.15468750000000003 0.2421875 0.15468750000000003 0.2421875 0.19062500000000004 0.2640625 0.19062500000000004
1 0.2375 0.284375 0.21875 0.284375 0.21875 0.303125 0.2375 0.303125
1 0.43125 0.21875000000000008 0.415625 0.21875000000000008 0.415625 0.2562500000000001 0.43125 0.2562500000000001
2 0.54375 0.2375000000000001 0.534375 0.2375000000000001 0.534375 0.2531250000000001 0.54375 0.2531250000000001
1 0.5421875 0.2234375000000001 0.5328125 0.2234375000000001 0.5328125 0.2390625000000001 0.5421875 0.2390625000000001
2 0.634375 0.23593750000000008 0.621875 0.23593750000000008 0.621875 0.2500000000000001 0.634375 0.2500000000000001
2 0.828125 0.2375000000000001 0.815625 0.2375000000000001 0.815625 0.2515625000000001 0.828125 0.2515625000000001
2 0.853125 0.4421875000000002 0.840625 0.4421875000000002 0.840625 0.45625000000000016 0.853125 0.45625000000000016
1 0.73125 0.41875000000000007 0.721875 0.41875 0.721875 0.45000000000000007 0.73125 0.4500000000000002
2 0.7515625 0.4359375000000002 0.7375 0.4359375000000002 0.7375 0.44843750000000016 0.7515625 0.44843750000000016
1 0.21093750000000008 0.6484375 0.19687500000000008 0.6484375 0.19687500000000008 0.684375 0.21093750000000008 0.684375
2 0.22812500000000008 0.66875 0.2171875000000001 0.66875 0.2171875000000001 0.68125 0.22812500000000008 0.68125
2 0.615625 0.6578125 0.6046875 0.6578125 0.6046875 0.6703125 0.615625 0.6703125
2 0.634375 0.659375 0.6234375 0.659375 0.6234375 0.678125 0.634375 0.678125
2 0.83125 0.7062500000000002 0.821875 0.7062500000000002 0.821875 0.7312500000000002 0.83125 0.7312500000000002
1 0.9046875 0.6000000000000002 0.8859375 0.6000000000000002 0.8859375 0.6250000000000002 0.9046875 0.6250000000000002
1 0.759375 0.5937500000000002 0.7421875 0.5937500000000002 0.7421875 0.6203125000000002 0.759375 0.6203125000000002
1 0.78125 0.5718750000000001 0.7671875 0.5718750000000001 0.7671875 0.5890625000000002 0.78125 0.5890625000000002
1 0.6359375 0.634375 0.6203125 0.634375 0.6203125 0.665625 0.6359375 0.665625
1 0.6171875 0.64375 0.6015625 0.64375 0.6015625 0.6609375 0.6171875 0.6609375
0 0.6875 0.7125 0.6546875 0.7125 0.6546875 0.725 0.6875 0.725
1 0.68125 0.6921875 0.6640625 0.6921875 0.6640625 0.7109375 0.68125 0.7109375
0 0.7671875 0.4812500000000002 0.75625 0.4812500000000002 0.75625 0.5125000000000002 0.7671875 0.5125000000000002
1 0.7671875 0.4515625000000002 0.7578125 0.4515625000000002 0.7578125 0.47968750000000016 0.7671875 0.47968750000000016
1 0.784375 0.3812500000000001 0.76875 0.3812500000000001 0.76875 0.40625000000000017 0.784375 0.40625000000000017
1 0.715625 0.3593750000000001 0.703125 0.3593750000000001 0.703125 0.3812500000000001 0.715625 0.3812500000000001
1 0.675 0.415625 0.6578125 0.415625 0.6578125 0.453125 0.675 0.453125
1 0.709375 0.5 0.696875 0.5 0.696875 0.51875 0.709375 0.51875
1 0.715625 0.4703125 0.703125 0.4703125 0.703125 0.490625 0.715625 0.490625
1 0.7515625 0.4203125000000002 0.7375 0.4203125000000002 0.7375 0.4359375000000002 0.7515625 0.4359375000000002
1 0.5796875 0.459375 0.5640625 0.459375 0.5640625 0.4796875 0.5796875 0.4796875
1 0.546875 0.5078125 0.528125 0.5078125 0.528125 0.528125 0.546875 0.528125
1 0.5453125 0.3812500000000001 0.5265625 0.3812500000000001 0.5265625 0.3968750000000001 0.5453125 0.3968750000000001
0 0.5078125 0.484375 0.44375 0.484375 0.44375 0.4953125 0.5078125 0.4953125
1 0.4859375 0.4640625 0.471875 0.4640625 0.471875 0.484375 0.4859375 0.484375
1 0.4937500000000001 0.70625 0.4703125 0.70625 0.4703125000000001 0.7328125 0.4937500000000002 0.7328125
1 0.6375 0.2140625000000001 0.621875 0.2140625000000001 0.621875 0.2406250000000001 0.6375 0.2406250000000001
0 0.6984375 0.3046875000000001 0.6515625 0.3046875000000001 0.6515625 0.3125000000000001 0.6984375 0.3125000000000001
1 0.6828125 0.28593750000000007 0.66875 0.28593750000000007 0.66875 0.3046875000000001 0.6828125 0.3046875000000001
0 0.6703125 0.1671875000000001 0.640625 0.1671875000000001 0.640625 0.18750000000000008 0.6703125 0.18750000000000008
1 0.6671875 0.1468750000000001 0.65 0.1468750000000001 0.65 0.16562500000000008 0.6671875 0.16562500000000008
1 0.7203125 0.2234375000000001 0.7078125 0.2234375000000001 0.7078125 0.24375000000000008 0.7203125 0.24375000000000008
1 0.828125 0.22031250000000008 0.815625 0.22031250000000008 0.815625 0.2390625000000001 0.828125 0.2390625000000001
0 0.8109375 0.3046875000000001 0.7578125 0.3046875000000001 0.7578125 0.3125000000000001 0.8109375 0.3125000000000001
1 0.7921875 0.28593750000000007 0.775 0.28593750000000007 0.775 0.3031250000000001 0.7921875 0.3031250000000001
0 0.8375 0.4906250000000002 0.7984375 0.4906250000000002 0.7984375 0.5000000000000002 0.8375 0.5000000000000002
1 0.828125 0.47187500000000016 0.809375 0.47187500000000016 0.809375 0.4890625000000002 0.828125 0.4890625000000002
0 0.834375 0.1906250000000001 0.828125 0.1906250000000001 0.828125 0.2812500000000001 0.834375 0.2812500000000001
0 0.6421875 0.1984375000000001 0.634375 0.1984375000000001 0.634375 0.2734375000000001 0.6421875 0.2734375000000001
0 0.7265625 0.2093750000000001 0.71875 0.2093750000000001 0.71875 0.26250000000000007 0.7265625 0.26250000000000007
0 0.815625 0.3750000000000001 0.7875 0.3750000000000001 0.7875 0.40937500000000016 0.815625 0.40937500000000016
0 0.8609375 0.4031250000000002 0.853125 0.4031250000000002 0.853125 0.4671875000000002 0.8609375 0.4671875000000002
0 0.3890625000000001 0.7296875 0.3703125000000001 0.7296875 0.3703125000000001 0.7390625 0.3890625000000001 0.7390625
0 0.35625000000000007 0.7453125 0.2718750000000001 0.7453125 0.2718750000000001 0.7546875 0.35625000000000007 0.7546875
0 0.3546875000000001 0.703125 0.2921875000000001 0.703125 0.2921875000000001 0.715625 0.3546875000000001 0.715625
0 0.23593750000000008 0.63125 0.22656250000000008 0.63125 0.22656250000000008 0.6984375 0.23593750000000008 0.6984375
0 0.2953125000000001 0.6015625 0.2562500000000001 0.6015625 0.2562500000000001 0.6125 0.2953125000000001 0.6125
0 0.4046875 0.6265625 0.3390625000000001 0.6265625 0.3390625000000001 0.6359375 0.4046875 0.6359375
0 0.29375000000000007 0.725 0.2234375000000001 0.725 0.2234375000000001 0.7328125 0.29375000000000007 0.7328125
1 0.2296875000000001 0.65 0.2156250000000001 0.65 0.2156250000000001 0.66875 0.2296875000000001 0.66875
1 0.2531250000000001 0.7015625 0.2296875000000001 0.7015625 0.2296875000000001 0.721875 0.2531250000000001 0.721875
1 0.3203125000000001 0.7265625 0.3046875000000001 0.7265625 0.3046875000000001 0.7453125 0.3203125000000001 0.7453125
1 0.3187500000000001 0.79375 0.3062500000000001 0.79375 0.3062500000000001 0.8203125 0.3187500000000001 0.8203125
1 0.3281250000000001 0.684375 0.3140625000000001 0.684375 0.3140625000000001 0.70625 0.3281250000000001 0.70625
2 0.41093750000000007 0.7125 0.4 0.7125 0.4000000000000001 0.728125 0.4109375000000002 0.728125
1 0.4328125000000001 0.7109375 0.409375 0.7109375 0.4093750000000001 0.7296875 0.43281250000000016 0.7296875
1 0.4015625 0.60625 0.3812500000000001 0.60625 0.3812500000000001 0.6296875 0.4015625 0.6296875
1 0.37968750000000007 0.609375 0.36406250000000007 0.609375 0.36406250000000007 0.628125 0.37968750000000007 0.628125
0 0.5125 0.5109375 0.30156250000000007 0.5109375 0.30156250000000007 0.5203125 0.5125 0.5203125
1 0.415625 0.4921875 0.3984375000000001 0.4921875 0.3984375000000001 0.5109375 0.415625 0.5109375
0 0.2984375000000001 0.484375 0.2453125000000001 0.484375 0.2453125000000001 0.49375 0.2984375000000001 0.49375
1 0.2843750000000001 0.4671875 0.2640625000000001 0.4671875 0.2640625000000001 0.4859375 0.2843750000000001 0.4859375
0 0.3421875000000001 0.409375 0.2296875000000001 0.409375 0.2296875000000001 0.4171875 0.3421875000000001 0.4171875
1 0.3156250000000001 0.390625 0.3000000000000001 0.390625 0.3000000000000001 0.4125 0.3156250000000001 0.4125
1 0.33281250000000007 0.390625 0.3156250000000001 0.390625 0.3156250000000001 0.4078125 0.33281250000000007 0.4078125
1 0.2671875000000001 0.390625 0.2562500000000001 0.390625 0.2562500000000001 0.4078125 0.2671875000000001 0.4078125
2 0.3656250000000001 0.4125 0.3531250000000001 0.4125 0.3531250000000001 0.428125 0.3656250000000001 0.428125
1 0.3671875000000001 0.38593750000000004 0.3546875000000001 0.3859375 0.3546875000000001 0.4125 0.3671875000000001 0.4125
1 0.578125 0.3812500000000001 0.5640625 0.3812500000000001 0.5640625 0.4015625 0.578125 0.4015625
1 0.5984375 0.3828125000000001 0.584375 0.3828125000000001 0.584375 0.409375 0.5984375 0.409375
1 0.6171875 0.3828125000000001 0.6046875 0.3828125000000001 0.6046875 0.4125 0.6171875 0.4125
1 0.625 0.3828125000000001 0.615625 0.3828125000000001 0.615625 0.4078125 0.625 0.4078125
1 0.54375 0.4703125 0.53125 0.4703125 0.53125 0.4921875 0.54375 0.4921875
1 0.4453125 0.5421875 0.425 0.5421875 0.425 0.56875 0.4453125 0.56875
1 0.4171875 0.5421875 0.3781250000000001 0.5421875 0.3781250000000001 0.56875 0.4171875 0.56875
1 0.3375000000000001 0.5421875 0.31718750000000007 0.5421875 0.31718750000000007 0.5703125 0.3375000000000001 0.5703125
0 0.37968750000000007 0.64375 0.3703125000000001 0.64375 0.3703125000000001 0.6828125 0.37968750000000007 0.6828125
0 0.32500000000000007 0.759375 0.3187500000000001 0.759375 0.3187500000000001 0.8609375 0.32500000000000007 0.8609375
0 0.5484375000000001 0.7640625 0.5421875000000002 0.7640625 0.5421875000000002 0.834375 0.5484375000000001 0.834375
0 0.5656250000000002 0.759375 0.5593750000000002 0.759375 0.5593750000000002 0.85 0.5656250000000002 0.85
0 0.5859375000000002 0.7609375 0.5765625000000002 0.7609375 0.5765625000000002 0.8609375 0.5859375000000002 0.8609375
0 0.5500000000000002 0.7390625 0.5406250000000001 0.7390625 0.5406250000000001 0.7546875 0.5500000000000002 0.7546875
0 0.6484375 0.7125 0.6375 0.7125 0.6375 0.721875 0.6484375 0.721875
0 0.575 0.5234375 0.54375 0.5234375 0.54375 0.5375 0.575 0.5375
0 0.584375 0.4359375 0.5765625 0.4359375 0.5765625 0.5015625 0.584375 0.5015625
0 0.3750000000000001 0.3812500000000001 0.3671875000000001 0.3812500000000001 0.3671875000000001 0.484375 0.3750000000000001 0.484375
1 0.6046875 0.3156250000000001 0.596875 0.3156250000000001 0.596875 0.3421875000000001 0.6046875 0.3421875000000001
1 0.6296875 0.34062500000000007 0.6140625 0.34062500000000007 0.6140625 0.37187500000000007 0.6296875 0.37187500000000007
1 0.6328125 0.3156250000000001 0.615625 0.3156250000000001 0.615625 0.3437500000000001 0.6328125 0.3437500000000001
1 0.60625 0.34843750000000007 0.58125 0.34843750000000007 0.58125 0.3671875000000001 0.60625 0.3671875000000001
1 0.84375 0.3234375000000001 0.8125 0.3234375000000001 0.8125 0.34843750000000007 0.84375 0.34843750000000007
1 0.86875 0.3234375000000001 0.8515625 0.3234375000000001 0.8515625 0.3500000000000001 0.86875 0.3500000000000001
1 0.7703125 0.3265625000000001 0.7453125 0.3265625000000001 0.7453125 0.3500000000000001 0.7703125 0.3500000000000001
1 0.6703125 0.565625 0.6359375 0.565625 0.6359375 0.59375 0.6703125 0.59375
1 0.696875 0.5640625 0.675 0.5640625 0.675 0.5953125 0.696875 0.5953125
1 0.59375 0.5625 0.5796875 0.5625 0.5796875 0.5890625 0.59375 0.5890625
1 0.3062500000000001 0.5421875 0.2812500000000001 0.5421875 0.2812500000000001 0.5671875 0.3062500000000001 0.5671875
1 0.8453125 0.6875000000000002 0.8265625 0.6875000000000002 0.8265625 0.7187500000000002 0.8453125 0.7187500000000002
1 0.853125 0.4109375000000002 0.840625 0.4109375000000002 0.840625 0.4437500000000002 0.853125 0.4437500000000002
1 0.4625 0.3515625000000001 0.41875 0.3515625000000001 0.41875 0.3765625000000001 0.4625 0.3765625000000001
1 0.4890625 0.3500000000000001 0.4703125 0.3500000000000001 0.4703125 0.3781250000000001 0.4890625 0.3781250000000001
1 0.3765625 0.353125 0.35625 0.353125 0.35625000000000007 0.37812500000000004 0.3765625000000001 0.3781250000000001