1 0.9609375 0.06562500000000011 0.9265625 0.06562500000000011 0.9265625 0.14062500000000014 0.9609375 0.14062500000000014
1 0.928125 0.06875000000000012 0.8953125 0.06875000000000012 0.8953125 0.1359375000000001 0.928125 0.13593750000000013
1 0.8375 0.0718750000000001 0.803125 0.07187500000000009 0.803125 0.13437500000000008 0.8375 0.13437500000000008
1 0.7984375 0.0671875000000001 0.7734375 0.0671875000000001 0.7734375 0.1359375000000001 0.7984375 0.1359375000000001
1 0.7375 0.07031250000000008 0.7046875 0.07031250000000008 0.7046875 0.1359375000000001 0.7375 0.1359375000000001
1 0.76875 0.07187500000000009 0.7390625 0.07187500000000009 0.7390625 0.1359375000000001 0.76875 0.1359375000000001
1 0.6921875 0.06875000000000009 0.653125 0.06875000000000009 0.653125 0.13437500000000008 0.6921875 0.13437500000000008
1 0.784375 0.1906250000000001 0.76875 0.1906250000000001 0.76875 0.22031250000000008 0.784375 0.22031250000000008
1 0.8234375 0.18906250000000008 0.8 0.18906250000000008 0.8 0.2218750000000001 0.8234375 0.2218750000000001
1 0.8734375 0.1921875000000001 0.85625 0.1921875000000001 0.85625 0.2234375000000001 0.8734375 0.2234375000000001
1 0.9515625 0.19062500000000013 0.9328125 0.19062500000000013 0.9328125 0.22656250000000008 0.9515625 0.22656250000000008
2 0.8765625 0.10000000000000009 0.8515625 0.10000000000000009 0.8515625 0.11562500000000009 0.8765625 0.11562500000000009
0 0.5000000000000002 0.7328125 0.2000000000000001 0.7328125 0.2000000000000001 0.7875 0.5000000000000002 0.7875
0 0.49687500000000007 0.6734375 0.3921875000000001 0.6734375 0.3921875000000001 0.734375 0.4968750000000002 0.734375
0 0.55625 0.5453125 0.4984375 0.5453125 0.4984375 0.7015625 0.55625 0.7015625
0 0.528125 0.515625 0.4046875 0.515625 0.4046875 0.5875 0.528125 0.5875
0 0.15625000000000008 0.578125 0.1281250000000001 0.578125 0.1281250000000001 0.6921875 0.15625000000000008 0.6921875
0 0.23437500000000008 0.478125 0.13593750000000004 0.478125 0.13593750000000007 0.55625 0.23437500000000008 0.55625
0 0.20468750000000008 0.7078125 0.12656250000000008 0.7078125 0.12656250000000008 0.79375 0.20468750000000008 0.79375
1 0.12656250000000008 0.6296875 0.10468750000000009 0.6296875 0.10468750000000009 0.6484375 0.12656250000000008 0.6484375
1 0.12656250000000008 0.6140625 0.10312500000000009 0.6140625 0.10312500000000009 0.6296875 0.12656250000000008 0.6296875
1 0.12343750000000009 0.596875 0.10312500000000009 0.596875 0.10312500000000009 0.6140625 0.12343750000000009 0.6140625
1 0.12343750000000009 0.6640625 0.0984375000000001 0.6640625 0.0984375000000001 0.6859375 0.12343750000000009 0.6859375
1 0.4359375 0.684375 0.421875 0.684375 0.421875 0.7140625 0.4359375 0.7140625
1 0.3359375000000001 0.7375 0.3234375000000001 0.7375 0.3234375000000001 0.76875 0.3359375000000001 0.76875
1 0.446875 0.7046875 0.434375 0.7046875 0.434375 0.721875 0.446875 0.721875
1 0.5359375 0.6171875 0.5109375 0.6171875 0.5109375 0.64375 0.5359375 0.64375
1 0.4515625 0.4890625 0.4359375 0.4890625 0.4359375 0.515625 0.4515625 0.515625
1 0.465625 0.4890625 0.453125 0.4890625 0.453125 0.515625 0.465625 0.515625
2 0.4328125 0.49375 0.4203125 0.49375 0.4203125 0.515625 0.4328125 0.515625
1 0.415625 0.490625 0.4015625 0.490625 0.4015625 0.515625 0.415625 0.515625
1 0.17500000000000004 0.44375 0.15468750000000003 0.44375 0.15468750000000003 0.475 0.17500000000000004 0.475
2 0.15312500000000004 0.4375 0.13750000000000004 0.4375 0.13750000000000004 0.459375 0.15312500000000004 0.459375
1 0.18750000000000006 0.4515625 0.17031250000000003 0.4515625 0.17031250000000003 0.4765625 0.18750000000000006 0.4765625
2 0.2000000000000001 0.4546875 0.18906250000000005 0.4546875 0.18906250000000005 0.46875 0.2000000000000001 0.46875
0 0.7390625000000001 0.7031250000000001 0.64375 0.703125 0.64375 0.7859375000000001 0.7390625000000002 0.7859375000000002
0 0.7984375 0.5562500000000001 0.7375 0.5562500000000001 0.7375 0.7046875000000001 0.7984375 0.7046875000000001
1 0.6937500000000002 0.728125 0.6765625000000002 0.728125 0.6765625000000002 0.7625 0.6937500000000002 0.7625
1 0.7734375 0.6093750000000002 0.75 0.6093750000000002 0.75 0.6453125000000002 0.7734375 0.6453125000000002
1 0.5671875 0.2062500000000001 0.54375 0.2062500000000001 0.54375 0.2578125000000001 0.5671875 0.2578125000000001
1 0.540625 0.20468750000000008 0.5203125 0.20468750000000008 0.5203125 0.2578125000000001 0.540625 0.2578125000000001
1 0.4828125 0.2000000000000001 0.45625 0.2000000000000001 0.45625 0.2578125000000001 0.4828125 0.2578125000000001
1 0.3578125 0.2015625 0.334375 0.2015625 0.334375 0.25625 0.3578125 0.25625
1 0.3796875 0.21875000000000006 0.359375 0.21875 0.359375 0.25781250000000006 0.3796875 0.2578125000000001
1 0.4046875 0.21875000000000008 0.3828125 0.21875000000000008 0.3828125 0.2609375000000001 0.4046875 0.2609375000000001
1 0.4453125 0.2218750000000001 0.4078125 0.2218750000000001 0.4078125 0.26250000000000007 0.4453125 0.26250000000000007
1 0.09531250000000002 0.2 0.06406250000000002 0.2 0.06406250000000002 0.2578125 0.09531250000000002 0.2578125
1 0.11562500000000005 0.2203125 0.09687500000000002 0.2203125 0.09687500000000002 0.25625 0.11562500000000005 0.25625
1 0.12968750000000004 0.2203125 0.11406250000000004 0.2203125 0.11406250000000004 0.2578125 0.12968750000000004 0.2578125
1 0.15312500000000004 0.21875 0.12968750000000004 0.21875 0.12968750000000004 0.259375 0.15312500000000004 0.259375
1 0.17500000000000004 0.2203125 0.15468750000000003 0.2203125 0.15468750000000003 0.2578125 0.17500000000000004 0.2578125
1 0.19531250000000006 0.21875 0.17187500000000006 0.21875 0.17187500000000006 0.271875 0.19531250000000006 0.271875
1 0.2359375 0.221875 0.2015625 0.221875 0.2015625 0.259375 0.2359375 0.259375
1 0.2625 0.221875 0.2390625 0.221875 0.2390625 0.25625 0.2625 0.25625
1 0.3 0.2203125 0.2671875 0.2203125 0.2671875 0.2578125 0.3 0.2578125
1 0.325 0.2203125 0.303125 0.2203125 0.303125 0.25625 0.325 0.25625
1 0.1625 0.08281250000000002 0.128125 0.08281250000000002 0.128125 0.1359375 0.1625 0.1359375
1 0.196875 0.08437500000000002 0.1671875 0.08437500000000002 0.1671875 0.1375 0.196875 0.13750000000000004
1 0.24375 0.08437500000000002 0.2015625 0.08437500000000002 0.2015625 0.13750000000000004 0.24375 0.13750000000000004
1 0.2796875 0.08593750000000003 0.246875 0.08593750000000003 0.246875 0.13593750000000004 0.2796875 0.13593750000000004
1 0.3171875 0.08593750000000004 0.2796875 0.08593750000000004 0.2796875 0.15468750000000003 0.3171875 0.15468750000000003
1 0.3453125 0.08437500000000005 0.315625 0.08437500000000005 0.315625 0.13593750000000004 0.3453125 0.13593750000000004
1 0.38125 0.08750000000000005 0.35 0.08750000000000005 0.35 0.14375000000000004 0.38125 0.14375000000000004
1 0.4140625 0.08437500000000005 0.38125 0.08437500000000005 0.38125 0.13750000000000004 0.4140625 0.13750000000000004
1 0.446875 0.08593750000000004 0.41875 0.08593750000000004 0.41875 0.13437500000000005 0.446875 0.13437500000000005
1 0.4890625 0.08593750000000006 0.453125 0.08593750000000004 0.453125 0.13593750000000004 0.4890625 0.13593750000000004
2 0.5 0.12500000000000006 0.4921875 0.12500000000000006 0.4921875 0.13906250000000003 0.5 0.13906250000000003
1 0.559375 0.06250000000000007 0.521875 0.06250000000000007 0.521875 0.13437500000000008 0.559375 0.13437500000000008
1 0.6015625 0.06562500000000007 0.5625 0.06562500000000007 0.5625 0.13437500000000008 0.6015625 0.13437500000000008
1 0.6515625 0.06406250000000008 0.60625 0.06406250000000006 0.60625 0.1437500000000001 0.6515625 0.1437500000000001
2 0.4765625 0.484375 0.4671875 0.484375 0.4671875 0.5015625 0.4765625 0.5015625