0 0.9375 0.3812500000000001 0.875 0.3812500000000001 0.875 0.5390625000000002 0.9375 0.5390625000000002
0 0.8390625 0.55 0.7203125 0.55 0.7203125 0.6546875000000001 0.8390625 0.6546875000000002
0 0.8390625 0.5500000000000002 0.7703125 0.5500000000000002 0.7703125 0.6046875000000002 0.8390625 0.6046875000000002
0 0.7203125 0.3734375000000001 0.665625 0.3734375000000001 0.665625 0.553125 0.7203125 0.553125
0 0.6671875 0.55 0.553125 0.55 0.553125 0.6546875 0.6671875 0.6546875
0 0.54375 0.4078125 0.4890625 0.4078125 0.4890625 0.5171875 0.54375 0.5171875
0 0.4921875 0.5484375 0.22812500000000008 0.5484375 0.22812500000000008 0.646875 0.4921875 0.646875
0 0.490625 0.515625 0.33281250000000007 0.515625 0.33281250000000007 0.5890625 0.490625 0.5890625
0 0.2718750000000001 0.5515625 0.22812500000000008 0.5515625 0.22812500000000008 0.59375 0.2718750000000001 0.59375
0 0.2375000000000001 0.55 0.14062500000000008 0.55 0.14062500000000008 0.65 0.2375000000000001 0.65
0 0.19062500000000007 0.534375 0.13906250000000003 0.534375 0.13906250000000006 0.65 0.1906250000000001 0.65
0 0.18281250000000004 0.4015625 0.14531250000000004 0.4015625 0.14531250000000004 0.515625 0.18281250000000004 0.515625
0 0.25000000000000006 0.2890625 0.13750000000000004 0.2890625 0.13750000000000004 0.3734375 0.2500000000000001 0.3734375
0 0.2593750000000001 0.4109375 0.2531250000000001 0.4109375 0.2531250000000001 0.5109375 0.2593750000000001 0.5109375
0 0.3062500000000001 0.4203125 0.3000000000000001 0.4203125 0.3000000000000001 0.503125 0.3062500000000001 0.503125
1 0.14531250000000004 0.30625 0.13750000000000004 0.30625 0.13750000000000004 0.3203125 0.14531250000000004 0.3203125
1 0.15468750000000003 0.2953125 0.14687500000000003 0.2953125 0.14687500000000003 0.3125 0.15468750000000003 0.3125
1 0.16093750000000004 0.2921875 0.15312500000000004 0.2921875 0.15312500000000004 0.3078125 0.16093750000000004 0.3078125
2 0.16562500000000005 0.2875 0.15937500000000004 0.2875 0.15937500000000004 0.2984375 0.16562500000000005 0.2984375
2 0.5265625 0.3421875000000001 0.50625 0.3421875000000001 0.50625 0.3843750000000001 0.5265625 0.3843750000000001
1 0.5125 0.3750000000000001 0.5046875 0.3750000000000001 0.5046875 0.3859375000000001 0.5125 0.3859375000000001
1 0.5125 0.3671875000000001 0.503125 0.3671875000000001 0.503125 0.3765625000000001 0.5125 0.3765625000000001
1 0.13750000000000004 0.3109375 0.13125000000000003 0.3109375 0.13125000000000003 0.325 0.13750000000000004 0.325
1 0.2687500000000001 0.3734375 0.26250000000000007 0.3734375 0.26250000000000007 0.3890625 0.2687500000000001 0.3890625
1 0.2765625000000001 0.375 0.27031250000000007 0.375 0.27031250000000007 0.3859375 0.2765625000000001 0.3859375
1 0.15468750000000003 0.45 0.13906250000000003 0.45 0.13906250000000003 0.4671875 0.15468750000000003 0.4671875
1 0.2484375000000001 0.4484375 0.23437500000000008 0.4484375 0.23437500000000008 0.465625 0.2484375000000001 0.465625
1 0.2531250000000001 0.434375 0.24375000000000008 0.434375 0.24375000000000008 0.44375 0.2531250000000001 0.44375
1 0.2984375000000001 0.459375 0.2796875000000001 0.459375 0.2796875000000001 0.475 0.2984375000000001 0.475
1 0.2968750000000001 0.453125 0.2875000000000001 0.453125 0.2875000000000001 0.4609375 0.2968750000000001 0.4609375
1 0.2468750000000001 0.6625 0.23437500000000008 0.6625 0.23437500000000008 0.6859375 0.2468750000000001 0.6859375
1 0.2609375000000001 0.6625 0.2515625000000001 0.6625 0.2515625000000001 0.6859375 0.2609375000000001 0.6859375
1 0.2734375000000001 0.6625 0.26250000000000007 0.6625 0.26250000000000007 0.6859375 0.2734375000000001 0.6859375
1 0.2140625000000001 0.603125 0.20312500000000008 0.603125 0.20312500000000008 0.63125 0.2140625000000001 0.63125
1 0.3656250000000001 0.60625 0.3531250000000001 0.60625 0.3531250000000001 0.63125 0.3656250000000001 0.63125
1 0.2562500000000001 0.5828125 0.2468750000000001 0.5828125 0.2468750000000001 0.590625 0.2562500000000001 0.590625
1 0.2578125000000001 0.5703125 0.2484375000000001 0.5703125 0.2484375000000001 0.5796875 0.2578125000000001 0.5796875
1 0.25468750000000007 0.540625 0.24218750000000008 0.540625 0.24218750000000008 0.5625 0.25468750000000007 0.5625
1 0.4171875 0.534375 0.403125 0.534375 0.403125 0.5609375 0.4171875 0.5609375
2 0.2718750000000001 0.6953125 0.2578125000000001 0.6953125 0.2578125000000001 0.7140625 0.2718750000000001 0.7140625
2 0.2312500000000001 0.66875 0.2171875000000001 0.66875 0.2171875000000001 0.68125 0.2312500000000001 0.68125
1 0.521875 0.453125 0.5046875 0.453125 0.5046875 0.46875 0.521875 0.46875
1 0.621875 0.6109375 0.6015625 0.6109375 0.6015625 0.634375 0.621875 0.634375
1 0.6984375 0.4515625 0.6828125 0.4515625 0.6828125 0.475 0.6984375 0.475
1 0.834375 0.6046875000000002 0.8234375 0.6046875000000002 0.8234375 0.6312500000000002 0.834375 0.6312500000000002
1 0.834375 0.5468750000000002 0.8234375 0.5468750000000002 0.8234375 0.5671875000000002 0.834375 0.5671875000000002
1 0.89375 0.4593750000000002 0.878125 0.4593750000000002 0.878125 0.4750000000000002 0.89375 0.4750000000000002
1 0.896875 0.44062500000000016 0.8875 0.44062500000000016 0.8875 0.4546875000000002 0.896875 0.4546875000000002
1 0.2531250000000001 0.7015625 0.2468750000000001 0.7015625 0.2468750000000001 0.7171875 0.2531250000000001 0.7171875
1 0.2140625000000001 0.6625 0.2000000000000001 0.6625 0.2000000000000001 0.684375 0.2140625000000001 0.684375
1 0.2453125000000001 0.69375 0.23593750000000008 0.69375 0.23593750000000008 0.715625 0.2453125000000001 0.715625
1 0.2906250000000001 0.6609375 0.27812500000000007 0.6609375 0.27812500000000007 0.6859375 0.2906250000000001 0.6859375
2 0.2515625000000001 0.6796875 0.2468750000000001 0.6796875 0.2468750000000001 0.6890625 0.2515625000000001 0.6890625