0 0.609375 0.428125 0.3453125000000001 0.428125 0.3453125000000001 0.4375 0.609375 0.4375
0 0.7453125 0.3968750000000001 0.6796875 0.3968750000000001 0.6796875 0.4093750000000001 0.7453125 0.40937500000000016
0 0.58125 0.3890625000000001 0.3734375000000001 0.3890625000000001 0.3734375000000001 0.4015625 0.58125 0.4015625
0 0.625 0.3921875000000001 0.60625 0.3921875000000001 0.60625 0.4046875 0.625 0.4046875
2 0.6359375 0.3046875000000001 0.6203125 0.3046875000000001 0.6203125 0.3218750000000001 0.6359375 0.3218750000000001
0 0.6484375 0.2734375000000001 0.6390625 0.2734375000000001 0.6390625 0.3312500000000001 0.6484375 0.3312500000000001
1 0.603125 0.3625000000000001 0.5828125 0.3625000000000001 0.5828125 0.38750000000000007 0.603125 0.38750000000000007
1 0.4890625 0.3656250000000001 0.465625 0.3656250000000001 0.465625 0.38750000000000007 0.4890625 0.38750000000000007
1 0.490625 0.4046875 0.4609375 0.4046875 0.4609375 0.4296875 0.490625 0.4296875
1 0.525 0.2843750000000001 0.5046875 0.2843750000000001 0.5046875 0.3234375000000001 0.525 0.3234375000000001
0 0.64375 0.22812500000000008 0.55625 0.22812500000000008 0.55625 0.23437500000000008 0.64375 0.23437500000000008
1 0.6390625 0.2000000000000001 0.59375 0.2000000000000001 0.59375 0.2234375000000001 0.6390625 0.2234375000000001
1 0.4125 0.2250000000000001 0.3765625 0.2250000000000001 0.3765625 0.25468750000000007 0.4125 0.25468750000000007
1 0.6390625 0.27812500000000007 0.61875 0.27812500000000007 0.61875 0.30937500000000007 0.6390625 0.30937500000000007
1 0.71875 0.3734375000000001 0.696875 0.3734375000000001 0.696875 0.3937500000000001 0.71875 0.3937500000000001
1 0.765625 0.2734375000000001 0.746875 0.2734375000000001 0.746875 0.3187500000000001 0.765625 0.3187500000000001
2 0.7640625 0.3156250000000001 0.7453125 0.3156250000000001 0.7453125 0.3359375000000001 0.7640625 0.3359375000000001
0 0.775 0.2500000000000001 0.7625 0.2500000000000001 0.7625 0.3531250000000001 0.775 0.3531250000000001