1 0.025000000000000022 0.1609375 0.0031250000000000193 0.1609375 0.0031250000000000223 0.2046875 0.025000000000000022 0.2046875
1 0.04687500000000002 0.1640625 0.02812500000000002 0.1640625 0.02812500000000002 0.2078125 0.04687500000000002 0.2078125
1 0.2734375 0.16250000000000003 0.2515625 0.16250000000000003 0.2515625 0.2078125 0.2734375 0.2078125
1 0.4765625 0.16406250000000006 0.45625 0.16406250000000006 0.45625 0.21093750000000008 0.4765625 0.21093750000000008
0 0.7656250000000001 0.5953125000000001 0.1703125000000001 0.5953125 0.1703125000000001 0.7343750000000001 0.7656250000000002 0.7343750000000002
0 0.76875 0.5390625000000001 0.534375 0.5390625 0.534375 0.6546875000000001 0.76875 0.6546875000000002
1 0.678125 0.596875 0.665625 0.596875 0.665625 0.61875 0.678125 0.61875
1 0.809375 0.7937500000000002 0.7890625000000002 0.7937500000000002 0.7890625000000002 0.828125 0.809375 0.828125
1 0.7875000000000002 0.7968750000000002 0.7671875000000001 0.7968750000000002 0.7671875000000001 0.8296875 0.7875000000000002 0.8296875
1 0.7531250000000002 0.7937500000000002 0.7343750000000002 0.7937500000000002 0.7343750000000002 0.8265625 0.7531250000000002 0.8265625
1 0.7359375000000001 0.7953125000000001 0.7140625000000002 0.7953125 0.7140625000000002 0.828125 0.7359375000000001 0.828125
1 0.7140625000000002 0.7953125 0.6953125000000002 0.7953125 0.6953125000000002 0.8296875 0.7140625000000002 0.8296875
1 0.6953125000000002 0.79375 0.6734375000000001 0.79375 0.6734375000000001 0.828125 0.6953125000000002 0.828125
1 0.6687500000000002 0.79375 0.6546875000000002 0.79375 0.6546875000000002 0.8265625 0.6687500000000002 0.8265625
1 0.5046875000000002 0.79375 0.48437500000000017 0.79375 0.48437500000000017 0.8234375 0.5046875000000002 0.8234375
1 0.5250000000000001 0.7890625 0.5062500000000002 0.7890625 0.5062500000000002 0.8296875 0.5250000000000001 0.8296875
1 0.5437500000000002 0.790625 0.5250000000000001 0.790625 0.5250000000000001 0.825 0.5437500000000002 0.825
1 0.4500000000000002 0.9375 0.4390625000000002 0.9375 0.4390625000000002 0.9765625 0.4500000000000002 0.9765625
0 0.85 0.3843750000000001 0.7625 0.3843750000000001 0.7625 0.5343750000000002 0.85 0.5343750000000002
0 0.496875 0.2093750000000001 0.390625 0.2093750000000001 0.39062500000000006 0.3828125000000001 0.496875 0.3828125000000001
0 0.16093750000000004 0.1953125 0.08125000000000002 0.1953125 0.08125000000000003 0.31875 0.16093750000000004 0.31875
0 0.07500000000000004 0.203125 0.003125000000000025 0.203125 0.0031250000000000366 0.3921875 0.07500000000000004 0.3921875
0 0.07500000000000008 0.5328125 6.52507122670699e-17 0.5328125 7.40528611359415e-17 0.6765625 0.0750000000000001 0.6765625
2 0.696875 0.5515625 0.6765625 0.5515625 0.6765625 0.5859375 0.696875 0.5859375