0 0.3359375 0.12968750000000004 0.328125 0.12968750000000004 0.328125 0.18906250000000005 0.3359375 0.18906250000000005
0 0.34218750000000003 0.2015625 0.328125 0.2015625 0.32812500000000006 0.403125 0.3421875000000001 0.403125
0 0.36875 0.35625000000000007 0.3546875 0.35625 0.35468750000000004 0.4390625 0.3687500000000001 0.4390625
0 0.4671875 0.4625 0.3843750000000001 0.4625 0.3843750000000001 0.478125 0.4671875 0.478125
0 0.50625 0.2890625000000001 0.4984375 0.2890625000000001 0.4984375 0.4140625 0.50625 0.4140625
0 0.7265625 0.24218750000000008 0.6140625 0.24218750000000008 0.6140625 0.26250000000000007 0.7265625 0.26250000000000007
0 0.79375 0.10937500000000008 0.73125 0.10937500000000008 0.73125 0.2000000000000001 0.79375 0.2000000000000001
0 0.5390625 0.11250000000000004 0.4953125 0.11250000000000004 0.4953125 0.19687500000000005 0.5390625 0.19687500000000005
0 0.490625 0.05781250000000006 0.3640625 0.057812500000000044 0.3640625 0.06875000000000006 0.490625 0.06875000000000006
0 0.503125 0.19843750000000004 0.4671875 0.19843750000000004 0.4671875 0.2468750000000001 0.503125 0.2468750000000001
0 0.3390625000000001 0.50625 0.32500000000000007 0.50625 0.32500000000000007 0.6625 0.3390625000000001 0.6625
0 0.4921875 0.7046875 0.3671875000000001 0.7046875 0.3671875000000001 0.721875 0.4921875 0.721875
0 0.4625 0.5453125 0.39531250000000007 0.5453125 0.39531250000000007 0.628125 0.4625 0.628125
1 0.525 0.07968750000000006 0.5015625 0.07968750000000006 0.5015625 0.11093750000000005 0.525 0.11093750000000005
1 0.584375 0.1531250000000001 0.5625 0.1531250000000001 0.5625 0.1843750000000001 0.584375 0.1843750000000001
1 0.45625 0.03281250000000005 0.4078125 0.03281250000000004 0.4078125 0.05937500000000005 0.45625 0.05937500000000007
0 0.715625 0.08281250000000008 0.625 0.08281250000000007 0.625 0.10000000000000009 0.715625 0.10000000000000009
1 0.69375 0.06250000000000008 0.6671875 0.06250000000000008 0.6671875 0.09218750000000009 0.69375 0.09218750000000009
1 0.6828125 0.2156250000000001 0.6609375 0.2156250000000001 0.6609375 0.2500000000000001 0.6828125 0.2500000000000001
1 0.76875 0.06875000000000009 0.7421875 0.06875000000000009 0.7421875 0.10468750000000009 0.76875 0.10468750000000009
0 0.471875 0.09218750000000006 0.3859375 0.09218750000000005 0.3859375 0.10468750000000004 0.471875 0.10468750000000004
1 0.4453125 0.06562500000000004 0.4234375 0.06562500000000004 0.4234375 0.09531250000000005 0.4453125 0.09531250000000005
2 0.4859375 0.4953125 0.4734375 0.4953125 0.4734375 0.521875 0.4859375 0.521875
1 0.4484375 0.4328125 0.425 0.4328125 0.425 0.4640625 0.4484375 0.4640625
1 0.5078125 0.4765625 0.4859375 0.4765625 0.4859375 0.5140625 0.5078125 0.5140625
1 0.45 0.6796875 0.403125 0.6796875 0.403125 0.7078125 0.45 0.7078125
1 0.4890625000000002 0.775 0.4703125000000002 0.775 0.4703125000000002 0.803125 0.4890625000000002 0.803125
1 0.5234375000000002 0.8359375 0.5093750000000001 0.8359375 0.5093750000000001 0.859375 0.5234375000000002 0.859375
1 0.5546875000000002 0.9375 0.5390625000000002 0.9375 0.5390625000000002 0.9640625 0.5546875000000002 0.9640625
1 0.5843750000000002 0.834375 0.5656250000000002 0.834375 0.5656250000000002 0.85625 0.5843750000000002 0.85625
1 0.5859375000000002 0.7734375 0.5750000000000002 0.7734375 0.5750000000000002 0.8 0.5859375000000002 0.8
1 0.7015625000000002 0.7703125 0.6812500000000001 0.7703125 0.6812500000000001 0.7953125 0.7015625000000002 0.7953125
1 0.825 0.834375 0.8109375 0.834375 0.8109375 0.8640625 0.825 0.8640625
2 0.665625 0.06250000000000008 0.6515625 0.06250000000000008 0.6515625 0.08750000000000009 0.665625 0.08750000000000009
2 0.421875 0.07187500000000005 0.40625 0.07187500000000005 0.40625 0.09062500000000004 0.421875 0.09062500000000004
2 0.5328125 0.07812500000000007 0.5234375 0.07812500000000007 0.5234375 0.09062500000000007 0.5328125 0.09062500000000007
1 0.525 0.2218750000000001 0.503125 0.2218750000000001 0.503125 0.24218750000000008 0.525 0.24218750000000008
0 0.5703125000000002 0.7953125 0.4890625000000002 0.7953125 0.4890625000000002 0.81875 0.5703125000000002 0.81875
0 0.5734375000000002 0.8203125 0.5203125000000002 0.8203125 0.5203125000000002 0.8390625 0.5734375000000002 0.8390625