0 0.38906250000000003 0.15781250000000005 0.3453125 0.15781250000000005 0.3453125 0.425 0.3890625000000001 0.425
0 0.325 0.10781250000000005 0.1828125 0.10781250000000005 0.1828125 0.15937500000000004 0.325 0.15937500000000004
0 0.628125 0.10156250000000007 0.5046875 0.10156250000000004 0.5046875 0.19843750000000007 0.628125 0.1984375000000001
0 0.621875 0.15625000000000006 0.5140625 0.15625000000000006 0.5140625 0.19687500000000008 0.621875 0.19687500000000008
0 0.6359375 0.1062500000000001 0.6015625 0.1062500000000001 0.6015625 0.2296875000000001 0.6359375 0.2296875000000001
0 0.621875 0.1546875000000001 0.6015625 0.1546875000000001 0.6015625 0.2328125000000001 0.621875 0.2328125000000001
0 0.5359375 0.10156250000000004 0.50625 0.10156250000000004 0.50625 0.2296875000000001 0.5359375 0.2296875000000001
0 0.5359375 0.15312500000000004 0.5125 0.15312500000000004 0.5125 0.2328125000000001 0.5359375 0.2328125000000001
0 0.50625 0.14531250000000004 0.4546875 0.14531250000000004 0.4546875 0.2406250000000001 0.50625 0.2406250000000001
0 0.4828125 0.14843750000000006 0.4515625 0.14843750000000006 0.4515625 0.41875 0.4828125 0.41875
0 0.484375 0.3140625000000001 0.4515625 0.3140625000000001 0.4515625 0.4203125 0.484375 0.4203125
1 0.3734375 0.275 0.3546875 0.275 0.3546875 0.28906250000000006 0.3734375 0.2890625000000001
1 0.3734375 0.28906250000000006 0.35625 0.2890625 0.35625 0.30468750000000006 0.3734375 0.3046875000000001
2 0.2515625000000001 0.3703125 0.23593750000000008 0.3703125 0.23593750000000008 0.3921875 0.2515625000000001 0.3921875
1 0.2640625000000001 0.36875 0.2531250000000001 0.36875 0.2531250000000001 0.3921875 0.2640625000000001 0.3921875
1 0.2750000000000001 0.365625 0.2640625000000001 0.365625 0.2640625000000001 0.390625 0.2750000000000001 0.390625
1 0.275 0.09062500000000004 0.2640625 0.09062500000000002 0.2640625 0.11406250000000004 0.275 0.11406250000000004
1 0.2640625 0.09218750000000002 0.253125 0.09218750000000002 0.253125 0.11562500000000005 0.2640625 0.11562500000000005
1 0.4609375 0.18906250000000005 0.44375 0.18906250000000005 0.44375 0.20468750000000008 0.4609375 0.20468750000000008
1 0.459375 0.16875000000000004 0.44375 0.16875000000000004 0.44375 0.18281250000000004 0.459375 0.18281250000000004
2 0.4625 0.18281250000000004 0.45625 0.18281250000000004 0.45625 0.18906250000000005 0.4625 0.18906250000000005
2 0.565625 0.10937500000000008 0.5609375 0.10937500000000008 0.5609375 0.11875000000000009 0.565625 0.11875000000000009
1 0.5625 0.09375000000000007 0.5515625 0.09375000000000007 0.5515625 0.1140625000000001 0.5625 0.1140625000000001
1 0.578125 0.09375000000000007 0.5671875 0.09375000000000007 0.5671875 0.11562500000000009 0.578125 0.11562500000000009
1 0.56875 0.1437500000000001 0.5578125 0.1437500000000001 0.5578125 0.1671875000000001 0.56875 0.1671875000000001
1 0.4609375 0.39531250000000007 0.4453125 0.39531250000000007 0.4453125 0.4125 0.4609375 0.4125
1 0.4609375 0.3812500000000001 0.446875 0.3812500000000001 0.446875 0.3906250000000001 0.4609375 0.3906250000000001
1 0.4625 0.3625000000000001 0.446875 0.3625000000000001 0.446875 0.3781250000000001 0.4625 0.3781250000000001