0 0.3703125000000001 0.5734375 0.3203125000000001 0.5734375 0.3203125000000001 0.6671875 0.3703125000000001 0.6671875
0 0.3234375000000001 0.428125 0.2890625000000001 0.428125 0.2890625000000001 0.5375 0.3234375000000001 0.5375
0 0.39687500000000003 0.31718750000000007 0.284375 0.3171875 0.28437500000000004 0.39687500000000003 0.3968750000000001 0.3968750000000001
0 0.6609375 0.428125 0.609375 0.428125 0.609375 0.534375 0.6609375 0.534375
0 0.8328125 0.38750000000000007 0.7765625 0.38750000000000007 0.7765625 0.5718750000000001 0.8328125 0.5718750000000001
0 0.778125 0.5718750000000001 0.6640625 0.571875 0.6640625 0.6703125000000001 0.778125 0.6703125000000002
2 0.6421875 0.3578125000000001 0.6203125 0.3578125000000001 0.6203125 0.4 0.6421875 0.4
2 0.434375 0.3968750000000001 0.4046875 0.3968750000000001 0.4046875 0.4296875 0.434375 0.4296875
2 0.39531250000000007 0.578125 0.3703125000000001 0.578125 0.3703125000000001 0.61875 0.39531250000000007 0.61875
1 0.4046875 0.5625 0.3828125000000001 0.5625 0.3828125000000001 0.60625 0.4046875 0.60625
1 0.409375 0.684375 0.3937500000000001 0.684375 0.3937500000000001 0.7171875 0.409375 0.7171875
1 0.4203125 0.684375 0.4078125 0.684375 0.4078125 0.7125 0.4203125 0.7125
1 0.4375 0.6875 0.421875 0.6875 0.421875 0.7125 0.4375 0.7125
1 0.38750000000000007 0.6875 0.3750000000000001 0.6875 0.3750000000000001 0.715625 0.38750000000000007 0.715625
2 0.3687500000000001 0.69375 0.3531250000000001 0.69375 0.3531250000000001 0.7140625 0.3687500000000001 0.7140625
2 0.3937500000000001 0.7046875 0.3843750000000001 0.7046875 0.3843750000000001 0.71875 0.3937500000000001 0.71875
1 0.3515625000000001 0.6875 0.3343750000000001 0.6875 0.3343750000000001 0.7171875 0.3515625000000001 0.7171875
1 0.2984375000000001 0.46875 0.2765625000000001 0.46875 0.2765625000000001 0.4984375 0.2984375000000001 0.4984375
1 0.27031250000000007 0.34375 0.2578125 0.34375 0.25781250000000006 0.36875 0.27031250000000007 0.36875
1 0.27656250000000004 0.3328125 0.2625 0.3328125 0.26250000000000007 0.3640625 0.2765625000000001 0.3640625
1 0.2890625 0.3125 0.278125 0.3125 0.278125 0.34375 0.2890625 0.34375
1 0.3015625 0.30625 0.2890625 0.30625 0.2890625 0.334375 0.3015625 0.334375
2 0.3078125 0.2953125 0.296875 0.2953125 0.296875 0.3140625 0.3078125 0.3140625
1 0.4296875 0.3765625000000001 0.415625 0.3765625000000001 0.415625 0.4 0.4296875 0.4
1 0.415625 0.3765625000000001 0.403125 0.3765625000000001 0.403125 0.403125 0.415625 0.403125
1 0.6234375 0.3687500000000001 0.6078125 0.3687500000000001 0.6078125 0.3843750000000001 0.6234375 0.3843750000000001
1 0.6234375 0.3921875000000001 0.6078125 0.3921875000000001 0.6078125 0.4125 0.6234375 0.4125
2 0.625 0.3859375000000001 0.6171875 0.3859375000000001 0.6171875 0.3984375000000001 0.625 0.3984375000000001
1 0.6390625 0.465625 0.6140625 0.465625 0.6140625 0.496875 0.6390625 0.496875
1 0.8109375 0.46406250000000016 0.790625 0.46406250000000016 0.790625 0.49218750000000017 0.8109375 0.49218750000000017