2 0.734375 0.4546875000000001 0.703125 0.4546875 0.703125 0.4906250000000001 0.734375 0.4906250000000002
2 0.10156250000000004 0.4578125 0.08281250000000007 0.4578125 0.08281250000000007 0.4890625 0.10156250000000004 0.4890625
0 0.2578125000000001 0.696875 0.17343750000000008 0.696875 0.17343750000000008 0.715625 0.2578125000000001 0.715625
0 0.6859375 0.6984375 0.25468750000000007 0.6984375 0.25468750000000007 0.7140625 0.6859375 0.7140625
0 0.6796875 0.64375 0.4078125 0.64375 0.4078125 0.6609375 0.6796875 0.6609375
0 0.74375 0.3906250000000001 0.728125 0.3906250000000001 0.728125 0.5093750000000001 0.74375 0.5093750000000001
0 0.8375 0.37968750000000007 0.825 0.37968750000000007 0.825 0.5171875000000001 0.8375 0.5171875000000001
0 0.9890625 0.6953125000000002 0.9046875 0.6953125000000002 0.9046875 0.7093750000000002 0.9890625 0.7093750000000002
0 0.2171875 0.2390625 0.17343750000000005 0.2390625 0.17343750000000005 0.253125 0.2171875 0.253125
0 0.2453125 0.2796875 0.215625 0.2796875 0.215625 0.3015625 0.2453125 0.3015625
0 0.31250000000000006 0.3203125 0.2625 0.3203125 0.26250000000000007 0.390625 0.3125000000000001 0.390625
0 0.17968750000000006 0.4734375 0.13281250000000006 0.4734375 0.13281250000000006 0.575 0.17968750000000008 0.575
1 0.06562500000000007 0.4625 0.04062500000000006 0.4625 0.040625000000000064 0.5140625 0.06562500000000007 0.5140625
1 0.13906250000000003 0.4796875 0.11406250000000004 0.4796875 0.11406250000000004 0.5234375 0.13906250000000003 0.5234375