0 0.7296875 0.5093750000000001 0.25468750000000007 0.509375 0.25468750000000007 0.5234375000000001 0.7296875 0.5234375000000002
0 0.4125 0.440625 0.2515625000000001 0.440625 0.2515625000000001 0.45625 0.4125 0.45625
0 0.73125 0.4312500000000001 0.4203125 0.43125 0.4203125 0.4593750000000001 0.73125 0.4593750000000002
0 0.690625 0.35625000000000007 0.6578125 0.35625000000000007 0.6578125 0.3812500000000001 0.690625 0.3812500000000001
0 0.7765625 0.3593750000000001 0.7328125 0.3593750000000001 0.7328125 0.3843750000000001 0.7765625 0.3843750000000001
0 0.7921875 0.06562500000000009 0.771875 0.06562500000000009 0.771875 0.20312500000000008 0.7921875 0.20312500000000008
0 0.975 0.3109375000000001 0.8890625 0.3109375000000001 0.8890625 0.3343750000000001 0.975 0.3343750000000001
0 0.24375000000000008 0.3640625 0.16093750000000004 0.3640625 0.16093750000000004 0.3828125 0.24375000000000008 0.3828125
0 0.3921875 0.35937500000000006 0.25625 0.359375 0.25625000000000003 0.384375 0.3921875000000001 0.3843750000000001
0 0.3359375000000001 0.8078125 0.2687500000000001 0.8078125 0.2687500000000001 0.8296875 0.3359375000000001 0.8296875
2 0.1 0.1359375 0.07343750000000002 0.1359375 0.07343750000000002 0.1703125 0.1 0.1703125
2 0.303125 0.215625 0.253125 0.215625 0.253125 0.309375 0.303125 0.309375
2 0.3140625 0.13750000000000004 0.2921875 0.13750000000000004 0.2921875 0.17031250000000003 0.3140625 0.17031250000000003
2 0.378125 0.13750000000000004 0.3515625 0.13750000000000004 0.3515625 0.16875000000000004 0.378125 0.16875000000000004
2 0.7796875 0.1281250000000001 0.75625 0.1281250000000001 0.75625 0.1625000000000001 0.7796875 0.1625000000000001
0 0.5718750000000001 0.8796875 0.5546875000000002 0.8796875 0.5546875000000002 1 0.5718750000000001 1
0 0.5203125000000002 0.9453125 0.5046875000000002 0.9453125 0.5046875000000002 1 0.5203125000000002 1
0 0.3375000000000001 0.9421875 0.3078125000000001 0.9421875 0.3078125000000001 1 0.3375000000000001 1
0 0.27031250000000007 0.9015625 0.20312500000000008 0.9015625 0.20312500000000008 0.9796875 0.27031250000000007 0.9796875
0 0.76875 9.146580781131795e-17 0.725 8.878689293818311e-17 0.725 0.07031250000000008 0.76875 0.07031250000000008
0 0.90625 0.003125000000000106 0.8328125 0.0031250000000001012 0.8328125 0.08125000000000011 0.90625 0.08125000000000011
0 0.33125 0.051562500000000046 0.3171875 0.051562500000000046 0.3171875 0.215625 0.33125 0.215625
0 0.3921875 0.06718750000000004 0.3796875 0.06718750000000004 0.3796875 0.2062500000000001 0.3921875 0.2062500000000001
1 0.040625000000000015 0.1015625 0.01875000000000001 0.1015625 0.018750000000000013 0.153125 0.04062500000000002 0.153125
2 0.03281250000000001 0.0875 0.01875000000000001 0.0875 0.01875000000000001 0.1015625 0.03281250000000001 0.1015625