1 0.7296875 0.3765625000000001 0.7125 0.3765625000000001 0.7125 0.4093750000000001 0.7296875 0.40937500000000016
1 0.7421875000000002 0.828125 0.7203125000000001 0.828125 0.7203125000000001 0.865625 0.7421875000000002 0.865625
1 0.4906250000000002 0.7265625 0.4781250000000002 0.7265625 0.4781250000000002 0.765625 0.4906250000000002 0.765625
1 0.4906250000000002 0.78125 0.4750000000000002 0.78125 0.4750000000000002 0.81875 0.4906250000000002 0.81875
1 0.4906250000000002 0.8359375 0.4734375000000002 0.8359375 0.4734375000000002 0.86875 0.4906250000000002 0.86875
1 0.4906250000000002 0.8890625 0.4734375000000002 0.8890625 0.4734375000000002 0.91875 0.4906250000000002 0.91875
1 0.49218750000000017 0.9390625 0.4750000000000002 0.9390625 0.4750000000000002 0.971875 0.49218750000000017 0.971875
1 0.4515625 0.59375 0.4390625 0.59375 0.4390625 0.6265625 0.4515625 0.6265625
1 0.45 0.521875 0.4375 0.521875 0.4375 0.553125 0.45 0.553125
1 0.4515625 0.453125 0.4390625 0.453125 0.4390625 0.4828125 0.4515625 0.4828125
1 0.4546875 0.3812500000000001 0.4375 0.3812500000000001 0.4375 0.4140625 0.4546875 0.4140625
1 0.29375000000000007 0.3796875 0.2796875000000001 0.3796875 0.2796875000000001 0.4109375 0.29375000000000007 0.4109375