0 0.475 0.18750000000000006 0.39375 0.18750000000000006 0.39375 0.2562500000000001 0.475 0.2562500000000001
0 0.39687500000000003 0.25468750000000007 0.3484375 0.2546875 0.34843750000000007 0.425 0.3968750000000001 0.425
0 0.4078125 0.2515625000000001 0.3765625 0.2515625000000001 0.3765625 0.3703125000000001 0.4078125 0.3703125000000001
0 0.540625 0.2531250000000001 0.50625 0.2531250000000001 0.50625 0.5109375 0.540625 0.5109375
1 0.35625 0.3375 0.3421875 0.3375 0.3421875 0.3515625 0.35625 0.3515625
1 0.35625 0.325 0.34375 0.325 0.34375 0.3359375 0.35625 0.3359375
1 0.3796875 0.3140625000000001 0.3640625 0.3140625000000001 0.3640625 0.32500000000000007 0.3796875 0.32500000000000007
1 0.38125 0.2921875000000001 0.3640625 0.2921875000000001 0.3640625 0.3125000000000001 0.38125 0.3125000000000001
1 0.4390625 0.2062500000000001 0.43125 0.2062500000000001 0.43125 0.2296875000000001 0.4390625 0.2296875000000001
1 0.434375 0.16875000000000004 0.425 0.16875000000000004 0.425 0.18906250000000005 0.434375 0.18906250000000005
1 0.44375 0.17031250000000003 0.434375 0.17031250000000003 0.434375 0.18906250000000005 0.44375 0.18906250000000005
1 0.53125 0.3843750000000001 0.5171875 0.3843750000000001 0.5171875 0.3937500000000001 0.53125 0.3937500000000001
1 0.53125 0.3671875000000001 0.5171875 0.3671875000000001 0.5171875 0.3828125000000001 0.53125 0.3828125000000001
1 0.3906250000000001 0.5734375 0.3812500000000001 0.5734375 0.3812500000000001 0.590625 0.3906250000000001 0.590625
1 0.4015625 0.5734375 0.3906250000000001 0.5734375 0.3906250000000001 0.5921875 0.4015625 0.5921875
1 0.3828125000000001 0.571875 0.3671875000000001 0.571875 0.3671875000000001 0.5921875 0.3828125000000001 0.5921875