0 0.37968750000000007 0.5390625 0.3453125000000001 0.5390625 0.3453125000000001 0.5484375 0.37968750000000007 0.5484375
0 0.6015625 0.5359375 0.3812500000000001 0.5359375 0.3812500000000001 0.5484375 0.6015625 0.5484375
0 0.646875 0.36406250000000007 0.6375 0.36406250000000007 0.6375 0.453125 0.646875 0.453125
0 0.603125 0.4984375 0.446875 0.4984375 0.446875 0.5109375 0.603125 0.5109375
0 0.7015625 0.3421875000000001 0.6890625 0.3421875000000001 0.6890625 0.4734375 0.7015625 0.4734375
0 0.8140625 0.5125000000000001 0.7203125 0.5125 0.7203125 0.5203125000000001 0.8140625 0.5203125000000002
0 0.5406250000000001 0.80625 0.3921875000000001 0.80625 0.3921875000000001 0.8171875 0.5406250000000001 0.8171875
0 0.4953125 0.3515625000000001 0.4859375 0.3515625000000001 0.4859375 0.465625 0.4953125 0.465625
0 0.43125 0.3609375000000001 0.4234375 0.3609375000000001 0.4234375 0.4546875 0.43125 0.4546875
0 0.31875000000000003 0.3578125 0.3109375 0.3578125 0.31093750000000003 0.4640625 0.3187500000000001 0.4640625
1 0.3875 0.2296875000000001 0.36875 0.2296875000000001 0.36875 0.25468750000000007 0.3875 0.25468750000000007
1 0.4265625 0.2328125000000001 0.4046875 0.2328125000000001 0.4046875 0.25468750000000007 0.4265625 0.25468750000000007
1 0.4359375 0.3156250000000001 0.4109375 0.3156250000000001 0.4109375 0.3390625000000001 0.4359375 0.3390625000000001
1 0.634375 0.3140625000000001 0.6109375 0.3140625000000001 0.6109375 0.3390625000000001 0.634375 0.3390625000000001
1 0.4140625 0.4953125 0.3968750000000001 0.4953125 0.3968750000000001 0.5234375 0.4140625 0.5234375
1 0.3437500000000001 0.571875 0.3343750000000001 0.571875 0.3343750000000001 0.5921875 0.3437500000000001 0.5921875
1 0.3671875000000001 0.571875 0.3468750000000001 0.571875 0.3468750000000001 0.5921875 0.3671875000000001 0.5921875
1 0.4078125 0.571875 0.3968750000000001 0.571875 0.3968750000000001 0.59375 0.4078125 0.59375
1 0.425 0.571875 0.4078125 0.571875 0.4078125 0.5890625 0.425 0.5890625
1 0.790625 0.22031250000000008 0.759375 0.22031250000000008 0.759375 0.24218750000000008 0.790625 0.24218750000000008
2 0.7921875 0.2406250000000001 0.7734375 0.2406250000000001 0.7734375 0.2656250000000001 0.7921875 0.2656250000000001
2 0.83125 0.2328125000000001 0.815625 0.2328125000000001 0.815625 0.26250000000000007 0.83125 0.26250000000000007
0 0.5859375000000002 0.778125 0.5187500000000002 0.778125 0.5187500000000002 0.790625 0.5859375000000002 0.790625