1 0.4859375000000001 0.69375 0.4625 0.69375 0.4625000000000001 0.728125 0.4859375000000002 0.728125
1 0.4625 0.3000000000000001 0.43125 0.3000000000000001 0.43125 0.3421875000000001 0.4625 0.3421875000000001
1 0.4828125 0.2562500000000001 0.4578125 0.2562500000000001 0.4578125 0.2921875000000001 0.4828125 0.2921875000000001
1 0.55 0.2609375000000001 0.5265625 0.2609375000000001 0.5265625 0.30156250000000007 0.55 0.30156250000000007
1 0.6484375 0.4578125 0.6125 0.4578125 0.6125 0.5625 0.6484375 0.5625
1 0.85625 0.45625000000000016 0.8109375 0.45625000000000016 0.8109375 0.5000000000000002 0.85625 0.5000000000000002
1 0.6703125 0.453125 0.64375 0.453125 0.64375 0.5359375 0.6703125 0.5359375
1 0.7 0.4515625 0.6734375 0.4515625 0.6734375 0.553125 0.7 0.553125
1 0.7296875 0.5109375 0.7046875 0.5109375 0.7046875 0.5593750000000001 0.7296875 0.5593750000000002
1 0.7578125 0.4546875000000001 0.725 0.4546875 0.725 0.55 0.7578125 0.5500000000000002
1 0.79375 0.4390625000000002 0.753125 0.4390625000000002 0.753125 0.5437500000000002 0.79375 0.5437500000000002