0 0.5734375 0.2250000000000001 0.5359375 0.2250000000000001 0.5359375 0.5640625 0.5734375 0.5640625
0 0.5546875 0.4296875 0.534375 0.4296875 0.534375 0.515625 0.5546875 0.515625
0 0.3843750000000001 0.434375 0.3312500000000001 0.434375 0.3312500000000001 0.54375 0.3843750000000001 0.54375
0 0.5515625 0.22812500000000008 0.5375 0.22812500000000008 0.5375 0.3734375000000001 0.5515625 0.3734375000000001
0 0.5140625 0.12031250000000004 0.403125 0.12031250000000004 0.403125 0.22812500000000008 0.5140625 0.22812500000000008
0 0.509375 0.14687500000000003 0.409375 0.14687500000000003 0.409375 0.2296875000000001 0.509375 0.2296875000000001
0 0.484375 0.17343750000000005 0.43125 0.17343750000000005 0.43125 0.2250000000000001 0.484375 0.2250000000000001
0 0.4796875 0.18906250000000005 0.4390625 0.18906250000000005 0.4390625 0.22812500000000008 0.4796875 0.22812500000000008
0 0.5390625 0.12656250000000005 0.4875 0.12656250000000005 0.4875 0.2328125000000001 0.5390625 0.2328125000000001
0 0.5359375 0.23437500000000008 0.4828125 0.23437500000000008 0.4828125 0.2609375000000001 0.5359375 0.2609375000000001
0 0.38281250000000006 0.33281250000000007 0.3296875 0.3328125 0.3296875 0.4375 0.3828125000000001 0.4375
0 0.4046875 0.26250000000000007 0.328125 0.2625 0.328125 0.32656250000000003 0.4046875 0.3265625000000001
0 0.4046875 0.20625000000000004 0.325 0.20625 0.325 0.26875000000000004 0.4046875 0.2687500000000001
0 0.475 0.27031250000000007 0.465625 0.27031250000000007 0.465625 0.3156250000000001 0.475 0.3156250000000001
0 0.4828125 0.3921875000000001 0.4390625 0.3921875000000001 0.4390625 0.4 0.4828125 0.4
0 0.5 0.58125 0.43125 0.58125 0.43125 0.634375 0.5 0.634375
2 0.6515625 0.690625 0.6421875 0.690625 0.6421875 0.703125 0.6515625 0.703125
2 0.6546875000000001 0.71875 0.6421875 0.71875 0.6421875000000001 0.73125 0.6546875000000002 0.73125
2 0.65 0.6140625 0.6421875 0.6140625 0.6421875 0.625 0.65 0.625
2 0.65 0.5859375 0.6421875 0.5859375 0.6421875 0.5984375 0.65 0.5984375
2 0.6515625 0.5578125 0.6390625 0.5578125 0.6390625 0.571875 0.6515625 0.571875
2 0.6484375 0.509375 0.6375 0.509375 0.6375 0.5203125 0.6484375 0.5203125
2 0.64375 0.3453125000000001 0.634375 0.3453125000000001 0.634375 0.3546875000000001 0.64375 0.3546875000000001
2 0.6453125 0.3140625000000001 0.6359375 0.3140625000000001 0.6359375 0.3265625000000001 0.6453125 0.3265625000000001
2 0.6453125 0.2921875000000001 0.6359375 0.2921875000000001 0.6359375 0.3046875000000001 0.6453125 0.3046875000000001
2 0.6453125 0.2687500000000001 0.6375 0.2687500000000001 0.6375 0.2812500000000001 0.6453125 0.2812500000000001
2 0.6484375 0.24375000000000008 0.6390625 0.24375000000000008 0.6390625 0.2578125000000001 0.6484375 0.2578125000000001
2 0.6421875 0.2234375000000001 0.6328125 0.2234375000000001 0.6328125 0.23437500000000008 0.6421875 0.23437500000000008
2 0.6453125 0.1984375000000001 0.6359375 0.1984375000000001 0.6359375 0.21250000000000008 0.6453125 0.21250000000000008
2 0.65 0.1781250000000001 0.640625 0.1781250000000001 0.640625 0.18750000000000008 0.65 0.18750000000000008
2 0.6453125 0.1531250000000001 0.6359375 0.1531250000000001 0.6359375 0.16562500000000008 0.6453125 0.16562500000000008
2 0.6453125 0.1312500000000001 0.634375 0.1312500000000001 0.634375 0.1437500000000001 0.6453125 0.1437500000000001
2 0.6453125 0.10781250000000009 0.634375 0.10781250000000009 0.634375 0.1218750000000001 0.6453125 0.1218750000000001
2 0.675 0.11093750000000009 0.665625 0.11093750000000009 0.665625 0.11875000000000009 0.675 0.11875000000000009
2 0.6921875 0.1312500000000001 0.68125 0.1312500000000001 0.68125 0.14062500000000008 0.6921875 0.14062500000000008
2 0.6875 0.15625000000000008 0.675 0.15625000000000008 0.675 0.1671875000000001 0.6875 0.1671875000000001
2 0.690625 0.1781250000000001 0.68125 0.1781250000000001 0.68125 0.18750000000000008 0.690625 0.18750000000000008
2 0.690625 0.2218750000000001 0.6796875 0.2218750000000001 0.6796875 0.23437500000000008 0.690625 0.23437500000000008
2 0.7328125 0.1984375000000001 0.7234375 0.1984375000000001 0.7234375 0.21250000000000008 0.7328125 0.21250000000000008
2 0.696875 0.24375000000000008 0.6859375 0.24375000000000008 0.6859375 0.2562500000000001 0.696875 0.2562500000000001
2 0.6859375 0.2671875000000001 0.6765625 0.2671875000000001 0.6765625 0.27812500000000007 0.6859375 0.27812500000000007
2 0.7171875 0.2921875000000001 0.7046875 0.2921875000000001 0.7046875 0.30156250000000007 0.7171875 0.30156250000000007
2 0.6859375 0.3156250000000001 0.675 0.3156250000000001 0.675 0.3281250000000001 0.6859375 0.3281250000000001
1 0.653125 0.1062500000000001 0.646875 0.1062500000000001 0.646875 0.12343750000000009 0.653125 0.12343750000000009
1 0.65625 0.1281250000000001 0.6484375 0.1281250000000001 0.6484375 0.1453125000000001 0.65625 0.1453125000000001
1 0.6640625 0.1312500000000001 0.659375 0.1312500000000001 0.659375 0.1453125000000001 0.6640625 0.1453125000000001
1 0.671875 0.1296875000000001 0.6625 0.1296875000000001 0.6625 0.1453125000000001 0.671875 0.1453125000000001
1 0.6546875 0.1515625000000001 0.646875 0.1515625000000001 0.646875 0.1687500000000001 0.6546875 0.1687500000000001
1 0.6671875 0.1546875000000001 0.659375 0.1546875000000001 0.659375 0.1687500000000001 0.6671875 0.1687500000000001
1 0.6609375 0.1750000000000001 0.653125 0.1750000000000001 0.653125 0.1921875000000001 0.6609375 0.1921875000000001
1 0.6703125 0.1750000000000001 0.6640625 0.1750000000000001 0.6640625 0.1921875000000001 0.6703125 0.1921875000000001
2 0.6515625 0.1984375000000001 0.646875 0.1984375000000001 0.646875 0.21875000000000008 0.6515625 0.21875000000000008
1 0.659375 0.1984375000000001 0.6515625 0.1984375000000001 0.6515625 0.2156250000000001 0.659375 0.2156250000000001
1 0.6515625 0.22031250000000008 0.64375 0.22031250000000008 0.64375 0.2390625000000001 0.6515625 0.2390625000000001
1 0.6703125 0.1984375000000001 0.6609375 0.1984375000000001 0.6609375 0.2171875000000001 0.6703125 0.2171875000000001
1 0.678125 0.19687500000000008 0.6703125 0.19687500000000008 0.6703125 0.2156250000000001 0.678125 0.2156250000000001
1 0.6984375 0.19687500000000008 0.6890625 0.19687500000000008 0.6890625 0.2156250000000001 0.6984375 0.2156250000000001
1 0.7078125 0.19687500000000008 0.7015625 0.19687500000000008 0.7015625 0.2140625000000001 0.7078125 0.2140625000000001
1 0.6609375 0.22031250000000008 0.65625 0.22031250000000008 0.65625 0.2390625000000001 0.6609375 0.2390625000000001
1 0.66875 0.21875000000000008 0.6609375 0.21875000000000008 0.6609375 0.2390625000000001 0.66875 0.2390625000000001
1 0.665625 0.2390625000000001 0.6625 0.2390625000000001 0.6625 0.26250000000000007 0.665625 0.26250000000000007
1 0.6578125 0.24218750000000008 0.65 0.24218750000000008 0.65 0.2609375000000001 0.6578125 0.2609375000000001
1 0.6734375 0.2406250000000001 0.66875 0.2406250000000001 0.66875 0.2593750000000001 0.6734375 0.2593750000000001
1 0.653125 0.2671875000000001 0.65 0.2671875000000001 0.65 0.2843750000000001 0.653125 0.2843750000000001
1 0.665625 0.2671875000000001 0.659375 0.2671875000000001 0.659375 0.2828125000000001 0.665625 0.2828125000000001
1 0.659375 0.2890625000000001 0.653125 0.2890625000000001 0.653125 0.3062500000000001 0.659375 0.3062500000000001
1 0.66875 0.2890625000000001 0.659375 0.2890625000000001 0.659375 0.3062500000000001 0.66875 0.3062500000000001
1 0.690625 0.2890625000000001 0.6828125 0.2890625000000001 0.6828125 0.3078125000000001 0.690625 0.3078125000000001
1 0.6546875 0.3125000000000001 0.6453125 0.3125000000000001 0.6453125 0.3312500000000001 0.6546875 0.3312500000000001
1 0.6640625 0.3125000000000001 0.65625 0.3125000000000001 0.65625 0.3312500000000001 0.6640625 0.3312500000000001
1 0.68125 0.34062500000000007 0.6703125 0.34062500000000007 0.6703125 0.3593750000000001 0.68125 0.3593750000000001
1 0.70625 0.34062500000000007 0.7 0.34062500000000007 0.7 0.35625000000000007 0.70625 0.35625000000000007
1 0.7125 0.34062500000000007 0.70625 0.34062500000000007 0.70625 0.3578125000000001 0.7125 0.3578125000000001
1 0.6703125 0.584375 0.6640625 0.584375 0.6640625 0.603125 0.6703125 0.603125
1 0.659375 0.584375 0.6546875 0.584375 0.6546875 0.603125 0.659375 0.603125
1 0.6609375 0.6125 0.65 0.6125 0.65 0.6296875 0.6609375 0.6296875
1 0.6703125 0.6125 0.665625 0.6125 0.665625 0.6296875 0.6703125 0.6296875
1 0.6828125 0.6859375 0.675 0.6859375 0.675 0.7046875 0.6828125 0.7046875
1 0.6921875 0.6859375 0.6859375 0.6859375 0.6859375 0.7046875 0.6921875 0.7046875
1 0.6984375 0.7140625 0.690625 0.7140625 0.690625 0.7328125 0.6984375000000002 0.7328125
1 0.6890625000000001 0.7125 0.68125 0.7125 0.6812500000000001 0.73125 0.6890625000000001 0.73125
1 0.6796875000000001 0.7125 0.671875 0.7125 0.6718750000000001 0.7328125 0.6796875000000002 0.7328125
1 0.6671875 0.6953125 0.6625 0.6953125 0.6625 0.7078125 0.6671875 0.7078125
1 0.6640625000000001 0.721875 0.6578125 0.721875 0.6578125000000001 0.7359375 0.6640625000000002 0.7359375
1 0.4546875 0.6140625 0.45 0.6140625 0.45 0.625 0.4546875 0.625
1 0.4703125 0.6125 0.4625 0.6125 0.4625 0.6296875 0.4703125 0.6296875
1 0.4625 0.6109375 0.4546875 0.6109375 0.4546875 0.6296875 0.4625 0.6296875
1 0.33125 0.29375 0.321875 0.29375 0.321875 0.3015625 0.33125 0.3015625
1 0.3328125 0.2828125 0.321875 0.2828125 0.321875 0.2921875 0.3328125 0.2921875
0 0.3859375000000001 0.740625 0.3359375000000001 0.740625 0.3359375000000001 0.875 0.3859375000000001 0.875