0 0.23281250000000003 0.19687500000000002 0.17031250000000003 0.196875 0.17031250000000003 0.378125 0.2328125000000001 0.378125
0 0.2359375 0.225 0.203125 0.225 0.203125 0.35 0.2359375 0.35
0 0.378125 0.14687500000000003 0.2796875 0.14687500000000003 0.2796875 0.19218750000000004 0.378125 0.19218750000000004
0 0.4328125 0.5078125 0.3609375000000001 0.5078125 0.3609375000000001 0.525 0.4328125 0.525
0 0.5171875 0.3843750000000001 0.38750000000000007 0.3843750000000001 0.38750000000000007 0.4984375 0.5171875 0.4984375
0 0.8984375 0.3765625000000001 0.7265625 0.3765625000000001 0.7265625 0.5593750000000002 0.8984375 0.5593750000000002
0 0.7328125 0.14062500000000008 0.6359375 0.14062500000000008 0.6359375 0.1921875000000001 0.7328125 0.1921875000000001
0 0.6765625 0.1375000000000001 0.64375 0.1375000000000001 0.64375 0.19531250000000008 0.6765625 0.19531250000000008
0 0.7265625 0.1468750000000001 0.6859375 0.1468750000000001 0.6859375 0.1906250000000001 0.7265625 0.1906250000000001
1 0.37187500000000007 0.809375 0.3578125000000001 0.809375 0.3578125000000001 0.8359375 0.37187500000000007 0.8359375
1 0.3812500000000001 0.803125 0.3687500000000001 0.803125 0.3687500000000001 0.8359375 0.3812500000000001 0.8359375
1 0.3968750000000001 0.8109375 0.3828125000000001 0.8109375 0.3828125000000001 0.8328125 0.3968750000000001 0.8328125
1 0.459375 0.4421875 0.446875 0.4421875 0.446875 0.4703125 0.459375 0.4703125
1 0.465625 0.4453125 0.45625 0.4453125 0.45625 0.4671875 0.465625 0.4671875
2 0.475 0.4390625 0.4671875 0.4390625 0.4671875 0.4484375 0.475 0.4484375
0 0.2156250000000001 0.378125 0.20468750000000008 0.378125 0.20468750000000008 0.434375 0.2156250000000001 0.434375
1 0.828125 0.5140625000000002 0.8171875 0.5140625000000002 0.8171875 0.5250000000000001 0.828125 0.5250000000000001
1 0.8078125 0.5218750000000002 0.8 0.5218750000000002 0.8 0.5437500000000002 0.8078125 0.5437500000000002
1 0.8171875 0.5218750000000002 0.8078125 0.5218750000000002 0.8078125 0.5437500000000002 0.8171875 0.5437500000000002
1 0.5718750000000001 0.803125 0.5625000000000002 0.803125 0.5625000000000002 0.8296875 0.5718750000000001 0.8296875
1 0.7125 0.4921875 0.6890625 0.4921875 0.6890625 0.5234375 0.7125 0.5234375