0 0.9453125 0.6031250000000001 0.7671875 0.6031250000000001 0.7671875 0.6796875000000002 0.9453125 0.6796875000000002
0 0.7875 0.5484375000000001 0.7671875 0.5484375000000001 0.7671875 0.6906250000000002 0.7875 0.6906250000000002
0 0.940625 0.5437500000000002 0.9265625 0.5437500000000002 0.9265625 0.6843750000000002 0.940625 0.6843750000000002
0 0.73125 0.6062500000000001 0.1859375000000001 0.60625 0.1859375000000001 0.690625 0.73125 0.6906250000000002
0 0.17187500000000006 0.40625 0.14843750000000006 0.40625 0.14843750000000006 0.5265625 0.17187500000000006 0.5265625
0 0.4578125 0.34062500000000007 0.18125000000000005 0.340625 0.18125000000000005 0.36406250000000007 0.4578125 0.36406250000000007
1 0.4453125 0.6171875 0.434375 0.6171875 0.434375 0.65625 0.4453125 0.65625
1 0.46875 0.61875 0.45 0.61875 0.45 0.6515625 0.46875 0.6515625
1 0.4890625 0.6140625 0.46875 0.6140625 0.46875 0.65625 0.4890625 0.65625
1 0.15000000000000005 0.4421875 0.12343750000000005 0.4421875 0.12343750000000005 0.459375 0.15000000000000005 0.459375
1 0.14843750000000006 0.4140625 0.12031250000000004 0.4140625 0.12031250000000004 0.4421875 0.14843750000000006 0.4421875
1 0.2734375 0.3 0.2546875 0.3 0.2546875 0.3390625 0.2734375 0.3390625
1 0.290625 0.3015625 0.2734375 0.3015625 0.2734375 0.3390625 0.290625 0.3390625
2 0.296875 0.3296875 0.290625 0.3296875 0.290625 0.340625 0.296875 0.340625
1 0.3171875 0.3 0.3 0.3 0.3 0.3375 0.3171875 0.3375
2 0.3328125 0.3046875 0.321875 0.3046875 0.321875 0.3328125 0.3328125 0.3328125
1 0.35625 0.3015625 0.3359375 0.3015625 0.3359375 0.3375 0.35625 0.3375
2 0.365625 0.32656250000000003 0.35625 0.3265625 0.35625 0.34218750000000003 0.365625 0.3421875000000001
1 0.384375 0.2953125000000001 0.3671875 0.2953125000000001 0.3671875 0.3375000000000001 0.384375 0.3375000000000001