0 0.446875 0.3156250000000001 0.378125 0.3156250000000001 0.378125 0.3546875000000001 0.446875 0.3546875000000001
0 0.38125 0.2515625 0.346875 0.2515625 0.346875 0.31562500000000004 0.38125 0.3156250000000001
0 0.528125 0.17968750000000006 0.40625 0.17968750000000006 0.40625 0.2328125000000001 0.528125 0.2328125000000001
0 0.53125 0.16718750000000004 0.45625 0.16718750000000004 0.45625 0.19687500000000005 0.53125 0.19687500000000005
0 0.5703125 0.09687500000000007 0.528125 0.09687500000000007 0.528125 0.13281250000000006 0.5703125 0.13281250000000008
0 0.5703125 0.15625000000000006 0.5296875 0.15625000000000006 0.5296875 0.19687500000000008 0.5703125 0.19687500000000008
0 0.746875 0.16406250000000008 0.7 0.16406250000000008 0.7 0.19687500000000008 0.746875 0.19687500000000008
0 0.715625 0.07968750000000009 0.6890625 0.07968750000000009 0.6890625 0.11718750000000008 0.715625 0.11718750000000008
0 0.7609375 0.10312500000000009 0.7328125 0.10312500000000009 0.7328125 0.15000000000000008 0.7609375 0.15000000000000008
0 0.6890625 0.5125 0.6546875 0.5125 0.6546875 0.5453125 0.6890625 0.5453125
0 0.69375 0.5671875 0.6546875 0.5671875 0.6546875 0.609375 0.69375 0.609375
0 0.6546875 0.5921875 0.5296875 0.5921875 0.5296875 0.653125 0.6546875 0.653125
0 0.6546875 0.584375 0.5953125 0.584375 0.5953125 0.6140625 0.6546875 0.6140625
0 0.5703125 0.59375 0.53125 0.59375 0.53125 0.621875 0.5703125 0.621875
0 0.5171875 0.4984375 0.4703125 0.4984375 0.4703125 0.5203125 0.5171875 0.5203125
0 0.584375 0.475 0.5390625 0.475 0.5390625 0.5203125 0.584375 0.5203125
0 0.5843750000000002 0.7765625 0.4593750000000002 0.7765625 0.4593750000000002 0.8234375 0.5843750000000002 0.8234375
0 0.5765625000000002 0.78125 0.5453125000000002 0.78125 0.5453125000000002 0.8234375 0.5765625000000002 0.8234375
0 0.5390625000000002 0.78125 0.5140625000000002 0.78125 0.5140625000000002 0.821875 0.5390625000000002 0.821875
0 0.5703125 0.6875 0.5046875 0.6875 0.5046875 0.7109375 0.5703125 0.7109375
0 0.48906250000000007 0.715625 0.4265625 0.715625 0.42656250000000007 0.7765625 0.4890625000000002 0.7765625
0 0.5046875 0.6703125 0.475 0.6703125 0.475 0.7109375 0.5046875 0.7109375
0 0.6015625 0.69375 0.5703125 0.69375 0.5703125 0.7171875 0.6015625 0.7171875
1 0.5921875 0.415625 0.584375 0.415625 0.584375 0.4359375 0.5921875 0.4359375