0 0.375 0.17968750000000006 0.3484375 0.17968750000000006 0.3484375 0.27656250000000004 0.375 0.2765625000000001
0 0.2078125 0.1453125 0.1109375 0.1453125 0.1109375 0.17812500000000003 0.2078125 0.17812500000000003
0 0.14375 0.1484375 0.109375 0.1484375 0.109375 0.1796875 0.14375 0.1796875
0 0.20625 0.14843750000000003 0.15625 0.1484375 0.15625 0.18125000000000002 0.20625 0.18125000000000005
0 0.17500000000000004 0.4296875 0.13125000000000003 0.4296875 0.13125000000000003 0.459375 0.17500000000000004 0.459375
0 0.2531250000000001 0.43125 0.17656250000000004 0.43125 0.17656250000000004 0.4609375 0.2531250000000001 0.4609375
0 0.3265625000000001 0.4375 0.2921875000000001 0.4375 0.2921875000000001 0.56875 0.3265625000000001 0.56875
0 0.32500000000000007 0.4359375 0.29375000000000007 0.4359375 0.29375000000000007 0.484375 0.32500000000000007 0.484375
0 0.32500000000000007 0.5234375 0.2921875000000001 0.5234375 0.2921875000000001 0.56875 0.32500000000000007 0.56875
0 0.24218750000000008 0.54375 0.18593750000000003 0.54375 0.18593750000000006 0.59375 0.24218750000000008 0.59375
0 0.17031250000000006 0.5421875 0.14218750000000005 0.5421875 0.14218750000000008 0.5921875 0.1703125000000001 0.5921875
0 0.16875000000000004 0.4625 0.12187500000000004 0.4625 0.12187500000000004 0.54375 0.16875000000000004 0.54375
0 0.16718750000000004 0.4546875 0.14218750000000005 0.4546875 0.14218750000000005 0.5 0.16718750000000004 0.5
0 0.16562500000000008 0.503125 0.14531250000000004 0.503125 0.14531250000000007 0.5734375 0.16562500000000008 0.5734375
0 0.15156250000000004 0.271875 0.10937500000000004 0.271875 0.10937500000000004 0.303125 0.15156250000000004 0.303125
1 0.3296875000000001 0.375 0.3187500000000001 0.375 0.3187500000000001 0.3984375 0.3296875000000001 0.3984375
1 0.34062500000000007 0.375 0.3281250000000001 0.375 0.3281250000000001 0.3984375 0.34062500000000007 0.3984375
1 0.3500000000000001 0.375 0.3390625000000001 0.375 0.3390625000000001 0.3984375 0.3500000000000001 0.3984375
1 0.3625000000000001 0.3734375 0.3531250000000001 0.3734375 0.3531250000000001 0.4 0.3625000000000001 0.4
1 0.3921875000000001 0.3750000000000001 0.3828125000000001 0.3750000000000001 0.3828125000000001 0.4 0.3921875000000001 0.4
1 0.4046875 0.3734375000000001 0.3937500000000001 0.3734375000000001 0.3937500000000001 0.3984375000000001 0.4046875 0.3984375000000001
2 0.4171875 0.3734375000000001 0.40625 0.3734375000000001 0.40625 0.38750000000000007 0.4171875 0.38750000000000007
1 0.2609375000000001 0.3734375 0.2515625000000001 0.3734375 0.2515625000000001 0.4046875 0.2609375000000001 0.4046875
1 0.425 0.3703125000000001 0.4140625 0.3703125000000001 0.4140625 0.40625 0.425 0.40625
1 0.16875000000000004 0.28125 0.15937500000000004 0.28125 0.15937500000000004 0.2984375 0.16875000000000004 0.2984375
2 0.17343750000000005 0.2796875 0.16718750000000004 0.2796875 0.16718750000000004 0.2875 0.17343750000000005 0.2875
1 0.15937500000000004 0.2796875 0.15156250000000004 0.2796875 0.15156250000000004 0.296875 0.15937500000000004 0.296875
0 0.2734375 0.19531250000000006 0.25 0.19531250000000006 0.25 0.2609375 0.2734375 0.2609375
0 0.621875 0.2562500000000001 0.55625 0.2562500000000001 0.55625 0.2890625000000001 0.621875 0.2890625000000001
0 0.65625 0.1625000000000001 0.559375 0.1625000000000001 0.559375 0.1828125000000001 0.65625 0.1828125000000001
0 0.8046875 0.1625000000000001 0.771875 0.1625000000000001 0.771875 0.2140625000000001 0.8046875 0.2140625000000001
0 0.7234375 0.1921875000000001 0.7015625 0.1921875000000001 0.7015625 0.2531250000000001 0.7234375 0.2531250000000001
1 0.3640625 0.08906250000000004 0.353125 0.08906250000000004 0.353125 0.11562500000000005 0.3640625 0.11562500000000005
1 0.296875 0.09062500000000004 0.2875 0.09062500000000004 0.2875 0.11718750000000004 0.296875 0.11718750000000004
1 0.3109375 0.09062500000000004 0.3 0.09062500000000004 0.3 0.11718750000000004 0.3109375 0.11718750000000004
1 0.321875 0.09062500000000004 0.3125 0.09062500000000004 0.3125 0.11406250000000004 0.321875 0.11406250000000004
1 0.3328125 0.08906250000000004 0.3234375 0.08906250000000004 0.3234375 0.11562500000000005 0.3328125 0.11562500000000005
1 0.375 0.08750000000000005 0.365625 0.08750000000000005 0.365625 0.11406250000000004 0.375 0.11406250000000004
2 0.3953125 0.08906250000000004 0.3859375 0.08906250000000004 0.3859375 0.12343750000000005 0.3953125 0.12343750000000005
2 0.23125 0.09218750000000002 0.2234375 0.09218750000000002 0.2234375 0.12656250000000005 0.23125 0.12656250000000005
1 0.2156250000000001 0.565625 0.20468750000000008 0.565625 0.20468750000000008 0.584375 0.2156250000000001 0.584375
1 0.22656250000000008 0.565625 0.2171875000000001 0.565625 0.2171875000000001 0.584375 0.22656250000000008 0.584375
1 0.15000000000000008 0.5578125 0.1359375000000001 0.5578125 0.1359375000000001 0.5703125 0.15000000000000008 0.5703125
1 0.15000000000000008 0.540625 0.13750000000000004 0.540625 0.13750000000000007 0.553125 0.15000000000000008 0.553125
1 0.12343750000000005 0.509375 0.11250000000000004 0.509375 0.11250000000000004 0.51875 0.12343750000000005 0.51875
1 0.12656250000000005 0.490625 0.11406250000000004 0.490625 0.11406250000000004 0.5046875 0.12656250000000005 0.5046875
1 0.2062500000000001 0.415625 0.19687500000000005 0.415625 0.19687500000000005 0.4328125 0.2062500000000001 0.4328125
1 0.21875000000000008 0.415625 0.2093750000000001 0.415625 0.2093750000000001 0.4328125 0.21875000000000008 0.4328125
1 0.22656250000000008 0.415625 0.21875000000000008 0.415625 0.21875000000000008 0.4328125 0.22656250000000008 0.4328125
1 0.184375 0.13906250000000003 0.175 0.1390625 0.175 0.15625000000000003 0.184375 0.15625000000000006
1 0.19375 0.13906250000000003 0.1859375 0.13906250000000003 0.1859375 0.15625000000000006 0.19375 0.15625000000000006
1 0.3625 0.234375 0.3515625 0.234375 0.3515625 0.246875 0.3625 0.246875
1 0.3640625 0.22031250000000005 0.3515625 0.2203125 0.3515625 0.23437500000000006 0.3640625 0.23437500000000008
2 0.3859375 0.08906250000000004 0.375 0.08906250000000004 0.375 0.10625000000000004 0.3859375 0.10625000000000004
1 0.23593750000000008 0.4171875 0.2250000000000001 0.4171875 0.2250000000000001 0.434375 0.23593750000000008 0.434375
1 0.6328125 0.15000000000000008 0.6234375 0.15000000000000008 0.6234375 0.1687500000000001 0.6328125 0.1687500000000001
1 0.6421875 0.14843750000000008 0.634375 0.14843750000000008 0.634375 0.1671875000000001 0.6421875 0.1671875000000001
1 0.7046875 0.08906250000000009 0.69375 0.08906250000000009 0.69375 0.11562500000000009 0.7046875 0.11562500000000009
1 0.7171875 0.0906250000000001 0.7046875 0.0906250000000001 0.7046875 0.11562500000000009 0.7171875 0.11562500000000009
1 0.728125 0.08906250000000009 0.71875 0.08906250000000009 0.71875 0.11562500000000009 0.728125 0.11562500000000009
1 0.7390625 0.08906250000000009 0.728125 0.08906250000000009 0.728125 0.11562500000000009 0.7390625 0.11562500000000009
1 0.76875 0.08750000000000009 0.759375 0.08750000000000009 0.759375 0.1140625000000001 0.76875 0.1140625000000001
1 0.7828125 0.0906250000000001 0.771875 0.0906250000000001 0.771875 0.11562500000000009 0.7828125 0.11562500000000009
2 0.7921875 0.0906250000000001 0.7828125 0.0906250000000001 0.7828125 0.10468750000000009 0.7921875 0.10468750000000009
2 0.803125 0.08906250000000009 0.79375 0.08906250000000009 0.79375 0.1218750000000001 0.803125 0.1218750000000001
2 0.6375 0.08906250000000007 0.628125 0.08906250000000007 0.628125 0.1218750000000001 0.6375 0.1218750000000001
0 0.2515625000000001 0.76875 0.1609375000000001 0.76875 0.1609375000000001 0.8171875 0.2515625000000001 0.8171875
0 0.1656250000000001 0.7546875 0.10937500000000008 0.7546875 0.10937500000000011 0.9625 0.16562500000000013 0.9625
0 0.16562500000000008 0.7875 0.14062500000000008 0.7875 0.14062500000000008 0.9015625 0.16562500000000008 0.9015625
0 0.3390625000000001 0.7953125 0.3000000000000001 0.7953125 0.3000000000000001 0.921875 0.3390625000000001 0.921875
0 0.3390625000000001 0.7953125 0.3046875000000001 0.7953125 0.3046875000000001 0.8453125 0.3390625000000001 0.8453125
0 0.3375000000000001 0.878125 0.3000000000000001 0.878125 0.3000000000000001 0.921875 0.3375000000000001 0.921875
0 0.21875000000000008 0.8921875 0.18750000000000008 0.8921875 0.1875000000000001 0.928125 0.21875000000000008 0.928125
0 0.6187500000000001 0.746875 0.5593750000000002 0.746875 0.5593750000000002 0.9390625 0.6187500000000001 0.9390625
0 0.7015625000000002 0.884375 0.5859375000000002 0.884375 0.5859375000000002 0.98125 0.7015625000000002 0.98125
0 0.6984375000000002 0.8859375 0.5968750000000002 0.8859375 0.5968750000000002 0.9453125 0.6984375000000002 0.9453125
0 0.7093750000000002 0.7609375 0.6062500000000002 0.7609375 0.6062500000000002 0.80625 0.7093750000000002 0.80625
0 0.7859375000000002 0.7906250000000001 0.7515625000000001 0.7906250000000001 0.7515625000000001 0.9 0.7859375000000002 0.9
1 0.7890625 0.6968750000000001 0.7765625 0.6968750000000001 0.7765625 0.7203125000000001 0.7890625 0.7203125000000001
2 0.8015625 0.6937500000000002 0.790625 0.6937500000000002 0.790625 0.7109375000000002 0.8015625 0.7109375000000002
1 0.6421875 0.6953125 0.634375 0.6953125 0.634375 0.7203125 0.6421875 0.7203125
1 0.7 0.69375 0.6921875 0.69375 0.6921875 0.721875 0.7 0.721875
1 0.7125 0.69375 0.7 0.69375 0.7 0.7203125 0.7125 0.7203125
1 0.7234375 0.696875 0.7125 0.696875 0.7125 0.721875 0.7234375 0.721875
1 0.7359375 0.6968750000000001 0.7234375 0.696875 0.7234375 0.7187500000000001 0.7359375 0.7187500000000002
1 0.746875 0.6953125000000002 0.7359375 0.6953125000000002 0.7359375 0.7203125000000001 0.746875 0.7203125000000001
1 0.778125 0.6937500000000002 0.7671875 0.6937500000000002 0.7671875 0.7187500000000002 0.778125 0.7187500000000002
1 0.7078125000000002 0.7453125 0.7000000000000002 0.7453125 0.7000000000000002 0.7640625 0.7078125000000002 0.7640625
1 0.6703125000000002 0.7421875 0.6609375000000002 0.7421875 0.6609375000000002 0.7609375 0.6703125000000002 0.7609375
1 0.6843750000000002 0.74375 0.6734375000000001 0.74375 0.6734375000000001 0.7609375 0.6843750000000002 0.7609375
1 0.6031250000000001 0.809375 0.5890625000000002 0.809375 0.5890625000000002 0.821875 0.6031250000000001 0.821875
1 0.6031250000000001 0.7921875 0.5875000000000001 0.7921875 0.5875000000000001 0.8046875 0.6031250000000001 0.8046875
1 0.6046875000000002 0.78125 0.5875000000000001 0.78125 0.5875000000000001 0.796875 0.6046875000000002 0.796875
1 0.5593750000000002 0.840625 0.5484375000000001 0.840625 0.5484375000000001 0.8546875 0.5593750000000002 0.8546875
1 0.5625000000000002 0.8296875 0.5484375000000001 0.8296875 0.5484375000000001 0.840625 0.5625000000000002 0.840625
0 0.765625 0.44843750000000016 0.734375 0.44843750000000016 0.734375 0.5687500000000002 0.765625 0.5687500000000002
0 0.7640625 0.4468750000000002 0.7328125 0.4468750000000002 0.7328125 0.4906250000000002 0.7640625 0.4906250000000002
0 0.7671875 0.5281250000000002 0.7328125 0.5281250000000002 0.7328125 0.5625000000000002 0.7671875 0.5625000000000002
0 0.6765625 0.4390625 0.5796875 0.4390625 0.5796875 0.4609375 0.6765625 0.4609375
0 0.6859375 0.5515625 0.5828125 0.5515625 0.5828125 0.5921875 0.6859375 0.5921875
0 0.60625 0.43125 0.5609375 0.43125 0.5609375 0.503125 0.60625 0.503125
0 0.6171875 0.53125 0.528125 0.53125 0.528125 0.5765625 0.6171875 0.5765625
0 0.60625 0.5078125 0.5625 0.5078125 0.5625 0.5546875 0.60625 0.5546875
1 0.6687500000000002 0.946875 0.6609375000000002 0.946875 0.6609375000000002 0.9625 0.6687500000000002 0.9625
1 0.6812500000000001 0.9453125 0.6718750000000002 0.9453125 0.6718750000000002 0.9640625 0.6812500000000001 0.9640625
1 0.6671875000000002 0.915625 0.6578125000000001 0.915625 0.6578125000000001 0.9328125 0.6671875000000002 0.9328125
1 0.6781250000000002 0.915625 0.6703125000000002 0.915625 0.6703125000000002 0.93125 0.6781250000000002 0.93125
1 0.6890625000000001 0.915625 0.6781250000000002 0.915625 0.6781250000000002 0.934375 0.6890625000000001 0.934375
1 0.7203125 0.3609375000000001 0.7109375 0.3609375000000001 0.7109375 0.3859375000000001 0.7203125 0.3859375000000001
1 0.73125 0.3609375000000001 0.71875 0.3609375000000001 0.71875 0.3843750000000001 0.73125 0.3843750000000001
1 0.74375 0.3609375000000001 0.73125 0.3609375000000001 0.73125 0.3859375000000001 0.74375 0.3859375000000001
1 0.7546875 0.3609375000000001 0.740625 0.3609375000000001 0.740625 0.3859375000000001 0.7546875 0.3859375000000001
1 0.765625 0.3593750000000001 0.7546875 0.3593750000000001 0.7546875 0.3859375000000001 0.765625 0.3859375000000001
1 0.7953125 0.3609375000000001 0.7859375 0.3609375000000001 0.7859375 0.3859375000000001 0.7953125 0.3859375000000001
1 0.8078125 0.3609375000000001 0.796875 0.3609375000000001 0.796875 0.3859375000000001 0.8078125 0.3859375000000001
2 0.81875 0.3609375000000001 0.809375 0.3609375000000001 0.809375 0.3750000000000001 0.81875 0.3750000000000001
2 0.653125 0.3593750000000001 0.6453125 0.3593750000000001 0.6453125 0.3921875000000001 0.653125 0.3921875000000001
2 0.828125 0.3593750000000001 0.81875 0.3593750000000001 0.81875 0.3921875000000001 0.828125 0.3921875000000001
1 0.6609375 0.428125 0.653125 0.428125 0.653125 0.4453125 0.6609375 0.4453125
1 0.65 0.4265625 0.640625 0.4265625 0.640625 0.44375 0.65 0.44375
1 0.5671875 0.45 0.5578125 0.45 0.5578125 0.4609375 0.5671875 0.4609375
1 0.56875 0.4671875 0.5578125 0.4671875 0.5578125 0.4796875 0.56875 0.4796875
1 0.546875 0.546875 0.5375 0.546875 0.5375 0.5640625 0.546875 0.5640625
1 0.55625 0.546875 0.5484375 0.546875 0.5484375 0.5640625 0.55625 0.5640625
1 0.6578125 0.5625 0.65 0.5625 0.65 0.584375 0.6578125 0.584375
1 0.6703125 0.5640625 0.6609375 0.5640625 0.6609375 0.58125 0.6703125 0.58125
1 0.6078125 0.2640625000000001 0.6 0.2640625000000001 0.6 0.2843750000000001 0.6078125 0.2843750000000001
1 0.6171875 0.2656250000000001 0.6078125 0.2656250000000001 0.6078125 0.2828125000000001 0.6171875 0.2828125000000001
2 0.621875 0.2640625000000001 0.615625 0.2640625000000001 0.615625 0.2750000000000001 0.621875 0.2750000000000001
1 0.796875 0.17343750000000008 0.7890625 0.17343750000000008 0.7890625 0.18750000000000008 0.796875 0.18750000000000008
1 0.3046875000000001 0.6953125 0.2968750000000001 0.6953125 0.2968750000000001 0.7203125 0.3046875000000001 0.7203125
1 0.31718750000000007 0.69375 0.3062500000000001 0.69375 0.3062500000000001 0.7203125 0.31718750000000007 0.7203125
1 0.3296875000000001 0.69375 0.3187500000000001 0.69375 0.3187500000000001 0.7203125 0.3296875000000001 0.7203125
1 0.3390625000000001 0.69375 0.3296875000000001 0.69375 0.3296875000000001 0.7203125 0.3390625000000001 0.7203125
1 0.3531250000000001 0.6953125 0.3437500000000001 0.6953125 0.3437500000000001 0.721875 0.3531250000000001 0.721875
1 0.3843750000000001 0.6953125 0.3734375000000001 0.6953125 0.3734375000000001 0.7203125 0.3843750000000001 0.7203125
1 0.39531250000000007 0.6921875 0.3828125000000001 0.6921875 0.3828125000000001 0.71875 0.39531250000000007 0.71875
2 0.40625 0.6953125 0.3968750000000001 0.6953125 0.3968750000000001 0.709375 0.40625 0.709375
2 0.2375000000000001 0.6921875 0.2312500000000001 0.6921875 0.2312500000000001 0.7265625 0.2375000000000001 0.7265625
2 0.415625 0.6921875 0.40625 0.6921875 0.40625 0.725 0.415625 0.725
1 0.22031250000000008 0.7515625 0.21250000000000008 0.7515625 0.21250000000000008 0.771875 0.22031250000000008 0.771875
1 0.2328125000000001 0.7515625 0.2250000000000001 0.7515625 0.2250000000000001 0.7703125 0.2328125000000001 0.7703125
1 0.2250000000000001 0.8953125 0.2156250000000001 0.8953125 0.2156250000000001 0.9125 0.2250000000000001 0.9125
1 0.1531250000000001 0.815625 0.14218750000000008 0.815625 0.14218750000000008 0.834375 0.1531250000000001 0.834375
1 0.1546875000000001 0.8 0.14062500000000008 0.8 0.14062500000000008 0.8140625 0.1546875000000001 0.8140625