1 0.625 0.11875000000000009 0.6125 0.11875000000000009 0.6125 0.14843750000000008 0.625 0.14843750000000008
1 0.5140625 0.24375000000000008 0.496875 0.24375000000000008 0.496875 0.2609375000000001 0.5140625 0.2609375000000001
1 0.5140625 0.21875000000000008 0.496875 0.21875000000000008 0.496875 0.2375000000000001 0.5140625 0.2375000000000001
0 0.4984375 0.37968750000000007 0.3609375000000001 0.3796875 0.3609375000000001 0.4453125 0.4984375 0.4453125
1 0.4421875 0.3906250000000001 0.4265625 0.3906250000000001 0.4265625 0.4203125 0.4421875 0.4203125
0 0.5 0.4453125 0.27031250000000007 0.4453125 0.27031250000000007 0.50625 0.5 0.50625
1 0.3859375000000001 0.45 0.3734375000000001 0.45 0.3734375000000001 0.478125 0.3859375000000001 0.478125
0 0.6578125 0.4109375 0.553125 0.4109375 0.553125 0.5015625 0.6578125 0.5015625
1 0.6125 0.4515625 0.5984375 0.4515625 0.5984375 0.478125 0.6125 0.478125
0 0.709375 0.24375000000000008 0.6578125 0.24375000000000008 0.6578125 0.4140625 0.709375 0.4140625
1 0.6890625 0.3125000000000001 0.671875 0.3125000000000001 0.671875 0.3359375000000001 0.6890625 0.3359375000000001
0 0.840625 0.4437500000000001 0.6984375 0.44375 0.6984375 0.503125 0.840625 0.5031250000000002
1 0.8265625 0.4515625000000002 0.8140625 0.4515625000000002 0.8140625 0.47968750000000016 0.8265625 0.47968750000000016
0 0.903125 0.2515625000000001 0.853125 0.2515625000000001 0.853125 0.3968750000000001 0.903125 0.3968750000000001
1 0.884375 0.3187500000000001 0.8640625 0.3187500000000001 0.8640625 0.3453125000000001 0.884375 0.3453125000000001
1 0.8859375 0.29375000000000007 0.8734375 0.29375000000000007 0.8734375 0.3218750000000001 0.8859375 0.3218750000000001
1 0.17968750000000006 0.196875 0.16875000000000004 0.196875 0.16875000000000004 0.2203125 0.17968750000000006 0.2203125
1 0.18437500000000004 0.18906250000000002 0.17343750000000005 0.1890625 0.17343750000000005 0.2171875 0.18437500000000004 0.2171875
1 0.2015625 0.17031250000000003 0.1859375 0.17031250000000003 0.18593750000000003 0.19843750000000004 0.2015625 0.19843750000000004
0 0.29375 0.17968750000000006 0.19375 0.17968750000000006 0.19375000000000003 0.2484375 0.29375 0.2484375
1 0.2078125 0.16250000000000003 0.1984375 0.16250000000000003 0.19843750000000002 0.19062500000000004 0.2078125 0.19062500000000004
1 0.315625 0.2296875 0.3046875 0.2296875 0.3046875 0.253125 0.315625 0.253125
1 0.3296875 0.2265625 0.3171875 0.2265625 0.3171875 0.2515625 0.3296875 0.2515625
1 0.29375000000000007 0.5203125 0.2796875000000001 0.5203125 0.2796875000000001 0.546875 0.29375000000000007 0.546875
1 0.3046875000000001 0.403125 0.2890625000000001 0.403125 0.2890625000000001 0.421875 0.3046875000000001 0.421875
1 0.3046875000000001 0.428125 0.2890625000000001 0.428125 0.2890625000000001 0.44375 0.3046875000000001 0.44375
1 0.30937500000000007 0.51875 0.2984375000000001 0.51875 0.2984375000000001 0.5484375 0.30937500000000007 0.5484375
1 0.3218750000000001 0.51875 0.30937500000000007 0.51875 0.30937500000000007 0.546875 0.3218750000000001 0.546875
1 0.3375000000000001 0.515625 0.3218750000000001 0.515625 0.3218750000000001 0.5484375 0.3375000000000001 0.5484375
1 0.328125 0.31875 0.3015625 0.31875 0.3015625 0.340625 0.328125 0.340625
1 0.33125 0.309375 0.3125 0.309375 0.3125 0.3234375 0.33125 0.3234375
1 0.20625 0.3171875 0.18281250000000004 0.3171875 0.18281250000000004 0.340625 0.20625 0.340625
1 0.2609375000000001 0.4515625 0.24218750000000008 0.4515625 0.24218750000000008 0.4765625 0.2609375000000001 0.4765625
0 0.546875 0.27812500000000007 0.496875 0.27812500000000007 0.496875 0.3812500000000001 0.546875 0.3812500000000001
2 0.2984375000000001 0.4125 0.2750000000000001 0.4125 0.2750000000000001 0.45625 0.2984375000000001 0.45625
0 0.2375000000000001 0.3875 0.19531250000000006 0.3875 0.19531250000000006 0.5 0.2375000000000001 0.5
0 0.22968750000000004 0.2734375 0.19843750000000004 0.2734375 0.19843750000000004 0.38125 0.2296875000000001 0.38125
2 0.3375 0.2484375 0.3109375 0.2484375 0.3109375 0.2796875 0.3375 0.2796875
2 0.53125 0.2140625000000001 0.5109375 0.2140625000000001 0.5109375 0.2515625000000001 0.53125 0.2515625000000001
1 0.5265625 0.3156250000000001 0.5046875 0.3156250000000001 0.5046875 0.34062500000000007 0.5265625 0.34062500000000007
0 0.85 0.4125000000000002 0.734375 0.4125000000000002 0.734375 0.44531250000000017 0.85 0.44531250000000017
0 0.42187500000000017 0.8328125 0.21875000000000008 0.8328125 0.21875000000000008 0.8890625 0.42187500000000017 0.8890625
0 0.48437500000000017 0.8015625 0.3765625000000001 0.8015625 0.3765625000000001 0.8484375 0.48437500000000017 0.8484375
1 0.3312500000000001 0.8359375 0.3218750000000001 0.8359375 0.3218750000000001 0.8640625 0.3312500000000001 0.8640625
1 0.34062500000000007 0.8484375 0.3296875000000001 0.8484375 0.3296875000000001 0.865625 0.34062500000000007 0.865625
1 0.4750000000000002 0.7984375 0.4593750000000002 0.7984375 0.4593750000000002 0.8265625 0.4750000000000002 0.8265625
1 0.4828125000000002 0.8078125 0.46875000000000017 0.8078125 0.46875000000000017 0.8296875 0.4828125000000002 0.8296875
1 0.55625 0.5640625 0.540625 0.5640625 0.540625 0.596875 0.55625 0.596875
1 0.8421875 0.4156250000000002 0.828125 0.4156250000000002 0.828125 0.4343750000000002 0.8421875 0.4343750000000002
1 0.828125 0.4000000000000002 0.8125 0.4000000000000002 0.8125 0.42968750000000017 0.828125 0.42968750000000017