0 0.275 0.07187500000000004 0.1 0.07187500000000002 0.10000000000000002 0.184375 0.275 0.18437500000000004
0 0.14687500000000003 0.1828125 0.06250000000000003 0.1828125 0.06250000000000004 0.4640625 0.14687500000000003 0.4640625
0 0.33437500000000003 0.17031250000000003 0.2265625 0.17031250000000003 0.22656250000000006 0.7 0.3343750000000001 0.7
0 0.33906250000000004 0.17656250000000004 0.2640625 0.17656250000000004 0.26406250000000003 0.95625 0.3390625000000001 0.95625
0 0.33125000000000004 0.18125000000000005 0.2625 0.18125000000000005 0.26250000000000007 0.7109375 0.3312500000000001 0.7109375
0 0.33281250000000007 0.76875 0.2609375000000001 0.76875 0.2609375000000001 0.953125 0.33281250000000007 0.953125
0 0.2656250000000001 0.784375 0.10937500000000008 0.784375 0.10937500000000008 0.8984375 0.2656250000000001 0.8984375
0 0.9703125 0.4421875000000002 0.8046875 0.4421875000000002 0.8046875 0.5703125000000002 0.9703125 0.5703125000000002
0 0.9625 0.0625000000000001 0.809375 0.06250000000000008 0.809375 0.18437500000000012 0.9625 0.18437500000000012
0 0.7375 0.054687500000000076 0.525 0.05468750000000007 0.525 0.17656250000000007 0.7375 0.1765625000000001
1 0.5765625 0.3921875000000001 0.5578125 0.3921875000000001 0.5578125 0.434375 0.5765625 0.434375
1 0.5750000000000002 0.8578125 0.5578125000000002 0.8578125 0.5578125000000002 0.896875 0.5750000000000002 0.896875
1 0.8609375 0.4125000000000002 0.846875 0.4125000000000002 0.846875 0.44531250000000017 0.8609375 0.44531250000000017
1 0.8984375 0.4125000000000002 0.88125 0.4125000000000002 0.88125 0.44843750000000016 0.8984375 0.44843750000000016
1 0.9140625 0.40937500000000016 0.9015625 0.40937500000000016 0.9015625 0.4468750000000002 0.9140625 0.4468750000000002
1 0.878125 0.034375000000000114 0.8640625 0.034375000000000114 0.8640625 0.07031250000000011 0.878125 0.07031250000000011
1 0.9015625 0.03593750000000011 0.8890625 0.03593750000000011 0.8890625 0.07031250000000011 0.9015625 0.07031250000000011
1 0.6953125 0.021875000000000082 0.68125 0.021875000000000082 0.68125 0.05937500000000009 0.6953125 0.05937500000000009
1 0.70625 0.025000000000000088 0.6984375 0.025000000000000088 0.6984375 0.05312500000000009 0.70625 0.05312500000000009
1 0.06718750000000004 0.2640625 0.04531250000000003 0.2640625 0.04531250000000003 0.2890625 0.06718750000000004 0.2890625
1 0.06562500000000004 0.31875 0.043750000000000046 0.31875 0.043750000000000046 0.3421875 0.06562500000000004 0.3421875
1 0.2015625000000001 0.8203125 0.1843750000000001 0.8203125 0.1843750000000001 0.8578125 0.2015625000000001 0.8578125
1 0.3062500000000001 0.86875 0.2796875000000001 0.86875 0.2796875000000001 0.89375 0.3062500000000001 0.89375
1 0.3031250000000001 0.840625 0.2812500000000001 0.840625 0.2812500000000001 0.8640625 0.3031250000000001 0.8640625