1 0.5562500000000001 0.840625 0.5390625000000002 0.840625 0.5390625000000002 0.875 0.5562500000000001 0.875
2 0.5578125000000002 0.865625 0.5500000000000002 0.865625 0.5500000000000002 0.8796875 0.5578125000000002 0.8796875
1 0.5765625000000002 0.840625 0.5593750000000002 0.840625 0.5593750000000002 0.8765625 0.5765625000000002 0.8765625
1 0.5937500000000002 0.840625 0.5750000000000002 0.840625 0.5750000000000002 0.8765625 0.5937500000000002 0.8765625
2 0.5984375000000002 0.865625 0.5921875000000002 0.865625 0.5921875000000002 0.8765625 0.5984375000000002 0.8765625
2 0.6109375000000001 0.865625 0.6015625000000002 0.865625 0.6015625000000002 0.8796875 0.6109375000000001 0.8796875
2 0.6203125000000002 0.8671875 0.6125000000000002 0.8671875 0.6125000000000002 0.878125 0.6203125000000002 0.878125
2 0.6390625000000002 0.8703125 0.6296875000000002 0.8703125 0.6296875000000002 0.8859375 0.6390625000000002 0.8859375
1 0.6375000000000002 0.846875 0.6250000000000002 0.846875 0.6250000000000002 0.878125 0.6375000000000002 0.878125
1 0.6593750000000002 0.8453125 0.6453125000000002 0.8453125 0.6453125000000002 0.8796875 0.6593750000000002 0.8796875
1 0.6781250000000002 0.846875 0.6625000000000002 0.846875 0.6625000000000002 0.878125 0.6781250000000002 0.878125
1 0.49218750000000017 0.853125 0.4828125000000002 0.853125 0.4828125000000002 0.8828125 0.49218750000000017 0.8828125
1 0.4859375000000002 0.8375 0.46406250000000016 0.8375 0.46406250000000016 0.8734375 0.4859375000000002 0.8734375
0 0.4265625000000002 0.73125 0.35625000000000007 0.73125 0.35625000000000007 0.9828125 0.4265625000000002 0.9828125
1 0.4046875000000002 0.8484375 0.3781250000000001 0.8484375 0.3781250000000001 0.878125 0.4046875000000002 0.878125
1 0.40937500000000016 0.834375 0.3921875000000001 0.834375 0.3921875000000001 0.85 0.40937500000000016 0.85
2 0.425 0.5296875 0.4125 0.5296875 0.4125 0.571875 0.425 0.571875
1 0.44375 0.5328125 0.428125 0.5328125 0.428125 0.565625 0.44375 0.565625
1 0.3984375000000001 0.5265625 0.3828125000000001 0.5265625 0.3828125000000001 0.565625 0.3984375000000001 0.565625
1 0.4140625 0.5296875 0.3984375000000001 0.5296875 0.3984375000000001 0.5671875 0.4140625 0.5671875
1 0.3750000000000001 0.5328125 0.3578125000000001 0.5328125 0.3578125000000001 0.565625 0.3750000000000001 0.565625
1 0.3125000000000001 0.53125 0.2968750000000001 0.53125 0.2968750000000001 0.5640625 0.3125000000000001 0.5640625
1 0.3281250000000001 0.5328125 0.3140625000000001 0.5328125 0.3140625000000001 0.5625 0.3281250000000001 0.5625
2 0.2734375000000001 0.528125 0.2609375000000001 0.528125 0.2609375000000001 0.571875 0.2734375000000001 0.571875
1 0.2875000000000001 0.5296875 0.2750000000000001 0.5296875 0.2750000000000001 0.5625 0.2875000000000001 0.5625
0 0.5765625 0.3921875 0.2953125000000001 0.3921875 0.2953125000000001 0.4984375 0.5765625 0.4984375
1 0.45 0.425 0.434375 0.425 0.434375 0.4625 0.45 0.4625
0 0.578125 0.3375 0.3390625 0.3375 0.33906250000000004 0.428125 0.578125 0.428125
1 0.471875 0.3546875000000001 0.4546875 0.3546875000000001 0.4546875 0.3937500000000001 0.471875 0.3937500000000001
0 0.30156250000000007 0.390625 0.22031250000000008 0.390625 0.22031250000000008 0.4875 0.30156250000000007 0.4875
1 0.2671875000000001 0.4203125 0.2515625000000001 0.4203125 0.2515625000000001 0.45625 0.2671875000000001 0.45625
1 0.3296875 0.2421875 0.3046875 0.2421875 0.3046875 0.2703125 0.3296875 0.2703125
1 0.3328125 0.2265625 0.3171875 0.2265625 0.3171875 0.2453125 0.3328125 0.2453125
0 0.6453125 0.1828125000000001 0.5734375 0.1828125000000001 0.5734375 0.3453125000000001 0.6453125 0.3453125000000001
1 0.6171875 0.24218750000000008 0.590625 0.24218750000000008 0.590625 0.2765625000000001 0.6171875 0.2765625000000001
0 0.371875 0.10468750000000004 0.30625 0.10468750000000004 0.30625 0.17500000000000004 0.371875 0.17500000000000004
1 0.359375 0.07187500000000005 0.340625 0.07187500000000005 0.340625 0.09843750000000004 0.359375 0.09843750000000004
1 0.18437500000000004 0.2296875 0.15781250000000005 0.2296875 0.15781250000000005 0.265625 0.18437500000000004 0.265625
1 0.6921875 0.24375000000000008 0.6703125 0.24375000000000008 0.6703125 0.2671875000000001 0.6921875 0.2671875000000001
0 0.91875 0.40156250000000016 0.7375 0.40156250000000016 0.7375 0.5015625000000001 0.91875 0.5015625000000001
1 0.83125 0.42968750000000017 0.81875 0.42968750000000017 0.81875 0.4656250000000002 0.83125 0.4656250000000002
0 0.740625 0.11250000000000009 0.6828125 0.11250000000000009 0.6828125 0.4062500000000001 0.740625 0.40625000000000017
0 0.22187500000000004 0.1296875 0.171875 0.1296875 0.17187500000000003 0.3671875 0.2218750000000001 0.3671875
0 0.2828125 0.015625000000000028 0.18125 0.01562500000000002 0.18125 0.10625000000000002 0.2828125 0.10625000000000004
1 0.2328125000000001 0.5234375 0.2140625000000001 0.5234375 0.2140625000000001 0.565625 0.2328125000000001 0.565625
2 0.2531250000000001 0.534375 0.2390625000000001 0.534375 0.2390625000000001 0.55625 0.2531250000000001 0.55625
2 0.5375000000000002 0.8359375 0.5203125000000002 0.8359375 0.5203125000000002 0.8796875 0.5375000000000002 0.8796875
2 0.5187500000000002 0.8421875 0.5031250000000002 0.8421875 0.5031250000000002 0.86875 0.5187500000000002 0.86875
2 0.6921875000000002 0.840625 0.6781250000000002 0.840625 0.6781250000000002 0.8828125 0.6921875000000002 0.8828125
1 0.7046875000000001 0.8453125 0.6921875000000002 0.8453125 0.6921875000000002 0.8828125 0.7046875000000001 0.8828125