0 0.4312500000000001 0.7140625 0.37968750000000007 0.7140625 0.37968750000000007 0.740625 0.4312500000000002 0.740625
0 0.4265625 0.6953125 0.3750000000000001 0.6953125 0.3750000000000001 0.7125 0.4265625 0.7125
0 0.3921875000000001 0.6375 0.3765625000000001 0.6375 0.3765625000000001 0.6796875 0.3921875000000001 0.6796875
0 0.4234375 0.5328125 0.3609375000000001 0.5328125 0.3609375000000001 0.5578125 0.4234375 0.5578125
0 0.4859375 0.3625000000000001 0.3859375 0.3625000000000001 0.38593750000000004 0.38750000000000007 0.4859375 0.38750000000000007
0 0.51875 0.3468750000000001 0.4625 0.3468750000000001 0.4625 0.36406250000000007 0.51875 0.36406250000000007
0 0.5953125 0.45 0.575 0.45 0.575 0.528125 0.5953125 0.528125
0 0.690625 0.7 0.640625 0.7 0.6406250000000001 0.7328125 0.6906250000000002 0.7328125
0 0.55 0.08750000000000006 0.525 0.08750000000000006 0.525 0.14062500000000006 0.55 0.14062500000000008
0 0.5265625 0.13906250000000003 0.4546875 0.13906250000000003 0.4546875 0.17031250000000003 0.5265625 0.17031250000000003
0 0.5234375 0.17500000000000004 0.409375 0.17500000000000004 0.409375 0.2015625000000001 0.5234375 0.2015625000000001
0 0.4125 0.15468750000000003 0.375 0.15468750000000003 0.375 0.19687500000000005 0.4125 0.19687500000000005
0 0.390625 0.08750000000000005 0.375 0.08750000000000005 0.375 0.13906250000000003 0.390625 0.13906250000000003
2 0.421875 0.04531250000000005 0.3734375 0.04531250000000005 0.3734375 0.07500000000000004 0.421875 0.07500000000000004
1 0.3796875 0.10781250000000005 0.36875 0.10781250000000005 0.36875 0.11875000000000005 0.3796875 0.11875000000000005
1 0.4046875 0.17343750000000005 0.396875 0.17343750000000005 0.396875 0.18750000000000006 0.4046875 0.18750000000000006
1 0.365625 0.04843750000000004 0.359375 0.04843750000000004 0.359375 0.059375000000000046 0.365625 0.059375000000000046
1 0.3703125 0.04531250000000005 0.3625 0.04531250000000005 0.3625 0.059375000000000046 0.3703125 0.059375000000000046
1 0.3765625 0.035937500000000046 0.3703125 0.035937500000000046 0.3703125 0.04843750000000004 0.3765625 0.04843750000000004
1 0.3796875 0.03281250000000004 0.375 0.03281250000000004 0.375 0.04843750000000004 0.3796875 0.04843750000000004
1 0.428125 0.16250000000000003 0.421875 0.16250000000000003 0.421875 0.16875000000000004 0.428125 0.16875000000000004
1 0.428125 0.15000000000000005 0.41875 0.15000000000000005 0.41875 0.15937500000000004 0.428125 0.15937500000000004
2 0.4125 0.2093750000000001 0.40625 0.2093750000000001 0.40625 0.22031250000000008 0.4125 0.22031250000000008
1 0.4234375 0.2093750000000001 0.415625 0.2093750000000001 0.415625 0.22031250000000008 0.4234375 0.22031250000000008
1 0.43125 0.2078125000000001 0.4234375 0.2078125000000001 0.4234375 0.22031250000000008 0.43125 0.22031250000000008
1 0.4359375 0.2062500000000001 0.4296875 0.2062500000000001 0.4296875 0.21875000000000008 0.4359375 0.21875000000000008
1 0.44375 0.2078125000000001 0.4375 0.2078125000000001 0.4375 0.22031250000000008 0.44375 0.22031250000000008
1 0.46875 0.17343750000000005 0.4609375 0.17343750000000005 0.4609375 0.18593750000000003 0.46875 0.18593750000000003
1 0.49375 0.14218750000000005 0.4890625 0.14218750000000005 0.4890625 0.15781250000000005 0.49375 0.15781250000000005
1 0.434375 0.06562500000000004 0.428125 0.06562500000000004 0.428125 0.07656250000000005 0.434375 0.07656250000000005
2 0.440625 0.07656250000000005 0.43125 0.07656250000000005 0.43125 0.08906250000000004 0.440625 0.08906250000000004
1 0.440625 0.06562500000000004 0.4359375 0.06562500000000004 0.4359375 0.07500000000000004 0.440625 0.07500000000000004
1 0.53125 0.07187500000000006 0.521875 0.07187500000000006 0.521875 0.07812500000000007 0.53125 0.07812500000000007
1 0.53125 0.06093750000000007 0.521875 0.06093750000000007 0.521875 0.06875000000000006 0.53125 0.06875000000000006
1 0.5375 0.10625000000000004 0.5265625 0.10625000000000004 0.5265625 0.12031250000000004 0.5375 0.12031250000000004
1 0.4390625 0.10937500000000004 0.428125 0.10937500000000004 0.428125 0.12187500000000004 0.4390625 0.12187500000000004
2 0.5390625 0.057812500000000065 0.5296875 0.057812500000000065 0.5296875 0.07343750000000007 0.5390625 0.07343750000000007
0 0.44375 0.09375000000000004 0.4375 0.09375000000000004 0.4375 0.13593750000000004 0.44375 0.13593750000000004
0 0.6015625 0.1546875000000001 0.55 0.1546875000000001 0.55 0.1984375000000001 0.6015625 0.1984375000000001
0 0.6265625 0.07343750000000007 0.6015625 0.07343750000000007 0.6015625 0.1546875000000001 0.6265625 0.1546875000000001
0 0.69375 0.17187500000000008 0.6203125 0.17187500000000008 0.6203125 0.1984375000000001 0.69375 0.1984375000000001
0 0.696875 0.1531250000000001 0.640625 0.1531250000000001 0.640625 0.1703125000000001 0.696875 0.1703125000000001
0 0.721875 0.0750000000000001 0.6984375 0.0750000000000001 0.6984375 0.1468750000000001 0.721875 0.1468750000000001
1 0.5515625 0.22812500000000008 0.5453125 0.22812500000000008 0.5453125 0.24375000000000008 0.5515625 0.24375000000000008
1 0.5515625 0.4 0.5421875 0.4 0.5421875 0.4140625 0.5515625 0.4140625
1 0.4046875 0.2062500000000001 0.396875 0.2062500000000001 0.396875 0.2218750000000001 0.4046875 0.2218750000000001
1 0.61875 0.10468750000000009 0.609375 0.10468750000000009 0.609375 0.11562500000000009 0.61875 0.11562500000000009
1 0.5859375 0.010937500000000072 0.5796875 0.010937500000000072 0.5796875 0.026562500000000065 0.5859375 0.026562500000000065
2 0.68125 8.275933447362974e-17 0.6703125 8.208960575534602e-17 0.6703125 0.010937500000000083 0.68125 0.010937500000000083
2 0.709375 8.620365359623165e-17 0.6984375 8.553392487794795e-17 0.6984375 0.010937500000000086 0.709375 0.010937500000000086
1 0.7125 0.1062500000000001 0.703125 0.1062500000000001 0.703125 0.12031250000000009 0.7125 0.12031250000000009
1 0.715625 0.09531250000000009 0.709375 0.09531250000000009 0.709375 0.10937500000000008 0.715625 0.10937500000000008
1 0.6859375 0.1750000000000001 0.6796875 0.1750000000000001 0.6796875 0.1843750000000001 0.6859375 0.1843750000000001
1 0.6875 0.1468750000000001 0.6796875 0.1468750000000001 0.6796875 0.1609375000000001 0.6875 0.1609375000000001
1 0.69375 0.1546875000000001 0.6859375 0.1546875000000001 0.6859375 0.16406250000000008 0.69375 0.16406250000000008
1 0.4453125 0.3656250000000001 0.440625 0.3656250000000001 0.440625 0.3781250000000001 0.4453125 0.3781250000000001
1 0.5125 0.3421875000000001 0.5046875 0.3421875000000001 0.5046875 0.35625000000000007 0.5125 0.35625000000000007
1 0.515625 0.34843750000000007 0.509375 0.34843750000000007 0.509375 0.3593750000000001 0.515625 0.3593750000000001
1 0.4140625 0.53125 0.409375 0.53125 0.409375 0.54375 0.4140625 0.54375
1 0.4203125 0.5359375 0.415625 0.5359375 0.415625 0.5484375 0.4203125 0.5484375
1 0.3828125000000001 0.5859375 0.3734375000000001 0.5859375 0.3734375000000001 0.6 0.3828125000000001 0.6
1 0.3906250000000001 0.5875 0.3828125000000001 0.5875 0.3828125000000001 0.6 0.3906250000000001 0.6
1 0.3984375000000001 0.5875 0.3906250000000001 0.5875 0.3906250000000001 0.6015625 0.3984375000000001 0.6015625
1 0.5796875 0.5640625 0.571875 0.5640625 0.571875 0.5796875 0.5796875 0.5796875
1 0.590625 0.446875 0.584375 0.446875 0.584375 0.4546875 0.590625 0.4546875
1 0.6859375 0.7078125 0.678125 0.7078125 0.678125 0.7234375 0.6859375 0.7234375
1 0.4281250000000002 0.7484375 0.4203125000000002 0.7484375 0.4203125000000002 0.7640625 0.4281250000000002 0.7640625
1 0.4359375000000002 0.7484375 0.42968750000000017 0.7484375 0.42968750000000017 0.7625 0.4359375000000002 0.7625
1 0.4437500000000002 0.7515625 0.4359375000000002 0.7515625 0.4359375000000002 0.7625 0.4437500000000002 0.7625
1 0.43281250000000016 0.76875 0.4265625000000002 0.76875 0.4265625000000002 0.78125 0.43281250000000016 0.78125
1 0.44062500000000016 0.76875 0.43281250000000016 0.76875 0.43281250000000016 0.78125 0.44062500000000016 0.78125
2 0.44843750000000016 0.7703125 0.4421875000000002 0.7703125 0.4421875000000002 0.7796875 0.44843750000000016 0.7796875
1 0.45625000000000016 0.7671875 0.4500000000000002 0.7671875 0.4500000000000002 0.78125 0.45625000000000016 0.78125
1 0.46406250000000016 0.76875 0.4578125000000002 0.76875 0.4578125000000002 0.7828125 0.46406250000000016 0.7828125
2 0.41718750000000016 0.7515625 0.4109375000000002 0.7515625 0.4109375000000002 0.7625 0.41718750000000016 0.7625
2 0.41718750000000016 0.7703125 0.4125000000000002 0.7703125 0.4125000000000002 0.7796875 0.41718750000000016 0.7796875
1 0.4093750000000001 0.7171875 0.4 0.7171875 0.4000000000000001 0.73125 0.40937500000000016 0.73125
1 0.4781250000000002 0.76875 0.46875000000000017 0.76875 0.46875000000000017 0.78125 0.4781250000000002 0.78125
1 0.4031250000000002 0.7484375 0.39531250000000007 0.7484375 0.39531250000000007 0.7640625 0.4031250000000002 0.7640625
1 0.40625000000000017 0.75625 0.40156250000000016 0.75625 0.40156250000000016 0.765625 0.40625000000000017 0.765625
1 0.4046875000000002 0.76875 0.3968750000000001 0.76875 0.3968750000000001 0.7828125 0.4046875000000002 0.7828125