0 0.6140625 0.55625 0.5265625 0.55625 0.5265625 0.6234375 0.6140625 0.6234375
0 0.671875 0.2765625000000001 0.6375 0.2765625000000001 0.6375 0.521875 0.671875 0.521875
0 0.6109375 0.2218750000000001 0.5265625 0.2218750000000001 0.5265625 0.2765625000000001 0.6109375 0.2765625000000001
0 0.7953125 0.17968750000000008 0.7 0.17968750000000008 0.7 0.2765625000000001 0.7953125 0.2765625000000001
0 0.7890625 0.22031250000000008 0.70625 0.22031250000000008 0.70625 0.2765625000000001 0.7890625 0.2765625000000001
0 0.478125 0.18750000000000006 0.43125 0.18750000000000006 0.43125 0.3593750000000001 0.478125 0.3593750000000001
0 0.4765625 0.19062500000000004 0.43125 0.19062500000000004 0.43125 0.2250000000000001 0.4765625 0.2250000000000001
0 0.471875 0.2312500000000001 0.43125 0.2312500000000001 0.43125 0.3593750000000001 0.471875 0.3593750000000001
0 0.43125 0.13125000000000003 0.3375 0.13125000000000003 0.3375 0.21875000000000006 0.43125 0.21875000000000008
0 0.4234375 0.17031250000000003 0.34375 0.17031250000000003 0.34375 0.21875000000000006 0.4234375 0.21875000000000008
0 0.33593750000000006 0.21875 0.265625 0.21875 0.26562500000000006 0.5421875 0.3359375000000001 0.5421875
0 0.3375 0.21875 0.3015625 0.21875 0.30156250000000007 0.4890625 0.3375000000000001 0.4890625
0 0.3375000000000001 0.540625 0.2687500000000001 0.540625 0.2687500000000001 0.7046875 0.3375000000000001 0.7046875
0 0.3375000000000001 0.4984375 0.3000000000000001 0.4984375 0.3000000000000001 0.6328125 0.3375000000000001 0.6328125
0 0.4203125 0.5125 0.3468750000000001 0.5125 0.3468750000000001 0.540625 0.4203125 0.540625
0 0.4 0.2531250000000001 0.3890625 0.2531250000000001 0.3890625 0.2750000000000001 0.4 0.2750000000000001
0 0.3765625 0.30781250000000004 0.346875 0.3078125 0.346875 0.3375 0.3765625 0.3375000000000001
1 0.4640625 0.2875000000000001 0.4515625 0.2875000000000001 0.4515625 0.3031250000000001 0.4640625 0.3031250000000001
1 0.465625 0.2718750000000001 0.4515625 0.2718750000000001 0.4515625 0.2875000000000001 0.465625 0.2875000000000001
2 0.459375 0.26250000000000007 0.4515625 0.26250000000000007 0.4515625 0.2718750000000001 0.459375 0.2718750000000001
1 0.64375 0.1453125000000001 0.6296875 0.1453125000000001 0.6296875 0.1609375000000001 0.64375 0.1609375000000001
2 0.6375 0.1359375000000001 0.6296875 0.1359375000000001 0.6296875 0.1453125000000001 0.6375 0.1453125000000001
1 0.3796875 0.15156250000000004 0.36875 0.15156250000000004 0.36875 0.17031250000000003 0.3796875 0.17031250000000003
1 0.3921875 0.11562500000000005 0.3828125 0.11562500000000005 0.3828125 0.13437500000000005 0.3921875 0.13437500000000005
1 0.384375 0.16093750000000004 0.3796875 0.16093750000000004 0.3796875 0.17656250000000004 0.384375 0.17656250000000004
1 0.4671875 0.30937500000000007 0.4546875 0.30937500000000007 0.4546875 0.32500000000000007 0.4671875 0.32500000000000007
1 0.465625 0.3296875000000001 0.453125 0.3296875000000001 0.453125 0.3453125000000001 0.465625 0.3453125000000001
1 0.484375 0.3421875000000001 0.471875 0.3421875000000001 0.471875 0.35625000000000007 0.484375 0.35625000000000007
1 0.58125 0.21250000000000008 0.575 0.21250000000000008 0.575 0.2250000000000001 0.58125 0.2250000000000001
1 0.5765625 0.2000000000000001 0.565625 0.2000000000000001 0.565625 0.22031250000000008 0.5765625 0.22031250000000008
1 0.64375 0.1609375000000001 0.63125 0.1609375000000001 0.63125 0.1765625000000001 0.64375 0.1765625000000001
1 0.64375 0.2140625000000001 0.634375 0.2140625000000001 0.634375 0.2296875000000001 0.64375 0.2296875000000001
1 0.6453125 0.1843750000000001 0.634375 0.1843750000000001 0.634375 0.2000000000000001 0.6453125 0.2000000000000001
1 0.646875 0.2078125000000001 0.6390625 0.2078125000000001 0.6390625 0.2140625000000001 0.646875 0.2140625000000001
1 0.7578125 0.1609375000000001 0.746875 0.1609375000000001 0.746875 0.1828125000000001 0.7578125 0.1828125000000001
1 0.75 0.21093750000000008 0.74375 0.21093750000000008 0.74375 0.22656250000000008 0.75 0.22656250000000008
1 0.74375 0.1984375000000001 0.7328125 0.1984375000000001 0.7328125 0.2218750000000001 0.74375 0.2218750000000001
1 0.6609375 0.3453125000000001 0.646875 0.3453125000000001 0.646875 0.3609375000000001 0.6609375 0.3609375000000001
1 0.6609375 0.3687500000000001 0.646875 0.3687500000000001 0.646875 0.3828125000000001 0.6609375 0.3828125000000001
1 0.659375 0.409375 0.6453125 0.409375 0.6453125 0.41875 0.659375 0.41875
1 0.6640625 0.4015625 0.653125 0.4015625 0.653125 0.4125 0.6640625 0.4125
1 0.6609375 0.44375 0.6453125 0.44375 0.6453125 0.453125 0.6609375 0.453125
1 0.6625 0.4359375 0.6546875 0.4359375 0.6546875 0.446875 0.6625 0.446875
1 0.6609375 0.32500000000000007 0.6453125 0.32500000000000007 0.6453125 0.3453125000000001 0.6609375 0.3453125000000001
2 0.6625 0.3625000000000001 0.65625 0.3625000000000001 0.65625 0.3703125000000001 0.6625 0.3703125000000001
2 0.659375 0.3843750000000001 0.6484375 0.3843750000000001 0.6484375 0.4015625 0.659375 0.4015625
2 0.6578125 0.41875 0.65 0.41875 0.65 0.4359375 0.6578125 0.4359375
1 0.3 0.35 0.284375 0.35 0.284375 0.3609375 0.3 0.3609375
1 0.3015625 0.3421875 0.29375 0.3421875 0.29375 0.3515625 0.3015625 0.3515625
1 0.2734375000000001 0.378125 0.2609375000000001 0.378125 0.2609375000000001 0.3859375 0.2734375000000001 0.3859375
1 0.3062500000000001 0.553125 0.2906250000000001 0.553125 0.2906250000000001 0.56875 0.3062500000000001 0.56875
1 0.2750000000000001 0.59375 0.2656250000000001 0.59375 0.2656250000000001 0.6015625 0.2750000000000001 0.6015625
1 0.3843750000000001 0.4953125 0.3734375000000001 0.4953125 0.3734375000000001 0.515625 0.3843750000000001 0.515625
1 0.3921875000000001 0.5078125 0.3843750000000001 0.5078125 0.3843750000000001 0.51875 0.3921875000000001 0.51875
1 0.3578125 0.3046875 0.346875 0.3046875 0.346875 0.325 0.3578125 0.325