0 0.5953125 0.39062500000000006 0.3234375000000001 0.390625 0.3234375000000001 0.50625 0.5953125 0.50625
0 0.3312500000000001 0.39375 0.2562500000000001 0.39375 0.2562500000000001 0.50625 0.3312500000000001 0.50625
0 0.7546875 0.3937500000000001 0.6484375 0.3937500000000001 0.6484375 0.5093750000000001 0.7546875 0.5093750000000001
0 0.825 0.18906250000000008 0.775 0.18906250000000008 0.775 0.4031250000000002 0.825 0.4031250000000002
0 0.6390625 0.55 0.5609375 0.55 0.5609375 0.6078125 0.6390625 0.6078125
1 0.3046875000000001 0.4609375 0.2843750000000001 0.4609375 0.2843750000000001 0.4984375 0.3046875000000001 0.4984375
1 0.465625 0.4625 0.4546875 0.4625 0.4546875 0.49375 0.465625 0.49375
1 0.6375 0.525 0.61875 0.525 0.61875 0.55625 0.6375 0.55625
1 0.7109375 0.4703125 0.6953125 0.4703125 0.6953125 0.49375 0.7109375 0.49375
1 0.8140625 0.2812500000000001 0.7921875 0.2812500000000001 0.7921875 0.30156250000000007 0.8140625 0.30156250000000007
1 0.81875 0.2656250000000001 0.8046875 0.2656250000000001 0.8046875 0.2812500000000001 0.81875 0.2812500000000001