2 0.04062500000000001 0.1109375 0.029687500000000012 0.1109375 0.029687500000000012 0.1265625 0.04062500000000001 0.1265625
2 0.04062500000000004 0.390625 0.03125000000000004 0.390625 0.03125000000000004 0.403125 0.04062500000000004 0.403125
1 0.08906250000000002 0.178125 0.07187500000000002 0.178125 0.07187500000000002 0.1953125 0.08906250000000002 0.1953125
1 0.04062500000000001 0.0765625 0.029687500000000012 0.0765625 0.029687500000000012 0.1078125 0.04062500000000001 0.1078125
0 0.09843750000000004 0.275 0.06406250000000005 0.275 0.06406250000000005 0.3171875 0.09843750000000004 0.3171875
1 0.08750000000000004 0.2609375 0.07031250000000003 0.2609375 0.07031250000000003 0.2765625 0.08750000000000005 0.2765625
1 0.15156250000000004 0.3765625 0.14218750000000005 0.3765625 0.14218750000000005 0.4015625 0.15156250000000004 0.4015625
1 0.2984375000000001 0.3671875 0.2843750000000001 0.3671875 0.2843750000000001 0.3984375 0.2984375000000001 0.3984375
1 0.13593750000000004 0.365625 0.12031250000000004 0.365625 0.12031250000000004 0.384375 0.13593750000000004 0.384375
1 0.09843750000000007 0.459375 0.07812500000000007 0.459375 0.07812500000000007 0.475 0.09843750000000007 0.475
1 0.3515625000000001 0.5890625 0.3421875000000001 0.5890625 0.3421875000000001 0.609375 0.3515625000000001 0.609375
0 0.3281250000000001 0.6859375 0.20312500000000008 0.6859375 0.20312500000000008 0.6953125 0.3281250000000001 0.6953125
1 0.2750000000000001 0.6765625 0.2562500000000001 0.6765625 0.2562500000000001 0.6921875 0.2750000000000001 0.6921875
0 0.3296875000000001 0.715625 0.13437500000000008 0.715625 0.13437500000000008 0.728125 0.3296875000000001 0.728125
1 0.2406250000000001 0.7046875 0.2218750000000001 0.7046875 0.2218750000000001 0.7203125 0.2406250000000001 0.7203125
0 0.13281250000000008 0.7171875 0.07656250000000009 0.7171875 0.07656250000000009 0.7265625 0.13281250000000008 0.7265625
1 0.1140625000000001 0.70625 0.09687500000000009 0.70625 0.09687500000000009 0.7203125 0.1140625000000001 0.7203125
0 0.18125000000000008 0.8296875 0.13281250000000008 0.8296875 0.13281250000000008 0.8421875 0.18125000000000008 0.8421875
1 0.1703125000000001 0.8140625 0.1468750000000001 0.8140625 0.1468750000000001 0.8328125 0.1703125000000001 0.8328125
0 0.41718750000000016 0.828125 0.3593750000000001 0.828125 0.3593750000000001 0.840625 0.41718750000000016 0.840625
1 0.3984375000000001 0.8171875 0.3843750000000001 0.8171875 0.3843750000000001 0.834375 0.3984375000000001 0.834375
1 0.08906250000000011 0.91875 0.07656250000000012 0.91875 0.07656250000000012 0.940625 0.08906250000000011 0.940625
1 0.503125 0.07656250000000006 0.490625 0.07656250000000006 0.490625 0.10937500000000004 0.503125 0.10937500000000004
0 0.4796875 0.18906250000000005 0.4046875 0.18906250000000005 0.4046875 0.19843750000000004 0.4796875 0.19843750000000004
1 0.4515625 0.17343750000000005 0.4328125 0.17343750000000005 0.4328125 0.18906250000000005 0.4515625 0.18906250000000005
1 0.33125 0.06875000000000005 0.3203125 0.06875000000000005 0.3203125 0.09218750000000005 0.33125 0.09218750000000005
0 0.30625 0.15937500000000004 0.2234375 0.15937500000000004 0.2234375 0.16562500000000005 0.30625 0.16562500000000005
1 0.2734375 0.14531250000000004 0.2546875 0.14531250000000004 0.2546875 0.16250000000000003 0.2734375 0.16250000000000003
0 0.30625 0.1921875 0.09843750000000002 0.1921875 0.09843750000000002 0.19843750000000002 0.30625 0.19843750000000004
1 0.209375 0.17812500000000003 0.1953125 0.17812500000000003 0.19531250000000003 0.19843750000000004 0.209375 0.19843750000000004
1 0.29375000000000007 0.9109375 0.2812500000000001 0.9109375 0.2812500000000001 0.940625 0.29375000000000007 0.940625
0 0.2968750000000001 0.86875 0.2875000000000001 0.86875 0.2875000000000001 0.9890625 0.2968750000000001 0.9890625
1 0.3187500000000001 0.896875 0.3062500000000001 0.896875 0.3062500000000001 0.9375 0.3187500000000001 0.9375
2 0.3906250000000001 0.3921875000000001 0.3828125000000001 0.3921875000000001 0.3828125000000001 0.40625 0.3906250000000001 0.40625
1 0.3906250000000001 0.3750000000000001 0.3812500000000001 0.3750000000000001 0.3812500000000001 0.3921875000000001 0.3906250000000001 0.3921875000000001
2 0.453125 0.3906250000000001 0.4421875 0.3906250000000001 0.4421875 0.40625 0.453125 0.40625
1 0.453125 0.37187500000000007 0.4421875 0.37187500000000007 0.4421875 0.3921875000000001 0.453125 0.3921875000000001
0 0.3234375000000001 0.8671875 0.3140625000000001 0.8671875 0.3140625000000001 0.965625 0.3234375000000001 0.965625
0 0.09218750000000012 0.8703125 0.08593750000000011 0.8703125 0.08593750000000011 0.9890625 0.09218750000000012 0.9890625
0 0.35625000000000007 0.5671875 0.3500000000000001 0.5671875 0.3500000000000001 0.6484375 0.35625000000000007 0.6484375
0 0.2718750000000001 0.4703125 0.2000000000000001 0.4703125 0.2000000000000001 0.4796875 0.2718750000000001 0.4796875
0 0.30468750000000006 0.3171875 0.2984375 0.3171875 0.2984375 0.4453125 0.3046875000000001 0.4453125
0 0.44375 0.4796875 0.40625 0.4796875 0.40625 0.4875 0.44375 0.4875
0 0.4578125 0.3140625000000001 0.4515625 0.3140625000000001 0.4515625 0.4515625 0.4578125 0.4515625
0 0.04843750000000005 0.33125 0.03906250000000004 0.33125 0.03906250000000005 0.4375 0.04843750000000006 0.4375
0 0.14375000000000004 0.415625 0.10937500000000004 0.415625 0.10937500000000004 0.471875 0.14375000000000004 0.471875
0 0.328125 0.023437500000000035 0.253125 0.023437500000000035 0.253125 0.05312500000000003 0.328125 0.05312500000000005
0 0.509375 0.03125000000000007 0.503125 0.03125000000000007 0.503125 0.15625000000000006 0.509375 0.15625000000000006
0 0.334375 0.057812500000000044 0.3296875 0.057812500000000044 0.3296875 0.12968750000000004 0.334375 0.12968750000000004
0 0.6046875 0.1218750000000001 0.59375 0.1218750000000001 0.59375 0.40625 0.6046875 0.40625
0 0.7328125 0.07812500000000008 0.675 0.07812500000000008 0.675 0.08593750000000008 0.7328125 0.08593750000000008
0 0.9609375 0.13437500000000013 0.9125 0.13437500000000013 0.9125 0.14375000000000013 0.9609375 0.14375000000000013
0 0.8421875 0.17343750000000008 0.834375 0.17343750000000008 0.834375 0.4750000000000002 0.8421875 0.4750000000000002