0 0.56875 0.5703125 0.3593750000000001 0.5703125 0.3593750000000001 0.5875 0.56875 0.5875
0 0.7625 0.5609375000000001 0.675 0.5609375 0.675 0.5750000000000001 0.7625 0.5750000000000002
0 0.809375 0.3750000000000001 0.7984375 0.3750000000000001 0.7984375 0.5234375000000002 0.809375 0.5234375000000002
0 0.5671875 0.5296875 0.440625 0.5296875 0.440625 0.5421875 0.5671875 0.5421875
0 0.625 0.409375 0.6140625 0.409375 0.6140625 0.4828125 0.625 0.4828125
0 0.3296875000000001 0.5734375 0.2734375000000001 0.5734375 0.2734375000000001 0.59375 0.3296875000000001 0.59375
0 0.3000000000000001 0.3859375 0.28593750000000007 0.3859375 0.28593750000000007 0.5109375 0.3000000000000001 0.5109375
0 0.375 0.30312500000000003 0.3 0.303125 0.3 0.3453125 0.375 0.3453125000000001
2 0.415625 0.35625000000000007 0.365625 0.35625000000000007 0.36562500000000003 0.40625 0.415625 0.40625
0 0.6484375 0.3609375000000001 0.5375 0.3609375000000001 0.5375 0.3781250000000001 0.6484375 0.3781250000000001
1 0.6328125 0.3265625000000001 0.58125 0.3265625000000001 0.58125 0.3609375000000001 0.6328125 0.3609375000000001