0 0.765625 0.4140625000000001 0.6609375 0.4140625 0.6609375 0.4406250000000001 0.765625 0.44062500000000016
0 0.6 0.1781250000000001 0.5796875 0.1781250000000001 0.5796875 0.3656250000000001 0.6 0.3656250000000001
2 0.3953125 0.18125000000000005 0.3296875 0.18125000000000005 0.3296875 0.23281250000000003 0.3953125 0.2328125000000001
0 0.5484375 0.46875 0.32500000000000007 0.46875 0.32500000000000007 0.490625 0.5484375 0.490625
0 0.31718750000000007 0.4703125 0.2718750000000001 0.4703125 0.2718750000000001 0.4875 0.31718750000000007 0.4875
0 0.4140625 0.6234375 0.2656250000000001 0.6234375 0.2656250000000001 0.6484375 0.4140625 0.6484375
0 0.4234375000000002 0.9328125 0.2796875000000001 0.9328125 0.2796875000000001 0.9578125 0.4234375000000002 0.9578125
0 0.5906250000000002 0.7578125 0.5718750000000001 0.7578125 0.5718750000000001 0.8953125 0.5906250000000002 0.8953125
0 0.5562500000000001 0.7671875 0.5375000000000002 0.7671875 0.5375000000000002 0.8953125 0.5562500000000001 0.8953125
0 0.3812500000000001 0.6796875 0.2984375000000001 0.6796875 0.2984375000000001 0.6953125 0.3812500000000001 0.6953125
0 0.5453125 0.4140625 0.4265625 0.4140625 0.4265625 0.4328125 0.5453125 0.4328125
0 0.41875 0.4109375 0.3234375000000001 0.4109375 0.3234375000000001 0.4328125 0.41875 0.4328125
0 0.4015625 0.3609375 0.325 0.3609375 0.32500000000000007 0.3765625 0.4015625 0.3765625000000001
0 0.8265625 0.1937500000000001 0.8078125 0.1937500000000001 0.8078125 0.3593750000000001 0.8265625 0.3593750000000001
0 0.3859375 0.2390625000000001 0.3703125 0.2390625000000001 0.3703125 0.30937500000000007 0.3859375 0.30937500000000007
2 0.3328125 0.08437500000000003 0.2390625 0.08437500000000002 0.2390625 0.18750000000000006 0.3328125 0.18750000000000006
1 0.3078125 0.059375000000000046 0.2796875 0.059375000000000046 0.2796875 0.08593750000000004 0.3078125 0.08593750000000004
1 0.3203125 0.020312500000000035 0.2921875 0.020312500000000032 0.2921875 0.051562500000000046 0.3203125 0.051562500000000046
1 0.4187500000000002 0.9015625 0.3843750000000001 0.9015625 0.3843750000000001 0.9390625 0.4187500000000002 0.9390625