1 0.4375 0.09062500000000004 0.4140625 0.09062500000000004 0.4140625 0.12031250000000004 0.4375 0.12031250000000004
1 0.3890625 0.09531250000000005 0.3671875 0.09531250000000005 0.3671875 0.11875000000000005 0.3890625 0.11875000000000005
2 0.4453125 0.09375000000000004 0.434375 0.09375000000000004 0.434375 0.10781250000000005 0.4453125 0.10781250000000005
2 0.396875 0.09531250000000005 0.3890625 0.09531250000000005 0.3890625 0.10625000000000004 0.396875 0.10625000000000004
0 0.4484375 0.11875000000000005 0.3453125 0.11875000000000005 0.3453125 0.20156250000000003 0.4484375 0.2015625000000001
0 0.4671875 0.2078125000000001 0.4265625 0.2078125000000001 0.4265625 0.2515625000000001 0.4671875 0.2515625000000001
0 0.484375 0.2578125000000001 0.4671875 0.2578125000000001 0.4671875 0.3703125000000001 0.484375 0.3703125000000001
0 0.5609375 0.434375 0.4265625 0.434375 0.4265625 0.453125 0.5609375 0.453125
0 0.571875 0.4828125 0.4265625 0.4828125 0.4265625 0.4984375 0.571875 0.4984375
0 0.69375 0.484375 0.575 0.484375 0.575 0.496875 0.69375 0.496875
0 0.6921875 0.528125 0.4265625 0.528125 0.4265625 0.5421875 0.6921875 0.5421875
0 0.425 0.528125 0.35625000000000007 0.528125 0.35625000000000007 0.55 0.425 0.55
0 0.734375 0.25468750000000007 0.7265625 0.25468750000000007 0.7265625 0.37187500000000007 0.734375 0.37187500000000007
0 0.3593750000000001 0.59375 0.3500000000000001 0.59375 0.3500000000000001 0.83125 0.3593750000000001 0.83125
0 0.5265625000000002 0.88125 0.3828125000000001 0.88125 0.3828125000000001 0.8921875 0.5265625000000002 0.8921875
1 0.6125 0.575 0.5671875 0.575 0.5671875 0.6109375 0.6125 0.6109375
2 0.6328125 0.609375 0.5890625 0.609375 0.5890625 0.6390625 0.6328125 0.6390625