0 0.7171875 0.6171875 0.2296875000000001 0.6171875 0.2296875000000001 0.65625 0.7171875 0.65625
0 0.3921875000000001 0.5046875 0.2312500000000001 0.5046875 0.2312500000000001 0.55 0.3921875000000001 0.55
0 0.2796875000000001 0.384375 0.2218750000000001 0.384375 0.2218750000000001 0.4125 0.2796875000000001 0.4125
0 0.2062500000000001 0.4109375 0.18593750000000003 0.4109375 0.18593750000000003 0.50625 0.2062500000000001 0.50625
0 0.23437500000000008 0.4328125 0.2062500000000001 0.4328125 0.2062500000000001 0.5 0.23437500000000008 0.5
0 0.17500000000000004 0.4515625 0.13437500000000005 0.4515625 0.13437500000000005 0.4640625 0.17500000000000004 0.4640625
2 0.4984375 0.4609375 0.4859375 0.4609375 0.4859375 0.4734375 0.4984375 0.4734375
1 0.4984375 0.45 0.484375 0.45 0.484375 0.459375 0.4984375 0.459375
1 0.5 0.440625 0.484375 0.440625 0.484375 0.4515625 0.5 0.4515625
1 0.5734375 0.4609375 0.5609375 0.4609375 0.5609375 0.4703125 0.5734375 0.4703125
1 0.5734375 0.453125 0.5609375 0.453125 0.5609375 0.4640625 0.5734375 0.4640625
2 0.56875 0.4453125 0.5609375 0.4453125 0.5609375 0.453125 0.56875 0.453125
1 0.6421875 0.3593750000000001 0.634375 0.3593750000000001 0.634375 0.3765625000000001 0.6421875 0.3765625000000001
1 0.65625 0.35625000000000007 0.6484375 0.35625000000000007 0.6484375 0.3765625000000001 0.65625 0.3765625000000001
1 0.2656250000000001 0.3671875 0.2578125000000001 0.3671875 0.2578125000000001 0.38125 0.2656250000000001 0.38125
1 0.2750000000000001 0.3671875 0.2656250000000001 0.3671875 0.2656250000000001 0.384375 0.2750000000000001 0.384375
1 0.18906250000000005 0.4515625 0.17656250000000004 0.4515625 0.17656250000000004 0.459375 0.18906250000000005 0.459375
1 0.18906250000000005 0.4421875 0.17812500000000003 0.4421875 0.17812500000000003 0.4515625 0.18906250000000005 0.4515625
1 0.2234375000000001 0.478125 0.21093750000000008 0.478125 0.21093750000000008 0.490625 0.2234375000000001 0.490625
1 0.3125000000000001 0.525 0.3031250000000001 0.525 0.3031250000000001 0.54375 0.3125000000000001 0.54375
1 0.3187500000000001 0.5265625 0.3109375000000001 0.5265625 0.3109375000000001 0.54375 0.3187500000000001 0.54375
0 0.675 0.509375 0.646875 0.509375 0.646875 0.615625 0.675 0.615625
1 0.665625 0.5890625 0.65625 0.5890625 0.65625 0.6078125 0.665625 0.6078125
0 0.7171875 0.5546875 0.6703125 0.5546875 0.6703125 0.6140625 0.7171875 0.6140625
1 0.6921875 0.5890625 0.684375 0.5890625 0.684375 0.6078125 0.6921875 0.6078125
1 0.6984375 0.5875 0.690625 0.5875 0.690625 0.60625 0.6984375 0.60625
0 0.6796875 0.3296875000000001 0.621875 0.3296875000000001 0.621875 0.3625000000000001 0.6796875 0.3625000000000001
0 0.76875 0.3312500000000001 0.7109375 0.3312500000000001 0.7109375 0.3625000000000001 0.76875 0.3625000000000001
1 0.6375 0.3125000000000001 0.6296875 0.3125000000000001 0.6296875 0.3312500000000001 0.6375 0.3312500000000001
0 0.93125 0.35625000000000007 0.90625 0.35625000000000007 0.90625 0.5640625000000001 0.93125 0.5640625000000001
1 0.925 0.4593750000000002 0.9109375 0.4593750000000002 0.9109375 0.46875000000000017 0.925 0.46875000000000017
1 0.9234375 0.44843750000000016 0.9109375 0.44843750000000016 0.9109375 0.4578125000000002 0.9234375 0.4578125000000002
1 0.4703125 0.6296875 0.4640625 0.6296875 0.4640625 0.646875 0.4703125 0.646875
1 0.4765625 0.6296875 0.4703125 0.6296875 0.4703125 0.646875 0.4765625 0.646875
1 0.484375 0.6296875 0.475 0.6296875 0.475 0.646875 0.484375 0.646875
0 0.8796875 0.5578125000000002 0.8078125 0.5578125000000002 0.8078125 0.6625000000000002 0.8796875 0.6625000000000002
1 0.8421875 0.6375000000000002 0.8359375 0.6375000000000002 0.8359375 0.6531250000000002 0.8421875 0.6531250000000002
1 0.8484375 0.6359375000000002 0.8421875 0.6359375000000002 0.8421875 0.6531250000000002 0.8484375 0.6531250000000002
0 0.9046875 0.4046875000000002 0.878125 0.4046875000000002 0.878125 0.5093750000000001 0.9046875 0.5093750000000001
1 0.8984375 0.45625000000000016 0.8859375 0.45625000000000016 0.8859375 0.4671875000000002 0.8984375 0.4671875000000002
1 0.8984375 0.44843750000000016 0.8859375 0.44843750000000016 0.8859375 0.4593750000000002 0.8984375 0.4593750000000002