0 0.3078125 0.203125 0.278125 0.203125 0.278125 0.23125 0.3078125 0.23125
0 0.2859375 0.240625 0.275 0.240625 0.275 0.3078125 0.2859375 0.3078125
0 0.44375 0.2296875000000001 0.4 0.2296875000000001 0.4 0.2484375000000001 0.44375 0.2484375000000001
0 0.4484375 0.2468750000000001 0.4328125 0.2468750000000001 0.4328125 0.2968750000000001 0.4484375 0.2968750000000001
0 0.434375 0.29687500000000006 0.359375 0.296875 0.359375 0.31718750000000007 0.434375 0.31718750000000007
0 0.4359375 0.31250000000000006 0.30625 0.3125 0.30625 0.33593750000000006 0.4359375 0.3359375000000001
0 0.3109375 0.3125 0.2859375 0.3125 0.2859375 0.3359375 0.3109375 0.3359375
0 0.48125 0.2328125000000001 0.4703125 0.2328125000000001 0.4703125 0.3125000000000001 0.48125 0.3125000000000001
0 0.5328125 0.3125000000000001 0.4828125 0.3125000000000001 0.4828125 0.33281250000000007 0.5328125 0.33281250000000007
0 0.2843750000000001 0.384375 0.2609375000000001 0.384375 0.2609375000000001 0.4546875 0.2843750000000001 0.4546875
0 0.28593750000000007 0.3921875 0.2718750000000001 0.3921875 0.2718750000000001 0.446875 0.28593750000000007 0.446875
0 0.30312500000000003 0.353125 0.2734375 0.353125 0.27343750000000006 0.3796875 0.3031250000000001 0.3796875
0 0.3140625000000001 0.4625 0.28593750000000007 0.4625 0.28593750000000007 0.48125 0.3140625000000001 0.48125
0 0.3515625000000001 0.3796875 0.34062500000000007 0.3796875 0.34062500000000007 0.4625 0.3515625000000001 0.4625
0 0.4046875 0.4609375 0.3515625000000001 0.4609375 0.3515625000000001 0.4828125 0.4046875 0.4828125
0 0.4953125 0.3625000000000001 0.475 0.3625000000000001 0.475 0.4515625 0.4953125 0.4515625
0 0.4828125 0.4515625 0.4515625 0.4515625 0.4515625 0.4703125 0.4828125 0.4703125
0 0.465625 0.3781250000000001 0.453125 0.3781250000000001 0.453125 0.43125 0.465625 0.43125
0 0.5953125 0.2484375000000001 0.5828125 0.2484375000000001 0.5828125 0.4328125 0.5953125 0.4328125
0 0.6640625 0.2250000000000001 0.6296875 0.2250000000000001 0.6296875 0.26250000000000007 0.6640625 0.26250000000000007
0 0.6296875 0.2453125000000001 0.584375 0.2453125000000001 0.584375 0.2562500000000001 0.6296875 0.2562500000000001
0 0.534375 0.4953125 0.496875 0.4953125 0.496875 0.5140625 0.534375 0.5140625
0 0.5703125 0.5125 0.55625 0.5125 0.55625 0.6875 0.5703125 0.6875
0 0.428125 0.528125 0.2640625000000001 0.528125 0.2640625000000001 0.565625 0.428125 0.565625
0 0.43125 0.528125 0.30937500000000007 0.528125 0.30937500000000007 0.565625 0.43125 0.565625
0 0.4296875 0.546875 0.34843750000000007 0.546875 0.34843750000000007 0.565625 0.4296875 0.565625
0 0.2828125000000001 0.5484375 0.24375000000000008 0.5484375 0.24375000000000008 0.5640625 0.2828125000000001 0.5640625
0 0.4609375 0.5515625 0.4375 0.5515625 0.4375 0.565625 0.4609375 0.565625
0 0.2687500000000001 0.64375 0.26250000000000007 0.64375 0.26250000000000007 0.71875 0.2687500000000001 0.71875
0 0.403125 0.6765625 0.3656250000000001 0.6765625 0.3656250000000001 0.6953125 0.403125 0.6953125
0 0.4406250000000001 0.69375 0.421875 0.69375 0.4218750000000001 0.775 0.44062500000000016 0.775
0 0.3156250000000001 0.6734375 0.2843750000000001 0.6734375 0.2843750000000001 0.69375 0.3156250000000001 0.69375
0 0.34843750000000007 0.6921875 0.33281250000000007 0.6921875 0.33281250000000007 0.79375 0.34843750000000007 0.79375
0 0.325 0.24375 0.3 0.24375 0.3 0.259375 0.325 0.259375
2 0.4296875 0.22031250000000008 0.4171875 0.22031250000000008 0.4171875 0.2296875000000001 0.4296875 0.2296875000000001
2 0.3125 0.19843750000000004 0.2984375 0.19843750000000004 0.2984375 0.2109375 0.3125 0.2109375
1 0.275 0.25625 0.26875 0.25625 0.26875 0.2765625 0.275 0.2765625
1 0.3109375 0.3390625 0.3046875 0.3390625 0.3046875 0.35 0.3109375 0.35
1 0.365625 0.33906250000000004 0.3609375 0.3390625 0.3609375 0.35000000000000003 0.365625 0.3500000000000001
1 0.371875 0.3390625000000001 0.365625 0.3390625000000001 0.365625 0.3500000000000001 0.371875 0.3500000000000001
1 0.3734375 0.34062500000000007 0.3703125 0.34062500000000007 0.3703125 0.3500000000000001 0.3734375 0.3500000000000001
1 0.3796875 0.3390625000000001 0.3734375 0.3390625000000001 0.3734375 0.3500000000000001 0.3796875 0.3500000000000001
1 0.3875 0.34062500000000007 0.3828125 0.34062500000000007 0.3828125 0.3515625000000001 0.3875 0.3515625000000001
1 0.3921875 0.3390625000000001 0.3859375 0.3390625000000001 0.3859375 0.3515625000000001 0.3921875 0.3515625000000001
1 0.3265625 0.3390625 0.321875 0.3390625 0.321875 0.35 0.3265625 0.35
1 0.33125 0.3390625 0.325 0.3390625 0.325 0.35 0.33125 0.35
1 0.3375 0.3390625 0.3328125 0.3390625 0.3328125 0.35 0.3375 0.35
1 0.3234375000000001 0.4984375 0.3187500000000001 0.4984375 0.3187500000000001 0.5140625 0.3234375000000001 0.5140625
1 0.3312500000000001 0.4984375 0.3265625000000001 0.4984375 0.3265625000000001 0.5109375 0.3312500000000001 0.5109375
1 0.3375000000000001 0.4984375 0.3312500000000001 0.4984375 0.3312500000000001 0.509375 0.3375000000000001 0.509375
1 0.3421875000000001 0.496875 0.3375000000000001 0.496875 0.3375000000000001 0.509375 0.3421875000000001 0.509375
1 0.34843750000000007 0.4984375 0.3437500000000001 0.4984375 0.3437500000000001 0.5109375 0.34843750000000007 0.5109375
1 0.3031250000000001 0.4984375 0.2984375000000001 0.4984375 0.2984375000000001 0.5109375 0.3031250000000001 0.5109375
1 0.3078125000000001 0.4984375 0.3031250000000001 0.4984375 0.3031250000000001 0.5109375 0.3078125000000001 0.5109375
1 0.2875000000000001 0.51875 0.2812500000000001 0.51875 0.2812500000000001 0.5296875 0.2875000000000001 0.5296875
1 0.3765625000000001 0.5 0.37187500000000007 0.5 0.37187500000000007 0.5109375 0.3765625000000001 0.5109375
1 0.3812500000000001 0.4984375 0.3765625000000001 0.4984375 0.3765625000000001 0.509375 0.3812500000000001 0.509375
1 0.3890625000000001 0.4984375 0.3843750000000001 0.4984375 0.3843750000000001 0.5109375 0.3890625000000001 0.5109375
1 0.3906250000000001 0.4984375 0.38750000000000007 0.4984375 0.38750000000000007 0.509375 0.3906250000000001 0.509375
1 0.3968750000000001 0.5 0.3921875000000001 0.5 0.3921875000000001 0.5109375 0.3968750000000001 0.5109375
1 0.4046875 0.4984375 0.4 0.4984375 0.4 0.509375 0.4046875 0.509375
1 0.4109375 0.4984375 0.4046875 0.4984375 0.4046875 0.5109375 0.4109375 0.5109375
1 0.3703125 0.3140625000000001 0.3640625 0.3140625000000001 0.3640625 0.32500000000000007 0.3703125 0.32500000000000007
1 0.3734375 0.3140625000000001 0.36875 0.3140625000000001 0.36875 0.3234375000000001 0.3734375 0.3234375000000001
1 0.2984375 0.3140625 0.2953125 0.3140625 0.2953125 0.3234375 0.2984375 0.3234375
1 0.3015625 0.3140625 0.2984375 0.3140625 0.2984375 0.3234375 0.3015625 0.3234375
1 0.2953125 0.19687500000000005 0.2890625 0.19687500000000005 0.2890625 0.2078125 0.2953125 0.2078125
0 0.33281250000000007 0.4171875 0.3125000000000001 0.4171875 0.3125000000000001 0.45625 0.33281250000000007 0.45625
1 0.3234375000000001 0.421875 0.31718750000000007 0.421875 0.31718750000000007 0.4296875 0.3234375000000001 0.4296875
1 0.2515625000000001 0.5390625 0.2453125000000001 0.5390625 0.2453125000000001 0.5484375 0.2515625000000001 0.5484375
1 0.2578125000000001 0.5390625 0.2531250000000001 0.5390625 0.2531250000000001 0.5484375 0.2578125000000001 0.5484375
1 0.2609375000000001 0.540625 0.2578125000000001 0.540625 0.2578125000000001 0.546875 0.2609375000000001 0.546875
1 0.3953125 0.2984375000000001 0.3921875 0.2984375000000001 0.3921875 0.3078125000000001 0.3953125 0.3078125000000001
1 0.4 0.2968750000000001 0.3953125 0.2968750000000001 0.3953125 0.3078125000000001 0.4 0.3078125000000001
1 0.4421875 0.2765625000000001 0.434375 0.2765625000000001 0.434375 0.28593750000000007 0.4421875 0.28593750000000007
1 0.440625 0.2671875000000001 0.434375 0.2671875000000001 0.434375 0.2750000000000001 0.440625 0.2750000000000001
1 0.50625 0.3140625000000001 0.5015625 0.3140625000000001 0.5015625 0.3218750000000001 0.50625 0.3218750000000001
1 0.509375 0.3125000000000001 0.5046875 0.3125000000000001 0.5046875 0.3218750000000001 0.509375 0.3218750000000001
1 0.4703125 0.2609375000000001 0.4625 0.2609375000000001 0.4625 0.2812500000000001 0.4703125 0.2812500000000001
1 0.6421875 0.2171875000000001 0.6375 0.2171875000000001 0.6375 0.22656250000000008 0.6421875 0.22656250000000008
1 0.646875 0.2171875000000001 0.6421875 0.2171875000000001 0.6421875 0.22656250000000008 0.646875 0.22656250000000008
1 0.653125 0.2156250000000001 0.646875 0.2156250000000001 0.646875 0.22656250000000008 0.653125 0.22656250000000008
1 0.584375 0.33281250000000007 0.578125 0.33281250000000007 0.578125 0.3468750000000001 0.584375 0.3468750000000001
1 0.5578125 0.34062500000000007 0.553125 0.34062500000000007 0.553125 0.3515625000000001 0.5578125 0.3515625000000001
1 0.5640625 0.34062500000000007 0.559375 0.34062500000000007 0.559375 0.3515625000000001 0.5640625 0.3515625000000001
1 0.5375 0.34062500000000007 0.534375 0.34062500000000007 0.534375 0.3531250000000001 0.5375 0.3531250000000001
1 0.540625 0.34062500000000007 0.5375 0.34062500000000007 0.5375 0.3515625000000001 0.540625 0.3515625000000001
1 0.5453125 0.34062500000000007 0.5421875 0.34062500000000007 0.5421875 0.3515625000000001 0.5453125 0.3515625000000001
1 0.553125 0.34062500000000007 0.546875 0.34062500000000007 0.546875 0.3515625000000001 0.553125 0.3515625000000001
1 0.534375 0.34062500000000007 0.5296875 0.34062500000000007 0.5296875 0.3515625000000001 0.534375 0.3515625000000001
1 0.4703125 0.34062500000000007 0.4671875 0.34062500000000007 0.4671875 0.3515625000000001 0.4703125 0.3515625000000001
1 0.4765625 0.34062500000000007 0.471875 0.34062500000000007 0.471875 0.3515625000000001 0.4765625 0.3515625000000001
1 0.4828125 0.34062500000000007 0.4765625 0.34062500000000007 0.4765625 0.3515625000000001 0.4828125 0.3515625000000001
1 0.4875 0.34062500000000007 0.4828125 0.34062500000000007 0.4828125 0.3515625000000001 0.4875 0.3515625000000001
1 0.4921875 0.34062500000000007 0.4875 0.34062500000000007 0.4875 0.3515625000000001 0.4921875 0.3515625000000001
1 0.496875 0.34062500000000007 0.4921875 0.34062500000000007 0.4921875 0.3515625000000001 0.496875 0.3515625000000001
1 0.50625 0.34062500000000007 0.496875 0.34062500000000007 0.496875 0.3531250000000001 0.50625 0.3531250000000001
1 0.515625 0.34062500000000007 0.5078125 0.34062500000000007 0.5078125 0.3515625000000001 0.515625 0.3515625000000001
1 0.4890625 0.3937500000000001 0.48125 0.3937500000000001 0.48125 0.4125 0.4890625 0.4125
1 0.4546875 0.3937500000000001 0.4484375 0.3937500000000001 0.4484375 0.4125 0.4546875 0.4125
1 0.4609375 0.45 0.4546875 0.45 0.4546875 0.4609375 0.4609375 0.4609375
1 0.4515625 0.540625 0.446875 0.540625 0.446875 0.55 0.4515625 0.55
1 0.45625 0.5390625 0.4515625 0.5390625 0.4515625 0.55 0.45625 0.55
1 0.521875 0.4875 0.5140625 0.4875 0.5140625 0.496875 0.521875 0.496875
2 0.3265625000000001 0.390625 0.3156250000000001 0.390625 0.3156250000000001 0.415625 0.3265625000000001 0.415625
1 0.26250000000000007 0.671875 0.2562500000000001 0.671875 0.2562500000000001 0.678125 0.26250000000000007 0.678125
1 0.26250000000000007 0.665625 0.2562500000000001 0.665625 0.2562500000000001 0.6703125 0.26250000000000007 0.6703125
1 0.26250000000000007 0.6578125 0.25468750000000007 0.6578125 0.25468750000000007 0.665625 0.26250000000000007 0.665625
1 0.26250000000000007 0.6515625 0.2562500000000001 0.6515625 0.2562500000000001 0.65625 0.26250000000000007 0.65625
1 0.30937500000000007 0.665625 0.2968750000000001 0.665625 0.2968750000000001 0.6734375 0.30937500000000007 0.6734375
1 0.2921875000000001 0.521875 0.2875000000000001 0.521875 0.2875000000000001 0.53125 0.2921875000000001 0.53125
1 0.37187500000000007 0.51875 0.3656250000000001 0.51875 0.3656250000000001 0.53125 0.37187500000000007 0.53125
1 0.3765625000000001 0.521875 0.37187500000000007 0.521875 0.37187500000000007 0.5296875 0.3765625000000001 0.5296875
1 0.3859375000000001 0.5375 0.3812500000000001 0.5375 0.3812500000000001 0.546875 0.3859375000000001 0.546875
1 0.3890625000000001 0.5375 0.3843750000000001 0.5375 0.3843750000000001 0.546875 0.3890625000000001 0.546875
1 0.3734375000000001 0.4609375 0.3703125000000001 0.4609375 0.3703125000000001 0.4703125 0.3734375000000001 0.4703125
1 0.3781250000000001 0.4609375 0.3734375000000001 0.4609375 0.3734375000000001 0.4703125 0.3781250000000001 0.4703125
1 0.30156250000000007 0.459375 0.2953125000000001 0.459375 0.2953125000000001 0.4703125 0.30156250000000007 0.4703125
1 0.4359375000000002 0.73125 0.4281250000000002 0.73125 0.4281250000000002 0.7375 0.4359375000000002 0.7375
1 0.4343750000000002 0.7265625 0.4281250000000002 0.7265625 0.4281250000000002 0.73125 0.4343750000000002 0.73125
1 0.34062500000000007 0.7359375 0.3343750000000001 0.7359375 0.3343750000000001 0.746875 0.34062500000000007 0.746875
0 0.2640625000000001 0.63125 0.25468750000000007 0.63125 0.25468750000000007 0.6515625 0.2640625000000001 0.6515625
1 0.7484375 0.6953125000000002 0.7421875 0.6953125000000002 0.7421875 0.7140625000000002 0.7484375 0.7140625000000002
1 0.75625 0.6953125000000002 0.75 0.6953125000000002 0.75 0.7125000000000001 0.75625 0.7125000000000001
1 0.7671875 0.6937500000000002 0.7609375 0.6937500000000002 0.7609375 0.7125000000000001 0.7671875 0.7125000000000001
1 0.775 0.6968750000000001 0.76875 0.6968750000000001 0.76875 0.7140625000000002 0.775 0.7140625000000002
1 0.7859375 0.6953125000000002 0.778125 0.6953125000000002 0.778125 0.7140625000000002 0.7859375 0.7140625000000002
1 0.79375 0.6968750000000001 0.7875 0.6968750000000001 0.7875 0.7140625000000002 0.79375 0.7140625000000002
1 0.840625 0.7453125000000002 0.8375 0.7453125000000002 0.8375 0.7562500000000002 0.840625 0.7562500000000002
1 0.8359375 0.7453125000000002 0.83125 0.7453125000000002 0.83125 0.7562500000000002 0.8359375 0.7562500000000002
1 0.8453125 0.7687500000000002 0.840625 0.7687500000000002 0.840625 0.7765625000000002 0.8453125 0.7765625000000002
1 0.803125 0.7687500000000002 0.8 0.7687500000000002 0.8 0.7750000000000001 0.803125 0.7750000000000001
1 0.8265625 0.7859375000000002 0.8203125 0.7859375000000002 0.8203125 0.8046875 0.8265625 0.8046875
1 0.834375 0.7875000000000002 0.8265625 0.7875000000000002 0.8265625 0.80625 0.834375 0.80625
1 0.83125 0.8140625 0.8265625 0.8140625 0.8265625 0.821875 0.83125 0.821875
1 0.396875 0.18125000000000005 0.390625 0.18125000000000005 0.390625 0.19375000000000003 0.396875 0.19375000000000003
1 0.390625 0.18281250000000004 0.3859375 0.18281250000000004 0.3859375 0.19218750000000004 0.390625 0.19218750000000004
1 0.4046875 0.18281250000000004 0.4 0.18281250000000004 0.4 0.19218750000000004 0.4046875 0.19218750000000004
1 0.4640625 0.18281250000000004 0.459375 0.18281250000000004 0.459375 0.19375000000000003 0.4640625 0.19375000000000003
1 0.46875 0.18281250000000004 0.4640625 0.18281250000000004 0.4640625 0.19375000000000003 0.46875 0.19375000000000003
1 0.475 0.18281250000000004 0.46875 0.18281250000000004 0.46875 0.19375000000000003 0.475 0.19375000000000003
1 0.4796875 0.18125000000000005 0.475 0.18125000000000005 0.475 0.19375000000000003 0.4796875 0.19375000000000003
1 0.41875 0.18281250000000004 0.4140625 0.18281250000000004 0.4140625 0.19375000000000003 0.41875 0.19375000000000003
1 0.4234375 0.18281250000000004 0.41875 0.18281250000000004 0.41875 0.19218750000000004 0.4234375 0.19218750000000004
1 0.4296875 0.18125000000000005 0.425 0.18125000000000005 0.425 0.19218750000000004 0.4296875 0.19218750000000004
1 0.4359375 0.18281250000000004 0.43125 0.18281250000000004 0.43125 0.19375000000000003 0.4359375 0.19375000000000003
1 0.4890625 0.18281250000000004 0.4828125 0.18281250000000004 0.4828125 0.19375000000000003 0.4890625 0.19375000000000003
1 0.4953125 0.18281250000000004 0.4890625 0.18281250000000004 0.4890625 0.19375000000000003 0.4953125 0.19375000000000003