0 0.16718750000000004 0.2546875 0.015625000000000035 0.2546875 0.015625000000000045 0.440625 0.16718750000000004 0.440625
0 0.60625 0.25312500000000004 0.15468750000000003 0.253125 0.15468750000000003 0.4359375 0.60625 0.4359375
0 0.6 0.17500000000000007 0.284375 0.17500000000000004 0.284375 0.3296875 0.6 0.3296875000000001
0 0.7046875 0.003125000000000079 0.59375 0.003125000000000072 0.59375 0.27812500000000007 0.7046875 0.27812500000000007
0 1 0.2171875000000001 0.815625 0.2171875000000001 0.815625 0.3703125000000001 1 0.3703125000000001
1 0.95 0.2718750000000001 0.9234375 0.2718750000000001 0.9234375 0.3281250000000001 0.95 0.3281250000000001
1 0.4375 0.2218750000000001 0.4234375 0.2218750000000001 0.4234375 0.2765625000000001 0.4375 0.2765625000000001
1 0.4640625 0.2515625000000001 0.44375 0.2515625000000001 0.44375 0.2812500000000001 0.4640625 0.2812500000000001
1 0.384375 0.3421875000000001 0.3671875 0.3421875000000001 0.36718750000000006 0.3984375000000001 0.3843750000000001 0.3984375000000001
1 0.665625 0.039062500000000076 0.621875 0.039062500000000076 0.621875 0.09375000000000008 0.665625 0.09375000000000008
1 0.659375 0.3968750000000001 0.6375 0.3968750000000001 0.6375 0.434375 0.659375 0.434375
1 0.6828125 0.4015625 0.659375 0.4015625 0.659375 0.428125 0.6828125 0.428125
1 0.10156250000000004 0.3328125 0.07031250000000004 0.3328125 0.07031250000000004 0.3921875 0.10156250000000004 0.3921875
1 0.12031250000000009 0.6984375 0.10468750000000009 0.6984375 0.10468750000000009 0.73125 0.12031250000000009 0.73125
1 0.11562500000000009 0.8078125 0.10000000000000009 0.8078125 0.10000000000000009 0.846875 0.11562500000000009 0.846875
1 0.12187500000000014 0.9203125 0.10781250000000013 0.9203125 0.10781250000000013 0.953125 0.12187500000000014 0.953125
1 0.14218750000000008 0.8078125 0.12343750000000009 0.8078125 0.12343750000000009 0.8484375 0.14218750000000008 0.8484375
1 0.15156250000000013 0.9171875 0.13437500000000013 0.9171875 0.13437500000000013 0.95625 0.15156250000000013 0.95625
1 0.15781250000000008 0.8078125 0.1437500000000001 0.8078125 0.1437500000000001 0.85 0.15781250000000008 0.85
1 0.2828125000000001 0.8109375 0.2656250000000001 0.8109375 0.2656250000000001 0.846875 0.2828125000000001 0.846875
1 0.2593750000000001 0.91875 0.2468750000000001 0.91875 0.2468750000000001 0.9546875 0.2593750000000001 0.9546875
1 0.2875000000000001 0.915625 0.2671875000000001 0.915625 0.2671875000000001 0.95625 0.2875000000000001 0.95625
1 0.3031250000000001 0.915625 0.2890625000000001 0.915625 0.2890625000000001 0.95625 0.3031250000000001 0.95625
1 0.38750000000000007 0.6953125 0.3671875000000001 0.6953125 0.3671875000000001 0.7359375 0.38750000000000007 0.7359375
1 0.3984375000000001 0.8046875 0.3812500000000001 0.8046875 0.3812500000000001 0.8484375 0.3984375000000001 0.8484375
1 0.39531250000000007 0.921875 0.3812500000000001 0.921875 0.3812500000000001 0.9578125 0.39531250000000007 0.9578125
1 0.4 0.53125 0.3765625000000001 0.53125 0.3765625000000001 0.5734375 0.4 0.5734375
1 0.47343750000000007 0.7015625 0.4515625 0.7015625 0.4515625000000001 0.7359375 0.4734375000000002 0.7359375
1 0.48750000000000016 0.8125 0.4750000000000002 0.8125 0.4750000000000002 0.8484375 0.48750000000000016 0.8484375
1 0.48750000000000016 0.921875 0.4734375000000002 0.921875 0.4734375000000002 0.959375 0.48750000000000016 0.959375
1 0.5218750000000002 0.9203125 0.49531250000000016 0.9203125 0.49531250000000016 0.959375 0.5218750000000002 0.959375
1 0.5156250000000002 0.8078125 0.49531250000000016 0.8078125 0.49531250000000016 0.8453125 0.5156250000000002 0.8453125
1 0.49687500000000007 0.6984375 0.478125 0.6984375 0.4781250000000001 0.740625 0.4968750000000002 0.740625
1 0.515625 0.55 0.5 0.55 0.5 0.584375 0.515625 0.584375
1 0.5015625 0.5265625 0.4828125 0.5265625 0.4828125 0.5703125 0.5015625 0.5703125
1 0.6109375 0.53125 0.5859375 0.53125 0.5859375 0.5703125 0.6109375 0.5703125
1 0.5859375000000001 0.6984375 0.5703125 0.6984375 0.5703125000000001 0.740625 0.5859375000000002 0.740625
1 0.6078125000000001 0.6984375 0.5875 0.6984375 0.5875000000000001 0.7375 0.6078125000000002 0.7375
1 0.5953125000000001 0.809375 0.5812500000000002 0.809375 0.5812500000000002 0.85 0.5953125000000001 0.85
1 0.5968750000000002 0.9171875 0.5843750000000002 0.9171875 0.5843750000000002 0.9546875 0.5968750000000002 0.9546875
1 0.6171875000000002 0.91875 0.6015625000000002 0.91875 0.6015625000000002 0.9578125 0.6171875000000002 0.9578125
1 0.6156250000000002 0.8109375 0.6000000000000002 0.8109375 0.6000000000000002 0.8484375 0.6156250000000002 0.8484375
1 0.709375 0.53125 0.6796875 0.53125 0.6796875 0.575 0.709375 0.575
1 0.6812500000000001 0.6984375 0.665625 0.6984375 0.6656250000000001 0.7375 0.6812500000000001 0.7375
1 0.7046875000000001 0.8046875 0.6859375000000002 0.8046875 0.6859375000000002 0.8421875 0.7046875000000001 0.8421875
1 0.6890625000000001 0.9171875 0.6781250000000002 0.9171875 0.6781250000000002 0.9578125 0.6890625000000001 0.9578125
1 0.7125000000000001 0.9203125 0.6937500000000002 0.9203125 0.6937500000000002 0.9609375 0.7125000000000001 0.9609375
1 0.7765625000000002 0.921875 0.7656250000000002 0.921875 0.7656250000000002 0.9578125 0.7765625000000002 0.9578125
1 0.8375 0.9171875 0.825 0.9171875 0.825 0.959375 0.8375 0.959375
1 0.7984375000000001 0.91875 0.7781250000000002 0.91875 0.7781250000000002 0.95625 0.7984375000000001 0.95625
1 0.8609375 0.921875 0.840625 0.921875 0.840625 0.95625 0.8609375 0.95625
1 0.7781250000000002 0.8078125 0.7640625000000002 0.8078125 0.7640625000000002 0.8453125 0.7781250000000002 0.8453125
1 0.7968750000000002 0.8078125 0.7765625000000002 0.8078125 0.7765625000000002 0.8484375 0.7968750000000002 0.8484375
1 0.8390625 0.809375 0.8234375 0.809375 0.8234375 0.8515625 0.8390625 0.8515625
1 0.859375 0.8046875 0.8421875 0.8046875 0.8421875 0.846875 0.859375 0.846875
1 0.7656250000000001 0.6953125000000002 0.753125 0.6953125000000002 0.753125 0.7359375000000001 0.7656250000000002 0.7359375000000001
1 0.7859375000000001 0.7000000000000002 0.76875 0.7000000000000002 0.76875 0.7406250000000002 0.7859375000000002 0.7406250000000002
1 0.828125 0.6953125000000002 0.8140625 0.6953125000000002 0.8140625 0.7359375000000001 0.828125 0.7359375000000001
1 0.8484375 0.7000000000000002 0.8296875 0.7000000000000002 0.8296875 0.7359375000000001 0.8484375 0.7359375000000001
1 0.7984375 0.5250000000000001 0.7828125 0.5250000000000001 0.7828125 0.5703125000000002 0.7984375 0.5703125000000002
2 0.4968750000000002 0.8359375 0.4906250000000002 0.8359375 0.4906250000000002 0.8546875 0.4968750000000002 0.8546875
2 0.7953125000000001 0.7250000000000002 0.7859375 0.7250000000000002 0.7859375000000001 0.7375000000000002 0.7953125000000002 0.7375000000000002
2 0.803125 0.7250000000000002 0.796875 0.7250000000000002 0.7968750000000001 0.7359375000000001 0.803125 0.7359375000000001
2 0.8109375 0.7250000000000002 0.8046875 0.7250000000000002 0.8046875 0.7375000000000002 0.8109375 0.7375000000000002
2 0.80625 0.8375 0.7984375000000001 0.8375 0.7984375000000001 0.8453125 0.80625 0.8453125
2 0.8078125 0.9484375 0.8 0.9484375 0.8 0.9578125 0.8078125 0.9578125
2 0.8140625 0.9484375 0.8078125 0.9484375 0.8078125 0.959375 0.8140625 0.959375
2 0.8234375 0.9484375 0.815625 0.9484375 0.815625 0.9578125 0.8234375 0.9578125
2 0.8234375 0.8390625 0.815625 0.8390625 0.815625 0.8484375 0.8234375 0.8484375
2 0.8140625 0.8375 0.8078125 0.8375 0.8078125 0.846875 0.8140625 0.846875
1 0.9078125 0.8875 0.89375 0.8875 0.89375 0.9109375 0.9078125 0.9109375
2 0.9203125 0.8703125 0.903125 0.8703125 0.903125 0.8921875 0.9203125 0.8921875
1 0.9046875 0.9453125 0.8921875 0.9453125 0.8921875 0.96875 0.9046875 0.96875
2 0.9203125 0.9265625 0.9046875 0.9265625 0.9046875 0.9484375 0.9203125 0.9484375
2 0.9203125 0.9796875 0.9015625 0.9796875 0.9015625 1 0.9203125 1
2 0.921875 0.81875 0.9046875 0.81875 0.9046875 0.8390625 0.921875 0.8390625
1 0.9046875 0.7796875000000002 0.8921875 0.7796875000000002 0.8921875 0.803125 0.9046875 0.803125
2 0.9203125 0.7625000000000002 0.9046875 0.7625000000000002 0.9046875 0.7812500000000002 0.9203125 0.7812500000000002
1 0.903125 0.7281250000000001 0.89375 0.7281250000000001 0.89375 0.7500000000000002 0.903125 0.7500000000000002
2 0.921875 0.7093750000000002 0.903125 0.7093750000000002 0.903125 0.7281250000000001 0.921875 0.7281250000000001
1 0.896875 0.6984375000000002 0.8859375 0.6984375000000002 0.8859375 0.7328125000000002 0.896875 0.7328125000000002
1 0.8953125 0.7531250000000002 0.8859375 0.7531250000000002 0.8859375 0.7921875000000002 0.8953125 0.7921875000000002
1 0.8953125 0.8125 0.8859375 0.8125 0.8859375 0.84375 0.8953125 0.84375
1 0.90625 0.834375 0.890625 0.834375 0.890625 0.8546875 0.90625 0.8546875
1 0.8953125 0.859375 0.884375 0.859375 0.884375 0.903125 0.8953125 0.903125
1 0.8953125 0.921875 0.8859375 0.921875 0.8859375 0.9578125 0.8953125 0.9578125
1 0.896875 0.9734375 0.884375 0.9734375 0.884375 1 0.896875 1
1 0.940625 0.9203125 0.9265625 0.9203125 0.9265625 0.959375 0.940625 0.959375
1 0.94375 0.9703125 0.928125 0.9703125 0.928125 1 0.94375 1
1 0.9640625 0.9734375 0.946875 0.9734375 0.946875 1 0.9640625 1
1 0.9625 0.9265625 0.9453125 0.9265625 0.9453125 0.95625 0.9625 0.95625
1 0.9765625 0.928125 0.9609375 0.928125 0.9609375 0.9640625 0.9765625 0.9640625
1 0.9984375 0.925 0.9796875 0.925 0.9796875 0.95625 0.9984375 0.95625
1 0.9890625 0.9828125 0.9734375 0.9828125 0.9734375 1 0.9890625 1
1 1 0.98125 0.9890625 0.98125 0.9890625 1 1 1
1 0.9453125 0.8609375 0.928125 0.8609375 0.928125 0.9 0.9453125 0.9
1 0.9640625 0.865625 0.946875 0.865625 0.946875 0.903125 0.9640625 0.903125
1 0.9375 0.8125 0.9265625 0.8125 0.9265625 0.846875 0.9375 0.846875
1 0.9609375 0.8171875 0.9421875 0.8171875 0.9421875 0.846875 0.9609375 0.846875
1 0.9890625 0.8703125 0.971875 0.8703125 0.971875 0.8984375 0.9890625 0.8984375
1 1 0.8703125 0.9890625 0.8703125 0.9890625 0.9078125 1 0.9078125
1 0.978125 0.81875 0.959375 0.81875 0.959375 0.85 0.978125 0.85
1 0.996875 0.81875 0.9796875 0.81875 0.9796875 0.8453125 0.996875 0.8453125
1 0.94375 0.7546875000000002 0.9328125 0.7546875000000002 0.9328125 0.7906250000000001 0.94375 0.7906250000000001
1 0.9640625 0.7531250000000002 0.9484375 0.7531250000000002 0.9484375 0.7906250000000001 0.9640625 0.7906250000000001
1 0.990625 0.7609375000000002 0.971875 0.7609375000000002 0.971875 0.7906250000000001 0.990625 0.7906250000000001
1 0.9390625 0.7000000000000002 0.928125 0.7000000000000002 0.928125 0.7390625000000002 0.9390625 0.7390625000000002
1 0.9609375 0.7093750000000002 0.9453125 0.7093750000000002 0.9453125 0.7359375000000001 0.9609375 0.7359375000000001
1 0.978125 0.7078125000000002 0.9640625 0.7078125000000002 0.9640625 0.7437500000000001 0.978125 0.7437500000000001
1 0.9953125 0.7093750000000002 0.978125 0.7093750000000002 0.978125 0.7359375000000001 0.9953125 0.7359375000000001
1 1 0.7578125000000002 0.990625 0.7578125000000002 0.990625 0.7906250000000001 1 0.7906250000000001