0 0.4 0.353125 0.303125 0.353125 0.30312500000000003 0.4375 0.4 0.4375
0 0.30156250000000007 0.40625 0.24218750000000008 0.40625 0.24218750000000008 0.453125 0.30156250000000007 0.453125
0 0.5328125 0.3500000000000001 0.4359375 0.3500000000000001 0.4359375 0.4359375 0.5328125 0.4359375
0 0.30156250000000007 0.53125 0.24375000000000008 0.53125 0.24375000000000008 0.5734375 0.30156250000000007 0.5734375
0 0.4390625 0.5453125 0.3046875000000001 0.5453125 0.3046875000000001 0.65625 0.4390625 0.65625
0 0.6109375 0.5828125 0.4765625 0.5828125 0.4765625 0.6578125 0.6109375 0.6578125
0 0.6125 0.3546875000000001 0.584375 0.3546875000000001 0.584375 0.4 0.6125 0.4
0 0.675 0.3531250000000001 0.6453125 0.3531250000000001 0.6453125 0.40625 0.675 0.40625
0 0.740625 0.4093750000000001 0.69375 0.409375 0.69375 0.4750000000000001 0.740625 0.4750000000000002
0 0.7875 0.41093750000000007 0.6890625 0.4109375 0.6890625 0.4171875000000001 0.7875 0.41718750000000016
0 0.740625 0.5171875000000001 0.6890625 0.5171875 0.6890625 0.5828125000000001 0.740625 0.5828125000000002
0 0.7796875 0.5843750000000002 0.7421875 0.5843750000000002 0.7421875 0.6578125000000001 0.7796875 0.6578125000000001
0 0.8453125 0.5687500000000002 0.8046875 0.5687500000000002 0.8046875 0.6578125000000001 0.8453125 0.6578125000000001
0 0.846875 0.5484375000000001 0.8296875 0.5484375000000001 0.8296875 0.6578125000000001 0.846875 0.6578125000000001
0 0.7671875 0.5593750000000001 0.6890625 0.559375 0.6890625 0.5796875000000001 0.7671875 0.5796875000000001