0 0.6046875 0.590625 0.3375000000000001 0.590625 0.3375000000000001 0.659375 0.6046875 0.659375
0 0.60625 0.503125 0.4625 0.503125 0.4625 0.5984375 0.60625 0.5984375
0 0.415625 0.5328125 0.3187500000000001 0.5328125 0.3187500000000001 0.596875 0.415625 0.596875
0 0.34218750000000003 0.334375 0.2796875 0.334375 0.27968750000000003 0.5921875 0.3421875000000001 0.5921875
0 0.3421875000000001 0.3890625 0.3000000000000001 0.3890625 0.3000000000000001 0.53125 0.3421875000000001 0.53125
0 0.6546875 0.4203125 0.6015625 0.4203125 0.6015625 0.5015625 0.6546875 0.5015625
1 0.2812500000000001 0.45 0.2578125000000001 0.45 0.2578125000000001 0.46875 0.2812500000000001 0.46875
2 0.2687500000000001 0.4328125 0.2578125000000001 0.4328125 0.2578125000000001 0.446875 0.2687500000000001 0.446875
1 0.2796875000000001 0.4703125 0.2578125000000001 0.4703125 0.2578125000000001 0.4875 0.2796875000000001 0.4875
1 0.3125000000000001 0.45 0.2890625000000001 0.45 0.2890625000000001 0.471875 0.3125000000000001 0.471875
1 0.37187500000000007 0.540625 0.35625000000000007 0.540625 0.35625000000000007 0.5734375 0.37187500000000007 0.5734375
1 0.540625 0.5453125 0.525 0.5453125 0.525 0.5734375 0.540625 0.5734375
1 0.4765625 0.6 0.465625 0.6 0.465625 0.6359375 0.4765625 0.6359375
1 0.6359375 0.45 0.6140625 0.45 0.6140625 0.46875 0.6359375 0.46875
0 0.821875 0.48437500000000017 0.7375 0.48437500000000017 0.7375 0.6062500000000002 0.821875 0.6062500000000002
0 0.8296875 0.3296875000000001 0.74375 0.3296875000000001 0.74375 0.4421875000000002 0.8296875 0.4421875000000002