0 0.615625 0.17968750000000006 0.4109375 0.17968750000000006 0.4109375 0.2812500000000001 0.615625 0.2812500000000001
0 0.4156250000000001 0.27812500000000007 0.2265625 0.278125 0.22656250000000006 0.9359375 0.4156250000000002 0.9359375
0 0.4171875 0.19218750000000004 0.2984375 0.19218750000000004 0.2984375 0.4734375 0.4171875 0.4734375
0 0.415625 0.20312500000000006 0.3078125 0.203125 0.3078125 0.29687500000000006 0.415625 0.2968750000000001
0 0.41875 0.37343750000000003 0.2984375000000001 0.3734375 0.2984375000000001 0.471875 0.41875 0.471875
0 0.4390625000000001 0.5109375 0.3625000000000001 0.5109375 0.3625000000000001 0.8296875 0.4390625000000002 0.8296875
0 0.4421875000000002 0.840625 0.3671875000000001 0.840625 0.3671875000000001 0.9375 0.4421875000000002 0.9375
0 0.5687500000000002 0.8640625 0.4593750000000002 0.8640625 0.4593750000000002 0.93125 0.5687500000000002 0.93125
2 0.721875 0.16562500000000008 0.6703125 0.16562500000000008 0.6703125 0.21250000000000008 0.721875 0.21250000000000008
2 0.7828125 0.018750000000000093 0.728125 0.01875000000000009 0.728125 0.09531250000000009 0.7828125 0.09531250000000009
1 0.8734375 0.004687500000000105 0.834375 0.004687500000000103 0.834375 0.07500000000000011 0.8734375 0.07500000000000011
1 0.8328125 9.998093008663938e-17 0.8 9.797174393178826e-17 0.8 0.0687500000000001 0.8328125 0.06875000000000012
1 0.3546875000000001 0.603125 0.3140625000000001 0.603125 0.3140625000000001 0.640625 0.3546875000000001 0.640625
1 0.35625000000000007 0.55625 0.3109375000000001 0.55625 0.3109375000000001 0.6078125 0.35625000000000007 0.6078125
2 0.3265625000000001 0.5328125 0.3109375000000001 0.5328125 0.3109375000000001 0.5546875 0.3265625000000001 0.5546875
1 0.6718750000000002 0.809375 0.6484375000000002 0.809375 0.6484375000000002 0.875 0.6718750000000002 0.875
1 0.6953125000000002 0.8078125 0.6609375000000002 0.8078125 0.6609375000000002 0.875 0.6953125000000002 0.875
1 0.7421875000000002 0.8125 0.7140625000000002 0.8125 0.7140625000000002 0.8734375 0.7421875000000002 0.8734375
2 0.44218750000000007 0.715625 0.4 0.715625 0.4000000000000001 0.796875 0.4421875000000002 0.796875
1 0.22031250000000008 0.5703125 0.1765625000000001 0.5703125 0.1765625000000001 0.6109375 0.22031250000000008 0.6109375
1 0.22656250000000008 0.51875 0.17031250000000003 0.51875 0.17031250000000006 0.575 0.22656250000000008 0.575
1 0.3515625000000001 0.7140625 0.3078125000000001 0.7140625 0.3078125000000001 0.74375 0.3515625000000001 0.74375
1 0.35625000000000007 0.6734375 0.30937500000000007 0.6734375 0.30937500000000007 0.7171875 0.35625000000000007 0.7171875
1 0.296875 0.3046875 0.25 0.3046875 0.25 0.3546875 0.296875 0.3546875
1 0.753125 0.2453125000000001 0.7015625 0.2453125000000001 0.7015625 0.2875000000000001 0.753125 0.2875000000000001
1 0.55 0.10781250000000006 0.5125 0.10781250000000005 0.5125 0.17968750000000006 0.55 0.17968750000000008
1 0.5140625 0.10625000000000004 0.48125 0.10625000000000004 0.48125 0.17968750000000006 0.5140625 0.17968750000000006