0 0.8265625 0.0015625000000000957 0.7359375 0.0015625000000000903 0.7359375 0.4156250000000002 0.8265625 0.4156250000000002
0 0.3343750000000001 0.5578125 0.3078125000000001 0.5578125 0.3078125000000001 0.8296875 0.3343750000000001 0.8296875
1 0.3218750000000001 0.4015625 0.3062500000000001 0.4015625 0.3062500000000001 0.440625 0.3218750000000001 0.440625
1 0.3187500000000001 0.4421875 0.3000000000000001 0.4421875 0.3000000000000001 0.4734375 0.3187500000000001 0.4734375
1 0.30937500000000007 0.4875 0.2984375000000001 0.4875 0.2984375000000001 0.521875 0.30937500000000007 0.521875
1 0.3203125000000001 0.4875 0.30937500000000007 0.4875 0.30937500000000007 0.51875 0.3203125000000001 0.51875
1 0.3078125000000001 0.6953125 0.2906250000000001 0.6953125 0.2906250000000001 0.7109375 0.3078125000000001 0.7109375
1 0.3046875000000001 0.678125 0.29375000000000007 0.678125 0.29375000000000007 0.69375 0.3046875000000001 0.69375
1 0.5328125 0.5015625 0.525 0.5015625 0.525 0.5265625 0.5328125 0.5265625
1 0.540625 0.5046875 0.5296875 0.5046875 0.5296875 0.528125 0.540625 0.528125
1 0.5484375 0.5046875 0.540625 0.5046875 0.540625 0.5296875 0.5484375 0.5296875
1 0.790625 0.5031250000000002 0.7796875 0.5031250000000002 0.7796875 0.5406250000000001 0.790625 0.5406250000000001
1 0.8 0.5062500000000002 0.7859375 0.5062500000000002 0.7859375 0.5406250000000001 0.8 0.5406250000000001
1 0.7953125 0.4578125000000002 0.7828125 0.4578125000000002 0.7828125 0.4937500000000002 0.7953125 0.4937500000000002
1 0.796875 0.4109375000000002 0.78125 0.4109375000000002 0.78125 0.4468750000000002 0.796875 0.4468750000000002
1 0.7875 0.06250000000000008 0.7703125 0.06250000000000008 0.7703125 0.11093750000000009 0.7875 0.11093750000000009
2 0.81875 0.18750000000000008 0.7953125 0.18750000000000008 0.7953125 0.22812500000000008 0.81875 0.22812500000000008