0 0.9140625 0.17812500000000012 0.834375 0.1781250000000001 0.834375 0.2453125000000001 0.9140625 0.2453125000000001
1 0.8796875 0.1625000000000001 0.8703125 0.1625000000000001 0.8703125 0.1828125000000001 0.8796875 0.1828125000000001
0 0.7625 0.1828125000000001 0.7203125 0.1828125000000001 0.7203125 0.2468750000000001 0.7625 0.2468750000000001
1 0.740625 0.1625000000000001 0.728125 0.1625000000000001 0.728125 0.18125000000000008 0.740625 0.18125000000000008
1 0.7484375 0.16406250000000008 0.740625 0.16406250000000008 0.740625 0.1828125000000001 0.7484375 0.1828125000000001
1 0.7578125 0.1625000000000001 0.7484375 0.1625000000000001 0.7484375 0.1828125000000001 0.7578125 0.1828125000000001
0 0.7734375 0.3500000000000001 0.709375 0.3500000000000001 0.709375 0.4171875000000001 0.7734375 0.41718750000000016
0 0.55625 0.2453125000000001 0.51875 0.2453125000000001 0.51875 0.35625000000000007 0.55625 0.35625000000000007
0 0.5203125 0.15000000000000005 0.3703125 0.15000000000000005 0.3703125 0.23593750000000008 0.5203125 0.23593750000000008
1 0.4046875 0.17812500000000003 0.39375 0.17812500000000003 0.39375 0.2000000000000001 0.4046875 0.2000000000000001
1 0.41875 0.17812500000000003 0.4078125 0.17812500000000003 0.4078125 0.19843750000000004 0.41875 0.19843750000000004
1 0.303125 0.3015625 0.2875 0.3015625 0.2875 0.3140625 0.303125 0.3140625
1 0.303125 0.2859375 0.2890625 0.2859375 0.2890625 0.3015625 0.303125 0.3015625
0 0.4234375 0.35000000000000003 0.3546875 0.35 0.35468750000000004 0.434375 0.4234375 0.434375
1 0.3921875000000001 0.3921875000000001 0.3812500000000001 0.3921875000000001 0.3812500000000001 0.4140625 0.3921875000000001 0.4140625
1 0.334375 0.315625 0.3203125 0.315625 0.3203125 0.3328125 0.334375 0.3328125
1 0.334375 0.303125 0.3203125 0.303125 0.3203125 0.3125 0.334375 0.3125
1 0.3359375 0.290625 0.31875 0.290625 0.31875 0.3015625 0.3359375 0.3015625
1 0.3359375 0.2703125 0.3203125 0.2703125 0.3203125 0.2828125 0.3359375 0.2828125
1 0.546875 0.3062500000000001 0.53125 0.3062500000000001 0.53125 0.3203125000000001 0.546875 0.3203125000000001
1 0.5453125 0.2921875000000001 0.5328125 0.2921875000000001 0.5328125 0.3031250000000001 0.5453125 0.3031250000000001
1 0.5453125 0.2796875000000001 0.53125 0.2796875000000001 0.53125 0.29375000000000007 0.5453125 0.29375000000000007
1 0.45 0.13437500000000005 0.4375 0.13437500000000005 0.4375 0.15468750000000003 0.45 0.15468750000000003
0 0.41875 0.20312500000000006 0.3546875 0.203125 0.3546875 0.22500000000000003 0.41875 0.2250000000000001
0 0.19843750000000004 0.321875 0.14218750000000005 0.321875 0.14218750000000005 0.396875 0.19843750000000004 0.396875
1 0.18750000000000006 0.3640625 0.17656250000000004 0.3640625 0.17656250000000004 0.378125 0.18750000000000006 0.378125
1 0.17968750000000006 0.3484375 0.16875000000000004 0.3484375 0.16875000000000004 0.36875 0.17968750000000006 0.36875
1 0.17500000000000004 0.34375 0.16406250000000006 0.34375 0.16406250000000006 0.35625 0.17500000000000004 0.35625
2 0.296875 0.275 0.2890625 0.275 0.2890625 0.2859375 0.296875 0.2859375
1 0.6875 0.10468750000000009 0.6796875 0.10468750000000009 0.6796875 0.1218750000000001 0.6875 0.1218750000000001
1 0.6984375 0.10312500000000009 0.6875 0.10312500000000009 0.6875 0.11875000000000009 0.6984375 0.11875000000000009
1 0.7390625 0.37968750000000007 0.734375 0.37968750000000007 0.734375 0.39531250000000007 0.7390625 0.39531250000000007
1 0.7484375 0.3765625000000001 0.7390625 0.3765625000000001 0.7390625 0.3968750000000001 0.7484375 0.3968750000000001
1 0.14375000000000004 0.521875 0.13750000000000004 0.521875 0.13750000000000004 0.540625 0.14375000000000004 0.540625
1 0.15312500000000004 0.5234375 0.14375000000000004 0.5234375 0.14375000000000004 0.5421875 0.15312500000000004 0.5421875
1 0.2312500000000001 0.525 0.2234375000000001 0.525 0.2234375000000001 0.5421875 0.2312500000000001 0.5421875
1 0.2453125000000001 0.5234375 0.2375000000000001 0.5234375 0.2375000000000001 0.540625 0.2453125000000001 0.540625
1 0.2562500000000001 0.5234375 0.2453125000000001 0.5234375 0.2453125000000001 0.5390625 0.2562500000000001 0.5390625
1 0.3296875000000001 0.5234375 0.3218750000000001 0.5234375 0.3218750000000001 0.540625 0.3296875000000001 0.540625
1 0.3375000000000001 0.5234375 0.3312500000000001 0.5234375 0.3312500000000001 0.540625 0.3375000000000001 0.540625
1 0.3468750000000001 0.5234375 0.34062500000000007 0.5234375 0.34062500000000007 0.540625 0.3468750000000001 0.540625
1 0.3984375000000001 0.5234375 0.3906250000000001 0.5234375 0.3906250000000001 0.5421875 0.3984375000000001 0.5421875
1 0.38750000000000007 0.5234375 0.3828125000000001 0.5234375 0.3828125000000001 0.540625 0.38750000000000007 0.540625
1 0.3812500000000001 0.525 0.37187500000000007 0.525 0.37187500000000007 0.5421875 0.3812500000000001 0.5421875
1 0.3734375000000001 0.5234375 0.3656250000000001 0.5234375 0.3656250000000001 0.5390625 0.3734375000000001 0.5390625
1 0.36406250000000007 0.5234375 0.35625000000000007 0.5234375 0.35625000000000007 0.540625 0.36406250000000007 0.540625
1 0.35625000000000007 0.5234375 0.3468750000000001 0.5234375 0.3468750000000001 0.5421875 0.35625000000000007 0.5421875
1 0.3390625000000001 0.4953125 0.3296875000000001 0.4953125 0.3296875000000001 0.5125 0.3390625000000001 0.5125
1 0.34843750000000007 0.4984375 0.3390625000000001 0.4984375 0.3390625000000001 0.515625 0.34843750000000007 0.515625
1 0.35625000000000007 0.4984375 0.34843750000000007 0.4984375 0.34843750000000007 0.5125 0.35625000000000007 0.5125
1 0.3656250000000001 0.4984375 0.35625000000000007 0.4984375 0.35625000000000007 0.5125 0.3656250000000001 0.5125
1 0.37187500000000007 0.4984375 0.36406250000000007 0.4984375 0.36406250000000007 0.5140625 0.37187500000000007 0.5140625
1 0.3812500000000001 0.496875 0.3734375000000001 0.496875 0.3734375000000001 0.515625 0.3812500000000001 0.515625
1 0.3906250000000001 0.5 0.3812500000000001 0.5 0.3812500000000001 0.5125 0.3906250000000001 0.5125
1 0.425 0.44375 0.4171875 0.44375 0.4171875 0.4609375 0.425 0.4609375
1 0.434375 0.4453125 0.425 0.4453125 0.425 0.4625 0.434375 0.4625
1 0.45 0.446875 0.440625 0.446875 0.440625 0.4625 0.45 0.4625
1 0.4578125 0.44375 0.45 0.44375 0.45 0.4609375 0.4578125 0.4609375
1 0.490625 0.4703125 0.4828125 0.4703125 0.4828125 0.4875 0.490625 0.4875
1 0.48125 0.4703125 0.4734375 0.4703125 0.4734375 0.4890625 0.48125 0.4890625
1 0.5328125 0.44375 0.525 0.44375 0.525 0.4625 0.5328125 0.4625
1 0.5203125 0.44375 0.5109375 0.44375 0.5109375 0.4625 0.5203125 0.4625
1 0.509375 0.44375 0.503125 0.44375 0.503125 0.4625 0.509375 0.4625
1 0.4921875 0.4453125 0.4828125 0.4453125 0.4828125 0.4609375 0.4921875 0.4609375
1 0.4796875 0.4453125 0.475 0.4453125 0.475 0.4625 0.4796875 0.4625
1 0.4734375 0.4453125 0.4625 0.4453125 0.4625 0.4625 0.4734375 0.4625
2 0.503125 0.44375 0.496875 0.44375 0.496875 0.4625 0.503125 0.4625
2 0.540625 0.4421875 0.534375 0.4421875 0.534375 0.4625 0.540625 0.4625
2 0.440625 0.45 0.434375 0.45 0.434375 0.45625 0.440625 0.45625
1 0.45 0.4703125 0.44375 0.4703125 0.44375 0.4875 0.45 0.4875
1 0.4578125 0.471875 0.4515625 0.471875 0.4515625 0.4875 0.4578125 0.4875
1 0.465625 0.4734375 0.459375 0.4734375 0.459375 0.4890625 0.465625 0.4890625
2 0.4734375 0.4765625 0.4671875 0.4765625 0.4671875 0.4828125 0.4734375 0.4828125
2 0.15156250000000004 0.4734375 0.14062500000000006 0.4734375 0.14062500000000006 0.4859375 0.15156250000000004 0.4859375
1 0.1546875000000001 0.6265625 0.1468750000000001 0.6265625 0.1468750000000001 0.64375 0.1546875000000001 0.64375
1 0.1453125000000001 0.628125 0.1375000000000001 0.628125 0.1375000000000001 0.6421875 0.1453125000000001 0.6421875
1 0.2312500000000001 0.628125 0.2234375000000001 0.628125 0.2234375000000001 0.6453125 0.2312500000000001 0.6453125
1 0.25468750000000007 0.628125 0.2468750000000001 0.628125 0.2468750000000001 0.64375 0.25468750000000007 0.64375
1 0.2453125000000001 0.628125 0.23593750000000008 0.628125 0.23593750000000008 0.64375 0.2453125000000001 0.64375
2 0.23593750000000008 0.6375 0.2312500000000001 0.6375 0.2312500000000001 0.6453125 0.23593750000000008 0.6453125
1 0.3296875000000001 0.628125 0.3218750000000001 0.628125 0.3218750000000001 0.6453125 0.3296875000000001 0.6453125
1 0.34062500000000007 0.628125 0.3312500000000001 0.628125 0.3312500000000001 0.64375 0.34062500000000007 0.64375
1 0.3468750000000001 0.6296875 0.3390625000000001 0.6296875 0.3390625000000001 0.6453125 0.3468750000000001 0.6453125
1 0.3546875000000001 0.6296875 0.34843750000000007 0.6296875 0.34843750000000007 0.6453125 0.3546875000000001 0.6453125
1 0.36406250000000007 0.628125 0.35625000000000007 0.628125 0.35625000000000007 0.6453125 0.36406250000000007 0.6453125
1 0.37187500000000007 0.628125 0.3656250000000001 0.628125 0.3656250000000001 0.64375 0.37187500000000007 0.64375
1 0.3812500000000001 0.6265625 0.3734375000000001 0.6265625 0.3734375000000001 0.64375 0.3812500000000001 0.64375
1 0.3890625000000001 0.628125 0.3828125000000001 0.628125 0.3828125000000001 0.64375 0.3890625000000001 0.64375
1 0.4 0.628125 0.3890625000000001 0.628125 0.3890625000000001 0.6453125 0.4 0.6453125
1 0.4703125 0.625 0.4609375 0.625 0.4609375 0.6453125 0.4703125 0.6453125
1 0.478125 0.628125 0.4703125 0.628125 0.4703125 0.6453125 0.478125 0.6453125
1 0.4703125 0.521875 0.4609375 0.521875 0.4609375 0.5390625 0.4703125 0.5390625
1 0.4796875 0.5234375 0.4703125 0.5234375 0.4703125 0.540625 0.4796875 0.540625