0 0.296875 0.225 0.2046875 0.225 0.2046875 0.334375 0.296875 0.334375
0 0.2953125 0.2359375 0.2625 0.2359375 0.2625 0.3359375 0.2953125 0.3359375
0 0.29687500000000006 0.2328125 0.2875 0.2328125 0.28750000000000003 0.3671875 0.2968750000000001 0.3671875
0 0.2453125 0.2359375 0.2109375 0.2359375 0.2109375 0.334375 0.2453125 0.334375
0 0.2203125 0.2375 0.209375 0.2375 0.209375 0.359375 0.2203125 0.359375
0 0.4765625 0.23593750000000008 0.390625 0.23593750000000008 0.390625 0.3375000000000001 0.4765625 0.3375000000000001
0 0.4234375 0.2390625000000001 0.390625 0.2390625000000001 0.390625 0.3375000000000001 0.4234375 0.3375000000000001
0 0.4765625 0.23437500000000008 0.4421875 0.23437500000000008 0.4421875 0.3390625000000001 0.4765625 0.3390625000000001
0 0.4734375 0.2375000000000001 0.465625 0.2375000000000001 0.465625 0.3687500000000001 0.4734375 0.3687500000000001
0 0.39531250000000007 0.2375000000000001 0.390625 0.2375000000000001 0.39062500000000006 0.3734375000000001 0.39531250000000007 0.3734375000000001
0 0.2828125000000001 0.4484375 0.2687500000000001 0.4484375 0.2687500000000001 0.4765625 0.2828125000000001 0.4765625
0 0.4625 0.446875 0.45 0.446875 0.45 0.478125 0.4625 0.478125
0 0.86875 0.1921875000000001 0.7546875 0.1921875000000001 0.7546875 0.35625000000000007 0.86875 0.35625000000000007
0 0.86875 0.18906250000000008 0.8609375 0.18906250000000008 0.8609375 0.3687500000000001 0.86875 0.3687500000000001
0 0.575 0.2484375000000001 0.5359375 0.2484375000000001 0.5359375 0.3437500000000001 0.575 0.3437500000000001
0 0.6296875 0.18750000000000008 0.565625 0.18750000000000008 0.565625 0.3359375000000001 0.6296875 0.3359375000000001
0 0.603125 0.2906250000000001 0.578125 0.2906250000000001 0.578125 0.3359375000000001 0.603125 0.3359375000000001
0 0.6203125 0.2375000000000001 0.5984375 0.2375000000000001 0.5984375 0.3359375000000001 0.6203125 0.3359375000000001
0 0.740625 0.1984375000000001 0.628125 0.1984375000000001 0.628125 0.3531250000000001 0.740625 0.3531250000000001
0 0.7078125 0.2875000000000001 0.628125 0.2875000000000001 0.628125 0.3546875000000001 0.7078125 0.3546875000000001
0 0.7296875 0.1906250000000001 0.6203125 0.1906250000000001 0.6203125 0.33281250000000007 0.7296875 0.33281250000000007
0 0.7078125 0.2890625000000001 0.621875 0.2890625000000001 0.621875 0.3359375000000001 0.7078125 0.3359375000000001
0 0.6265625 0.459375 0.5375 0.459375 0.5375 0.50625 0.6265625 0.50625
0 0.6265625 0.4578125 0.5765625 0.4578125 0.5765625 0.5078125 0.6265625 0.5078125
0 0.5765625 0.4453125 0.5375 0.4453125 0.5375 0.50625 0.5765625 0.50625
0 0.6828125 0.3625000000000001 0.675 0.3625000000000001 0.675 0.43125 0.6828125 0.43125
0 0.6609375 0.24218750000000008 0.6234375 0.24218750000000008 0.6234375 0.26250000000000007 0.6609375 0.26250000000000007
0 0.7296875 0.2406250000000001 0.6859375 0.2406250000000001 0.6859375 0.2890625000000001 0.7296875 0.2890625000000001
0 0.3109375000000001 0.603125 0.2750000000000001 0.603125 0.2750000000000001 0.6671875 0.3109375000000001 0.6671875
0 0.3984375000000001 0.55625 0.2765625000000001 0.55625 0.2765625000000001 0.6515625 0.3984375000000001 0.6515625
0 0.39531250000000007 0.5578125 0.3578125000000001 0.5578125 0.3578125000000001 0.653125 0.39531250000000007 0.653125
0 0.3453125000000001 0.559375 0.30937500000000007 0.559375 0.30937500000000007 0.60625 0.3453125000000001 0.60625
0 0.40937500000000016 0.75625 0.3625000000000001 0.75625 0.3625000000000001 0.8046875 0.40937500000000016 0.8046875
0 0.409375 0.6171875 0.36406250000000007 0.6171875 0.36406250000000007 0.6703125 0.409375 0.6703125
1 0.37968750000000007 0.696875 0.37187500000000007 0.696875 0.37187500000000007 0.7234375 0.37968750000000007 0.7234375
1 0.3906250000000001 0.7 0.3828125000000001 0.7 0.3828125000000001 0.7234375 0.3906250000000001 0.7234375
1 0.4 0.6984375 0.3906250000000001 0.6984375 0.3906250000000001 0.721875 0.4 0.721875
2 0.409375 0.6953125 0.4015625 0.6953125 0.4015625 0.70625 0.409375 0.70625