0 0.28593750000000007 0.19843750000000004 0.225 0.19843750000000004 0.22500000000000003 0.5078125 0.28593750000000007 0.5078125
0 0.29375 0.2328125 0.246875 0.2328125 0.246875 0.296875 0.29375 0.296875
0 0.28593750000000007 0.3 0.25 0.3 0.25000000000000006 0.3796875 0.28593750000000007 0.3796875
0 0.2843750000000001 0.3703125 0.2484375000000001 0.3703125 0.2484375000000001 0.50625 0.2843750000000001 0.50625
0 0.4328125 0.2015625000000001 0.409375 0.2015625000000001 0.409375 0.3609375000000001 0.4328125 0.3609375000000001
0 0.3703125000000001 0.4203125 0.3125000000000001 0.4203125 0.3125000000000001 0.43125 0.3703125000000001 0.43125
0 0.3703125 0.16093750000000004 0.3125 0.16093750000000004 0.3125 0.20312500000000006 0.3703125 0.20312500000000008
1 0.4515625 0.07968750000000005 0.440625 0.07968750000000005 0.440625 0.11093750000000005 0.4515625 0.11093750000000005
1 0.45 0.14375000000000004 0.4375 0.14375000000000004 0.4375 0.17343750000000005 0.45 0.17343750000000005
1 0.4546875 0.3500000000000001 0.446875 0.3500000000000001 0.446875 0.3859375000000001 0.4546875 0.3859375000000001
1 0.453125 0.40625 0.4421875 0.40625 0.4421875 0.4375 0.453125 0.4375
1 0.4515625 0.45 0.4375 0.45 0.4375 0.4875 0.4515625 0.4875
1 0.3343750000000001 0.3921875 0.3281250000000001 0.3921875 0.3281250000000001 0.4171875 0.3343750000000001 0.4171875
1 0.3437500000000001 0.39375 0.3390625000000001 0.39375 0.3390625000000001 0.41875 0.3437500000000001 0.41875
1 0.2546875 0.325 0.2421875 0.325 0.2421875 0.3375 0.2546875 0.3375
1 0.25468750000000007 0.41875 0.2453125000000001 0.41875 0.2453125000000001 0.4265625 0.25468750000000007 0.4265625
1 0.4203125 0.26250000000000007 0.40625 0.26250000000000007 0.40625 0.2734375000000001 0.4203125 0.2734375000000001
0 0.725 0.11093750000000009 0.61875 0.11093750000000009 0.61875 0.2078125000000001 0.725 0.2078125000000001
0 0.7 0.15625000000000008 0.6421875 0.15625000000000008 0.6421875 0.20468750000000008 0.7 0.20468750000000008
0 0.6171875 0.23593750000000008 0.575 0.23593750000000008 0.575 0.3000000000000001 0.6171875 0.3000000000000001
0 0.5765625 0.2078125000000001 0.5421875 0.2078125000000001 0.5421875 0.5125 0.5765625 0.5125
0 0.6 0.3062500000000001 0.575 0.3062500000000001 0.575 0.5125 0.6 0.5125
0 0.621875 0.5109375 0.575 0.5109375 0.575 0.5640625 0.621875 0.5640625
0 0.603125 0.5078125 0.5734375 0.5078125 0.5734375 0.5640625 0.603125 0.5640625
0 0.7234375 0.565625 0.61875 0.565625 0.61875 0.609375 0.7234375 0.609375
0 0.6875 0.3703125000000001 0.6546875 0.3703125000000001 0.6546875 0.3828125000000001 0.6875 0.3828125000000001
0 0.8796875 0.1593750000000001 0.765625 0.1593750000000001 0.765625 0.20468750000000008 0.8796875 0.20468750000000008
0 0.8796875 0.1593750000000001 0.86875 0.1593750000000001 0.86875 0.29375000000000007 0.8796875 0.29375000000000007
0 0.7765625 0.1593750000000001 0.7625 0.1593750000000001 0.7625 0.29375000000000007 0.7765625 0.29375000000000007
0 0.79375 0.15781250000000008 0.7640625 0.15781250000000008 0.7640625 0.23593750000000008 0.79375 0.23593750000000008
0 0.8765625 0.1593750000000001 0.8515625 0.1593750000000001 0.8515625 0.23437500000000008 0.8765625 0.23437500000000008
1 0.8875 0.6062500000000002 0.875 0.6062500000000002 0.875 0.6375000000000002 0.8875 0.6375000000000002
2 0.8671875 0.6515625000000002 0.85625 0.6515625000000002 0.85625 0.6640625000000002 0.8671875 0.6640625000000002
1 0.8796875 0.6421875000000001 0.8671875 0.6421875000000001 0.8671875 0.6703125000000002 0.8796875 0.6703125000000002
1 0.896875 0.6421875000000001 0.8859375 0.6421875000000001 0.8859375 0.6656250000000001 0.896875 0.6656250000000001
1 0.9140625 0.6421875000000001 0.8984375 0.6421875000000001 0.8984375 0.6671875000000002 0.9140625 0.6671875000000002
1 0.90625 0.6812500000000001 0.89375 0.6812500000000001 0.89375 0.7078125000000002 0.90625 0.7078125000000002
1 0.8875 0.6796875000000002 0.8765625 0.6796875000000002 0.8765625 0.7062500000000002 0.8875 0.7062500000000002
1 0.8765625 0.7171875000000002 0.8625 0.7171875000000002 0.8625 0.7453125000000002 0.8765625 0.7453125000000002
1 0.89375 0.7125000000000001 0.8828125 0.7125000000000001 0.8828125 0.7406250000000002 0.89375 0.7406250000000002
2 0.8640625 0.7609375000000002 0.8515625 0.7609375000000002 0.8515625 0.7765625000000002 0.8640625 0.7765625000000002
1 0.8765625 0.7531250000000002 0.8640625 0.7531250000000002 0.8640625 0.7796875000000002 0.8765625 0.7796875000000002
1 0.890625 0.7500000000000002 0.88125 0.7500000000000002 0.88125 0.7796875000000002 0.890625 0.7796875000000002
1 0.90625 0.7500000000000002 0.8921875 0.7500000000000002 0.8921875 0.7796875000000002 0.90625 0.7796875000000002
1 0.890625 0.7906250000000001 0.878125 0.7906250000000001 0.878125 0.8171875 0.890625 0.8171875
1 0.909375 0.7890625000000002 0.896875 0.7890625000000002 0.896875 0.8171875 0.909375 0.8171875
2 0.8015625 0.8359375 0.7890625000000002 0.8359375 0.7890625000000002 0.85 0.8015625 0.85
2 0.8125 0.825 0.8015625 0.825 0.8015625 0.85625 0.8125 0.85625
1 0.8234375 0.8234375 0.809375 0.8234375 0.809375 0.8546875 0.8234375 0.8546875
1 0.8390625 0.825 0.8265625 0.825 0.8265625 0.853125 0.8390625 0.853125
1 0.8546875 0.8265625 0.8390625 0.8265625 0.8390625 0.853125 0.8546875 0.853125
1 0.884375 0.8265625 0.8703125 0.8265625 0.8703125 0.853125 0.884375 0.853125
1 0.9015625 0.825 0.8859375 0.825 0.8859375 0.8546875 0.9015625 0.8546875
2 0.9109375 0.825 0.9 0.825 0.9 0.859375 0.9109375 0.859375
2 0.865625 0.6171875000000002 0.8515625 0.6171875000000002 0.8515625 0.6343750000000001 0.865625 0.6343750000000001
2 0.8640625 0.6875000000000002 0.8515625 0.6875000000000002 0.8515625 0.7046875000000001 0.8640625 0.7046875000000001
2 0.8609375 0.7234375000000002 0.8484375 0.7234375000000002 0.8484375 0.7390625000000002 0.8609375 0.7390625000000002
2 0.8671875 0.7984375000000001 0.85625 0.7984375000000001 0.85625 0.815625 0.8671875 0.815625
1 0.6875 0.3546875000000001 0.68125 0.3546875000000001 0.68125 0.37187500000000007 0.6875 0.37187500000000007
1 0.5765625 0.4125 0.5625 0.4125 0.5625 0.428125 0.5765625 0.428125