0 0.678125 0.36406250000000007 0.646875 0.36406250000000007 0.646875 0.6140625 0.678125 0.6140625
0 0.83125 0.6171875000000001 0.678125 0.6171875 0.678125 0.6765625000000001 0.83125 0.6765625000000002
0 0.61875 0.425 0.5734375 0.425 0.5734375 0.5515625 0.61875 0.5515625
0 0.5750000000000001 0.603125 0.3000000000000001 0.603125 0.3000000000000001 0.728125 0.5750000000000002 0.728125
0 0.578125 0.55625 0.3062500000000001 0.55625 0.3062500000000001 0.68125 0.578125 0.68125
0 0.45625 0.6046875 0.3000000000000001 0.6046875 0.3000000000000001 0.68125 0.45625 0.68125
0 0.4453125 0.60625 0.30156250000000007 0.60625 0.30156250000000007 0.628125 0.4453125 0.628125
0 0.3593750000000001 0.434375 0.34843750000000007 0.434375 0.34843750000000007 0.5453125 0.3593750000000001 0.5453125
0 0.34062500000000007 0.384375 0.3062500000000001 0.384375 0.3062500000000001 0.4265625 0.34062500000000007 0.4265625
0 0.30937500000000007 0.6046875 0.22656250000000008 0.6046875 0.22656250000000008 0.725 0.30937500000000007 0.725
0 0.321875 0.2953125 0.2265625 0.2953125 0.22656250000000006 0.378125 0.3218750000000001 0.378125
2 0.3203125 0.271875 0.3125 0.271875 0.3125 0.28125 0.3203125 0.28125
2 0.2734375 0.2703125 0.2671875 0.2703125 0.2671875 0.28125 0.2734375 0.28125
1 0.3015625 0.271875 0.290625 0.271875 0.290625 0.29375 0.3015625 0.29375
1 0.3125 0.2703125 0.303125 0.2703125 0.303125 0.29375 0.3125 0.29375
1 0.265625 0.2734375 0.25625 0.2734375 0.25625 0.2921875 0.265625 0.2921875
1 0.253125 0.2703125 0.246875 0.2703125 0.246875 0.29375 0.253125 0.29375
1 0.8265625 0.2500000000000001 0.815625 0.2500000000000001 0.815625 0.2718750000000001 0.8265625 0.2718750000000001
1 0.8109375 0.2515625000000001 0.8 0.2515625000000001 0.8 0.2734375000000001 0.8109375 0.2734375000000001
1 0.7984375 0.2515625000000001 0.7921875 0.2515625000000001 0.7921875 0.2718750000000001 0.7984375 0.2718750000000001
2 0.8359375 0.2671875000000001 0.8125 0.2671875000000001 0.8125 0.3031250000000001 0.8359375 0.3031250000000001