0 0.4500000000000002 0.803125 0.07187500000000009 0.803125 0.0718750000000001 0.8234375 0.4500000000000002 0.8234375
0 0.45 0.6125 0.21250000000000008 0.6125 0.21250000000000008 0.6359375 0.45 0.6359375
0 0.14218750000000008 0.709375 0.004687500000000087 0.709375 0.004687500000000088 0.725 0.14218750000000008 0.725
0 0.1859375000000001 0.6109375 0.025000000000000078 0.6109375 0.025000000000000078 0.6390625 0.1859375000000001 0.6390625
0 0.71875 0.64375 0.5875 0.64375 0.5875 0.678125 0.71875 0.678125
0 0.865625 0.3453125000000001 0.8453125 0.3453125000000001 0.8453125 0.5687500000000002 0.865625 0.5687500000000002
0 1 0.7703125000000002 0.9203125 0.7703125000000002 0.9203125 0.7968750000000002 1 0.7968750000000002
0 0.20312500000000008 0.3875 0.17968750000000006 0.3875 0.17968750000000006 0.5203125 0.20312500000000008 0.5203125
0 0.13281250000000006 0.38125 0.11093750000000005 0.38125 0.11093750000000005 0.528125 0.13281250000000006 0.528125
0 0.5390625 0.3828125000000001 0.521875 0.3828125000000001 0.521875 0.53125 0.5390625 0.53125
1 0.55 0.3187500000000001 0.528125 0.3187500000000001 0.528125 0.3671875000000001 0.55 0.3671875000000001
1 0.5703125 0.3234375000000001 0.553125 0.3234375000000001 0.553125 0.37187500000000007 0.5703125 0.37187500000000007
1 0.22968750000000004 0.3234375 0.209375 0.3234375 0.20937500000000003 0.36875 0.2296875000000001 0.36875
1 0.24843750000000003 0.3171875 0.2265625 0.3171875 0.22656250000000006 0.371875 0.2484375000000001 0.371875
1 0.2390625 0.19687500000000005 0.2171875 0.19687500000000005 0.2171875 0.2453125 0.2390625 0.2453125
1 0.253125 0.19218750000000004 0.2328125 0.19218750000000004 0.2328125 0.2421875 0.253125 0.2421875
0 0.7953125 0.3671875000000001 0.7765625 0.3671875000000001 0.7765625 0.5687500000000002 0.7953125 0.5687500000000002
1 0.5484375000000001 0.8171875 0.5234375000000002 0.8171875 0.5234375000000002 0.8796875 0.5484375000000001 0.8796875
1 0.5734375000000002 0.8171875 0.5484375000000001 0.8171875 0.5484375000000001 0.8734375 0.5734375000000002 0.8734375
1 0.5859375000000002 0.8171875 0.5687500000000002 0.8171875 0.5687500000000002 0.86875 0.5859375000000002 0.86875
1 0.621875 0.13281250000000008 0.59375 0.13281250000000008 0.59375 0.1937500000000001 0.621875 0.1937500000000001