1 0.253125 0.02187500000000003 0.2265625 0.021875000000000026 0.2265625 0.06093750000000002 0.253125 0.06093750000000002
1 0.3015625 0.03593750000000003 0.2734375 0.03593750000000003 0.2734375 0.07812500000000004 0.3015625 0.07812500000000004
2 0.3171875 0.046875000000000035 0.3015625 0.046875000000000035 0.3015625 0.06562500000000004 0.3171875 0.06562500000000004
2 0.2640625 0.026562500000000034 0.2515625 0.026562500000000034 0.2515625 0.04531250000000003 0.2640625 0.04531250000000003
0 0.321875 0.12500000000000006 0.265625 0.12500000000000006 0.265625 0.14375000000000004 0.321875 0.14375000000000004
0 0.2421875 0.16406250000000006 0.23125 0.16406250000000006 0.23125 0.296875 0.2421875 0.296875
0 0.2984375 0.3609375 0.2515625 0.3609375 0.2515625 0.38125 0.2984375000000001 0.38125
0 0.6046875 0.4140625 0.2843750000000001 0.4140625 0.2843750000000001 0.434375 0.6046875 0.434375
0 0.603125 0.3593750000000001 0.4109375 0.3593750000000001 0.4109375 0.3812500000000001 0.603125 0.3812500000000001
0 0.6421875 0.1765625000000001 0.628125 0.1765625000000001 0.628125 0.2765625000000001 0.6421875 0.2765625000000001
0 0.78125 0.3593750000000001 0.671875 0.3593750000000001 0.671875 0.3812500000000001 0.78125 0.3812500000000001
0 0.8203125 0.1375000000000001 0.809375 0.1375000000000001 0.809375 0.3218750000000001 0.8203125 0.3218750000000001