0 0.3765625000000001 0.7078125 0.2609375000000001 0.7078125 0.2609375000000001 0.7359375 0.3765625000000001 0.7359375
0 0.2593750000000001 0.609375 0.22031250000000008 0.609375 0.22031250000000008 0.7125 0.2593750000000001 0.7125
0 0.528125 0.509375 0.4328125 0.509375 0.4328125 0.5546875 0.528125 0.5546875
0 0.43125 0.38750000000000007 0.4046875 0.38750000000000007 0.4046875 0.5046875 0.43125 0.5046875
0 0.2593750000000001 0.4046875 0.22812500000000008 0.4046875 0.22812500000000008 0.4953125 0.2593750000000001 0.4953125
0 0.3453125000000001 0.3703125 0.2687500000000001 0.3703125 0.2687500000000001 0.4046875 0.3453125000000001 0.4046875
0 0.4171875 0.6125 0.3921875000000001 0.6125 0.3921875000000001 0.6578125 0.4171875 0.6578125
0 0.4156250000000001 0.6828125 0.3921875000000001 0.6828125 0.3921875000000001 0.7390625 0.4156250000000002 0.7390625
0 0.615625 0.675 0.5828125 0.675 0.5828125 0.7046875 0.615625 0.7046875
0 0.6375 0.6375 0.6140625 0.6375 0.6140625 0.6765625 0.6375 0.6765625
0 0.89375 0.47656250000000017 0.8375 0.47656250000000017 0.8375 0.5062500000000002 0.89375 0.5062500000000002
0 0.896875 0.3078125000000001 0.853125 0.3078125000000001 0.853125 0.3515625000000001 0.896875 0.3515625000000001
0 0.85 0.2578125000000001 0.75625 0.2578125000000001 0.75625 0.30937500000000007 0.85 0.30937500000000007
0 0.80625 0.2890625000000001 0.759375 0.2890625000000001 0.759375 0.30937500000000007 0.80625 0.30937500000000007
0 0.7546875 0.3187500000000001 0.721875 0.3187500000000001 0.721875 0.3750000000000001 0.7546875 0.3750000000000001
0 0.7265625 0.3968750000000001 0.665625 0.3968750000000001 0.665625 0.4359375000000001 0.7265625 0.4359375000000002
0 0.7546875 0.4156250000000001 0.725 0.415625 0.725 0.4640625000000001 0.7546875 0.46406250000000016
0 0.771875 0.46406250000000016 0.7453125 0.46406250000000016 0.7453125 0.5062500000000002 0.771875 0.5062500000000002
0 0.8328125 0.4156250000000002 0.778125 0.4156250000000002 0.778125 0.5078125000000002 0.8328125 0.5078125000000002
0 0.7359375 0.07968750000000009 0.71875 0.07968750000000009 0.71875 0.1984375000000001 0.7359375 0.1984375000000001
0 0.7203125 0.031250000000000076 0.5375 0.03125000000000007 0.5375 0.07656250000000007 0.7203125 0.07656250000000009
0 0.50625 0.2453125000000001 0.45625 0.2453125000000001 0.45625 0.3265625000000001 0.50625 0.3265625000000001
0 0.446875 0.2484375000000001 0.4015625 0.2484375000000001 0.4015625 0.3312500000000001 0.446875 0.3312500000000001
0 0.39375 0.22812500000000005 0.3578125 0.228125 0.3578125 0.30000000000000004 0.39375 0.3000000000000001
1 0.4625 0.14218750000000005 0.45 0.14218750000000005 0.45 0.16250000000000003 0.4625 0.16250000000000003
1 0.471875 0.14531250000000004 0.4609375 0.14531250000000004 0.4609375 0.16562500000000005 0.471875 0.16562500000000005
1 0.478125 0.15156250000000004 0.4671875 0.15156250000000004 0.4671875 0.16875000000000004 0.478125 0.16875000000000004
2 0.5359375 0.11093750000000005 0.5203125 0.11093750000000005 0.5203125 0.13281250000000006 0.5359375 0.13281250000000006
0 0.259375 0.02500000000000003 0.221875 0.025000000000000022 0.221875 0.25 0.259375 0.25
2 0.703125 0.5359375 0.690625 0.5359375 0.690625 0.5578125 0.703125 0.5578125
1 0.721875 0.4734375 0.7171875 0.4734375 0.7171875 0.484375 0.721875 0.484375
1 0.7109375 0.5390625 0.7046875 0.5390625 0.7046875 0.553125 0.7109375 0.553125
1 0.715625 0.5421875 0.7109375 0.5421875 0.7109375 0.5546875 0.715625 0.5546875
1 0.725 0.4734375 0.721875 0.4734375 0.721875 0.4859375 0.725 0.4859375
1 0.7328125 0.4734375000000002 0.7265625 0.4734375000000002 0.7265625 0.48750000000000016 0.7328125 0.48750000000000016
1 0.7375 0.4750000000000002 0.73125 0.4750000000000002 0.73125 0.48750000000000016 0.7375 0.48750000000000016
1 0.746875 0.47656250000000017 0.7390625 0.47656250000000017 0.7390625 0.4906250000000002 0.746875 0.4906250000000002
1 0.80625 0.5046875000000002 0.8015625 0.5046875000000002 0.8015625 0.5171875000000001 0.80625 0.5171875000000001
1 0.8140625 0.5031250000000002 0.8078125 0.5031250000000002 0.8078125 0.5171875000000001 0.8140625 0.5171875000000001
1 0.7921875 0.47656250000000017 0.7875 0.47656250000000017 0.7875 0.4890625000000002 0.7921875 0.4890625000000002
1 0.7984375 0.47656250000000017 0.7921875 0.47656250000000017 0.7921875 0.4906250000000002 0.7984375 0.4906250000000002
1 0.80625 0.4750000000000002 0.8015625 0.4750000000000002 0.8015625 0.4906250000000002 0.80625 0.4906250000000002
1 0.8171875 0.47656250000000017 0.8125 0.47656250000000017 0.8125 0.49218750000000017 0.8171875 0.49218750000000017
1 0.825 0.47656250000000017 0.81875 0.47656250000000017 0.81875 0.49218750000000017 0.825 0.49218750000000017
1 0.803125 0.3578125000000001 0.796875 0.3578125000000001 0.796875 0.3703125000000001 0.803125 0.3703125000000001
1 0.809375 0.3578125000000001 0.803125 0.3578125000000001 0.803125 0.3703125000000001 0.809375 0.3703125000000001
1 0.88125 0.3843750000000001 0.8703125 0.3843750000000001 0.8703125 0.3906250000000001 0.88125 0.3906250000000001
1 0.88125 0.37187500000000007 0.86875 0.37187500000000007 0.86875 0.3765625000000001 0.88125 0.3765625000000001
1 0.8796875 0.3609375000000001 0.8703125 0.3609375000000001 0.8703125 0.37187500000000007 0.8796875 0.37187500000000007
1 0.8625 0.2718750000000001 0.85625 0.2718750000000001 0.85625 0.2875000000000001 0.8625 0.2875000000000001
1 0.86875 0.2687500000000001 0.8609375 0.2687500000000001 0.8609375 0.2812500000000001 0.86875 0.2812500000000001
1 0.78125 0.2734375000000001 0.7765625 0.2734375000000001 0.7765625 0.2875000000000001 0.78125 0.2875000000000001
1 0.7875 0.2750000000000001 0.78125 0.2750000000000001 0.78125 0.2875000000000001 0.7875 0.2875000000000001
1 0.7546875 0.2718750000000001 0.746875 0.2718750000000001 0.746875 0.2828125000000001 0.7546875 0.2828125000000001
1 0.8046875 0.2484375000000001 0.7984375 0.2484375000000001 0.7984375 0.2609375000000001 0.8046875 0.2609375000000001
1 0.809375 0.2500000000000001 0.8046875 0.2500000000000001 0.8046875 0.2609375000000001 0.809375 0.2609375000000001
1 0.8875 0.3125000000000001 0.8796875 0.3125000000000001 0.8796875 0.3187500000000001 0.8875 0.3187500000000001
1 0.8875 0.3375000000000001 0.878125 0.3375000000000001 0.878125 0.3437500000000001 0.8875 0.3437500000000001
1 0.8875 0.3281250000000001 0.878125 0.3281250000000001 0.878125 0.3375000000000001 0.8875 0.3375000000000001
1 0.803125 0.3843750000000001 0.7953125 0.3843750000000001 0.7953125 0.3968750000000001 0.803125 0.3968750000000001
1 0.8078125 0.3843750000000001 0.803125 0.3843750000000001 0.803125 0.3984375000000001 0.8078125 0.3984375000000001
1 0.7484375 0.2656250000000001 0.7390625 0.2656250000000001 0.7390625 0.2750000000000001 0.7484375 0.2750000000000001
1 0.909375 0.4359375000000002 0.8984375 0.4359375000000002 0.8984375 0.45312500000000017 0.909375 0.45312500000000017
1 0.703125 0.3531250000000001 0.6921875 0.3531250000000001 0.6921875 0.3687500000000001 0.703125 0.3687500000000001
1 0.6921875 0.2687500000000001 0.684375 0.2687500000000001 0.684375 0.2828125000000001 0.6921875 0.2828125000000001
2 0.696875 0.2640625000000001 0.690625 0.2640625000000001 0.690625 0.2843750000000001 0.696875 0.2843750000000001
2 0.290625 0.3484375 0.275 0.3484375 0.275 0.3671875 0.2906250000000001 0.3671875
2 0.2796875000000001 0.5578125 0.2484375000000001 0.5578125 0.2484375000000001 0.5921875 0.2796875000000001 0.5921875
1 0.2484375 0.12968750000000004 0.2359375 0.12968750000000004 0.2359375 0.14375000000000004 0.2484375 0.14375000000000004
1 0.246875 0.11406250000000004 0.234375 0.11406250000000004 0.234375 0.12968750000000004 0.246875 0.12968750000000004
1 0.5328125 0.14375000000000004 0.5203125 0.14375000000000004 0.5203125 0.15625000000000006 0.5328125 0.15625000000000006
1 0.5328125 0.13125000000000003 0.5203125 0.13125000000000003 0.5203125 0.14375000000000004 0.5328125 0.14375000000000004
1 0.63125 0.01875000000000008 0.6234375 0.01875000000000008 0.6234375 0.03593750000000008 0.63125 0.03593750000000008
1 0.6390625 0.020312500000000077 0.6328125 0.020312500000000077 0.6328125 0.03593750000000008 0.6390625 0.03593750000000008
1 0.746875 0.11562500000000009 0.734375 0.11562500000000009 0.734375 0.13437500000000008 0.746875 0.13437500000000008
1 0.7453125 0.1468750000000001 0.734375 0.1468750000000001 0.734375 0.1593750000000001 0.7453125 0.1593750000000001
1 0.7453125 0.1359375000000001 0.7328125 0.1359375000000001 0.7328125 0.1453125000000001 0.7453125 0.1453125000000001
1 0.8171875 0.2484375000000001 0.809375 0.2484375000000001 0.809375 0.2640625000000001 0.8171875 0.2640625000000001
1 0.3156250000000001 0.503125 0.3078125000000001 0.503125 0.3078125000000001 0.5265625 0.3156250000000001 0.5265625
1 0.32500000000000007 0.50625 0.3156250000000001 0.50625 0.3156250000000001 0.5265625 0.32500000000000007 0.5265625
1 0.2765625000000001 0.5453125 0.2593750000000001 0.5453125 0.2593750000000001 0.5625 0.2765625000000001 0.5625
1 0.2750000000000001 0.534375 0.2640625000000001 0.534375 0.2640625000000001 0.5453125 0.2750000000000001 0.5453125
1 0.2750000000000001 0.5203125 0.2609375000000001 0.5203125 0.2609375000000001 0.5328125 0.2750000000000001 0.5328125
1 0.2750000000000001 0.50625 0.2609375000000001 0.50625 0.2609375000000001 0.521875 0.2750000000000001 0.521875
1 0.30000000000000004 0.346875 0.290625 0.346875 0.290625 0.3671875 0.3000000000000001 0.3671875
1 0.30781250000000004 0.346875 0.3 0.346875 0.30000000000000004 0.36875 0.3078125000000001 0.36875
1 0.403125 0.4421875 0.3890625000000001 0.4421875 0.3890625000000001 0.4578125 0.403125 0.4578125
1 0.4046875 0.428125 0.3906250000000001 0.428125 0.3906250000000001 0.4421875 0.4046875 0.4421875
1 0.4984375 0.5171875 0.4890625 0.5171875 0.4890625 0.5421875 0.4984375 0.5421875
1 0.475 0.5171875 0.4671875 0.5171875 0.4671875 0.540625 0.475 0.540625
1 0.4859375 0.51875 0.4765625 0.51875 0.4765625 0.5390625 0.4859375 0.5390625
1 0.21093750000000008 0.6484375 0.20312500000000008 0.6484375 0.20312500000000008 0.6640625 0.21093750000000008 0.6640625
1 0.21875000000000008 0.64375 0.21250000000000008 0.64375 0.21250000000000008 0.665625 0.21875000000000008 0.665625
1 0.3140625000000001 0.7375 0.3046875000000001 0.7375 0.3046875000000001 0.75625 0.3140625000000001 0.75625
1 0.3218750000000001 0.7375 0.3125000000000001 0.7375 0.3125000000000001 0.7546875 0.3218750000000001 0.7546875
1 0.3843750000000001 0.63125 0.3765625000000001 0.63125 0.3765625000000001 0.6515625 0.3843750000000001 0.6515625
1 0.3812500000000001 0.6859375 0.3750000000000001 0.6859375 0.3750000000000001 0.703125 0.3812500000000001 0.703125
1 0.39531250000000007 0.6859375 0.3859375000000001 0.6859375 0.3859375000000001 0.703125 0.39531250000000007 0.703125
1 0.5796875 0.61875 0.5734375 0.61875 0.5734375 0.6296875 0.5796875 0.6296875
1 0.571875 0.6140625 0.565625 0.6140625 0.565625 0.621875 0.571875 0.621875
1 0.22656250000000008 0.4453125 0.2078125000000001 0.4453125 0.2078125000000001 0.459375 0.22656250000000008 0.459375
1 0.2234375000000001 0.4296875 0.21093750000000008 0.4296875 0.21093750000000008 0.44375 0.2234375000000001 0.44375
1 0.22656250000000006 0.35625 0.21875 0.35625 0.21875000000000006 0.36875 0.22656250000000008 0.36875
1 0.22656250000000008 0.56875 0.2171875000000001 0.56875 0.2171875000000001 0.5875 0.22656250000000008 0.5875
2 0.23125000000000004 0.3515625 0.225 0.3515625 0.22500000000000003 0.371875 0.2312500000000001 0.371875
1 0.625 0.65 0.615625 0.65 0.615625 0.665625 0.625 0.665625
1 0.5671875 0.609375 0.5609375 0.609375 0.5609375 0.61875 0.5671875 0.61875
1 0.39531250000000007 0.634375 0.38750000000000007 0.634375 0.38750000000000007 0.65 0.39531250000000007 0.65
2 0.2312500000000001 0.5671875 0.2250000000000001 0.5671875 0.2250000000000001 0.5890625 0.2312500000000001 0.5890625
1 0.3296875 0.3484375 0.3234375 0.3484375 0.32343750000000004 0.3671875 0.3296875000000001 0.3671875
1 0.3375 0.353125 0.328125 0.353125 0.32812500000000006 0.3671875 0.3375000000000001 0.3671875
1 0.321875 0.35 0.309375 0.35 0.30937500000000007 0.36875 0.3218750000000001 0.36875