0 0.5859375000000001 0.6734375 0.559375 0.6734375 0.5593750000000001 0.85 0.5859375000000002 0.85
0 0.4296875 0.6546875 0.3968750000000001 0.6546875 0.3968750000000001 0.70625 0.4296875 0.70625
0 0.5 0.6609375 0.4390625 0.6609375 0.4390625 0.6796875 0.5 0.6796875
0 0.3187500000000001 0.675 0.2875000000000001 0.675 0.2875000000000001 0.7078125 0.3187500000000001 0.7078125
0 0.23437500000000008 0.6890625 0.2171875000000001 0.6890625 0.2171875000000001 0.8125 0.23437500000000008 0.8125
0 0.2828125000000001 0.8359375 0.2328125000000001 0.8359375 0.2328125000000001 0.878125 0.2828125000000001 0.878125
0 0.43750000000000017 0.8015625 0.3031250000000001 0.8015625 0.3031250000000001 0.840625 0.43750000000000017 0.840625
0 0.4531250000000001 0.709375 0.4359375 0.709375 0.4359375000000001 0.8 0.45312500000000017 0.8
0 0.5593750000000002 0.84375 0.45312500000000017 0.84375 0.45312500000000017 0.8859375 0.5593750000000002 0.8859375
0 0.4359375000000002 0.8375 0.2750000000000001 0.8375 0.2750000000000001 0.8828125 0.4359375000000002 0.8828125
0 0.2906250000000001 0.6046875 0.2218750000000001 0.6046875 0.2218750000000001 0.6625 0.2906250000000001 0.6625
0 0.3062500000000001 0.603125 0.2562500000000001 0.603125 0.2562500000000001 0.6234375 0.3062500000000001 0.6234375
0 0.27812500000000007 0.71875 0.2500000000000001 0.71875 0.2500000000000001 0.740625 0.27812500000000007 0.740625
1 0.2953125000000001 0.58125 0.2875000000000001 0.58125 0.2875000000000001 0.6 0.2953125000000001 0.6
1 0.3046875000000001 0.58125 0.2953125000000001 0.58125 0.2953125000000001 0.6 0.3046875000000001 0.6
1 0.2296875000000001 0.8140625 0.2171875000000001 0.8140625 0.2171875000000001 0.828125 0.2296875000000001 0.828125
1 0.2640625000000001 0.8453125 0.25468750000000007 0.8453125 0.25468750000000007 0.8640625 0.2640625000000001 0.8640625
1 0.3765625000000001 0.8046875 0.3687500000000001 0.8046875 0.3687500000000001 0.8265625 0.3765625000000001 0.8265625
1 0.3531250000000001 0.8375 0.3468750000000001 0.8375 0.3468750000000001 0.8671875 0.3531250000000001 0.8671875
1 0.21875000000000008 0.7421875 0.20468750000000008 0.7421875 0.20468750000000008 0.7578125 0.21875000000000008 0.7578125
1 0.2218750000000001 0.7375 0.21250000000000008 0.7375 0.21250000000000008 0.7453125 0.2218750000000001 0.7453125
1 0.3109375000000001 0.58125 0.3062500000000001 0.58125 0.3062500000000001 0.590625 0.3109375000000001 0.590625
1 0.2484375000000001 0.6453125 0.24218750000000008 0.6453125 0.24218750000000008 0.6625 0.2484375000000001 0.6625
1 0.2718750000000001 0.6453125 0.26250000000000007 0.6453125 0.26250000000000007 0.6609375 0.2718750000000001 0.6609375
1 0.3125000000000001 0.659375 0.3031250000000001 0.659375 0.3031250000000001 0.6734375 0.3125000000000001 0.6734375
0 0.6984375 0.5296875 0.6453125 0.5296875 0.6453125 0.634375 0.6984375 0.634375
0 0.696875 0.5671875 0.6734375 0.5671875 0.6734375 0.6234375 0.696875 0.6234375
0 0.74375 0.6484375000000001 0.69375 0.6484375 0.69375 0.7187500000000001 0.74375 0.7187500000000002
0 0.746875 0.6468750000000001 0.7171875 0.646875 0.7171875 0.7171875000000001 0.746875 0.7171875000000002
0 0.71875 0.646875 0.69375 0.646875 0.69375 0.71875 0.71875 0.71875
0 0.784375 0.5484375000000001 0.7421875 0.5484375000000001 0.7421875 0.6718750000000002 0.784375 0.6718750000000002
0 0.73125 0.47343750000000007 0.675 0.4734375 0.675 0.5171875000000001 0.73125 0.5171875000000001
0 0.8703125 0.6500000000000001 0.7921875 0.6500000000000001 0.7921875 0.7140625000000002 0.8703125 0.7140625000000002
0 0.90625 0.5171875000000001 0.86875 0.5171875000000001 0.86875 0.6515625000000002 0.90625 0.6515625000000002
0 0.9625 0.6484375000000002 0.9140625 0.6484375000000002 0.9140625 0.7156250000000002 0.9625 0.7156250000000002
0 0.9625 0.6484375000000002 0.9359375 0.6484375000000002 0.9359375 0.7171875000000002 0.9625 0.7171875000000002
0 0.3765625 0.27343750000000006 0.2890625 0.2734375 0.28906250000000006 0.37343750000000003 0.3765625000000001 0.3734375000000001
0 0.4609375 0.2015625000000001 0.3953125 0.2015625000000001 0.3953125 0.29375000000000007 0.4609375 0.29375000000000007
0 0.5953125 0.43125 0.4328125 0.43125 0.4328125 0.4734375 0.5953125 0.4734375
0 0.31875000000000003 0.3515625 0.225 0.3515625 0.22500000000000003 0.3921875 0.3187500000000001 0.3921875
1 0.3312500000000001 0.7296875 0.3187500000000001 0.7296875 0.3187500000000001 0.7453125 0.3312500000000001 0.7453125
1 0.30937500000000007 0.725 0.30156250000000007 0.725 0.30156250000000007 0.740625 0.30937500000000007 0.740625
1 0.3203125000000001 0.7265625 0.30937500000000007 0.7265625 0.30937500000000007 0.7421875 0.3203125000000001 0.7421875
1 0.2562500000000001 0.76875 0.2500000000000001 0.76875 0.2500000000000001 0.7875 0.2562500000000001 0.7875
1 0.44843750000000016 0.7484375 0.43750000000000017 0.7484375 0.43750000000000017 0.7640625 0.44843750000000016 0.7640625
1 0.4921875 0.6421875 0.4828125 0.6421875 0.4828125 0.6625 0.4921875 0.6625
1 0.48125 0.6421875 0.4734375 0.6421875 0.4734375 0.6625 0.48125 0.6625
1 0.4625 0.6453125 0.4546875 0.6453125 0.4546875 0.6609375 0.4625 0.6609375
1 0.5765625000000002 0.7484375 0.5656250000000002 0.7484375 0.5656250000000002 0.771875 0.5765625000000002 0.771875
1 0.5093750000000001 0.853125 0.5000000000000002 0.853125 0.5000000000000002 0.8703125 0.5093750000000001 0.8703125
1 0.7765625 0.6000000000000002 0.7609375 0.6000000000000002 0.7609375 0.6156250000000002 0.7765625 0.6156250000000002
1 0.778125 0.5906250000000002 0.765625 0.5906250000000002 0.765625 0.6031250000000001 0.778125 0.6031250000000001
1 0.7796875 0.5734375000000002 0.7640625 0.5734375000000002 0.7640625 0.5937500000000002 0.7796875 0.5937500000000002
1 0.671875 0.4765625 0.6625 0.4765625 0.6625 0.4984375 0.671875 0.4984375
1 0.6765625 0.46875 0.6671875 0.46875 0.6671875 0.4921875 0.6765625 0.4921875
1 0.3937500000000001 0.5171875 0.3828125000000001 0.5171875 0.3828125000000001 0.534375 0.3937500000000001 0.534375
1 0.36406250000000007 0.5359375 0.35625000000000007 0.5359375 0.35625000000000007 0.55625 0.36406250000000007 0.55625
1 0.3359375000000001 0.528125 0.3234375000000001 0.528125 0.3234375000000001 0.54375 0.3359375000000001 0.54375
1 0.81875 0.4281250000000002 0.8109375 0.4281250000000002 0.8109375 0.45312500000000017 0.81875 0.45312500000000017
1 0.975 0.4312500000000002 0.9640625 0.4312500000000002 0.9640625 0.4546875000000002 0.975 0.4546875000000002
1 0.834375 0.6687500000000002 0.821875 0.6687500000000002 0.821875 0.6953125000000002 0.834375 0.6953125000000002
1 0.728125 0.6765625000000001 0.7125 0.6765625 0.7125 0.6937500000000001 0.728125 0.6937500000000002
1 0.9453125 0.6781250000000002 0.93125 0.6781250000000002 0.93125 0.6953125000000002 0.9453125 0.6953125000000002
1 0.6781250000000002 0.73125 0.6671875000000002 0.73125 0.6671875000000002 0.753125 0.6781250000000002 0.753125
1 0.8265625 0.7281250000000001 0.8140625 0.7281250000000001 0.8140625 0.7531250000000002 0.8265625 0.7531250000000002
1 0.6453125 0.5796875 0.6296875 0.5796875 0.6296875 0.596875 0.6453125 0.596875
1 0.65 0.5671875 0.6390625 0.5671875 0.6390625 0.5828125 0.65 0.5828125
1 0.6796875 0.56875 0.6625 0.56875 0.6625 0.5875 0.6796875 0.5875
2 0.68125 0.4578125 0.6734375 0.4578125 0.6734375 0.46875 0.68125 0.46875
2 0.7703125 0.5640625000000001 0.7625 0.5640625000000001 0.7625 0.5750000000000002 0.7703125 0.5750000000000002