0 0.340625 3.7791834817437855e-17 0.2765625 3.386913803891899e-17 0.2765625 0.2171875 0.340625 0.2171875
0 0.340625 0.00468750000000004 0.30625 0.004687500000000037 0.30625 0.14531250000000004 0.340625 0.14531250000000004
0 0.371875 0.14531250000000004 0.340625 0.14531250000000004 0.340625 0.17812500000000003 0.371875 0.17812500000000003
0 0.6515625 0.037500000000000075 0.6078125 0.037500000000000075 0.6078125 0.1140625000000001 0.6515625 0.1140625000000001
0 0.609375 0.11093750000000006 0.465625 0.11093750000000005 0.465625 0.17812500000000006 0.609375 0.1781250000000001
0 0.7765625 0.1468750000000001 0.7375 0.1468750000000001 0.7375 0.1921875000000001 0.7765625 0.1921875000000001
1 0.2234375 0.296875 0.2140625 0.296875 0.2140625 0.3265625 0.2234375 0.3265625
1 0.403125 0.3656250000000001 0.39531250000000007 0.3656250000000001 0.39531250000000007 0.3812500000000001 0.403125 0.3812500000000001
1 0.44375 0.3671875000000001 0.4359375 0.3671875000000001 0.4359375 0.3812500000000001 0.44375 0.3812500000000001
1 0.4859375 0.36406250000000007 0.478125 0.36406250000000007 0.478125 0.3812500000000001 0.4859375 0.3812500000000001
1 0.528125 0.3656250000000001 0.5203125 0.3656250000000001 0.5203125 0.3828125000000001 0.528125 0.3828125000000001
1 0.5734375 0.36406250000000007 0.5640625 0.36406250000000007 0.5640625 0.3812500000000001 0.5734375 0.3812500000000001
1 0.6140625 0.3656250000000001 0.6078125 0.3656250000000001 0.6078125 0.3812500000000001 0.6140625 0.3812500000000001
1 0.625 0.3656250000000001 0.6140625 0.3656250000000001 0.6140625 0.3812500000000001 0.625 0.3812500000000001
1 0.6625 0.36406250000000007 0.65625 0.36406250000000007 0.65625 0.3812500000000001 0.6625 0.3812500000000001
1 0.6734375 0.36406250000000007 0.6625 0.36406250000000007 0.6625 0.3812500000000001 0.6734375 0.3812500000000001
1 0.709375 0.36406250000000007 0.7046875 0.36406250000000007 0.7046875 0.3812500000000001 0.709375 0.3812500000000001
1 0.7203125 0.36406250000000007 0.709375 0.36406250000000007 0.709375 0.3812500000000001 0.7203125 0.3812500000000001
1 0.7578125 0.36406250000000007 0.7515625 0.36406250000000007 0.7515625 0.3812500000000001 0.7578125 0.3812500000000001
1 0.7671875 0.36406250000000007 0.759375 0.36406250000000007 0.759375 0.3812500000000001 0.7671875 0.3812500000000001
1 0.80625 0.3656250000000001 0.8 0.3656250000000001 0.8 0.3812500000000001 0.80625 0.3812500000000001
1 0.815625 0.3671875000000001 0.80625 0.3671875000000001 0.80625 0.3812500000000001 0.815625 0.3812500000000001
1 0.85625 0.3656250000000001 0.846875 0.3656250000000001 0.846875 0.3812500000000001 0.85625 0.3812500000000001
1 0.8640625 0.36406250000000007 0.8546875 0.36406250000000007 0.8546875 0.3812500000000001 0.8640625 0.3812500000000001
1 0.903125 0.3656250000000001 0.8953125 0.3656250000000001 0.8953125 0.3812500000000001 0.903125 0.3812500000000001
1 0.9109375 0.3656250000000001 0.903125 0.3656250000000001 0.903125 0.3812500000000001 0.9109375 0.3812500000000001
1 0.95 0.36406250000000007 0.9421875 0.36406250000000007 0.9421875 0.3812500000000001 0.95 0.3812500000000001
1 0.959375 0.3656250000000001 0.95 0.3656250000000001 0.95 0.3812500000000001 0.959375 0.3812500000000001
1 0.9484375 0.41718750000000016 0.9390625 0.41718750000000016 0.9390625 0.4343750000000002 0.9484375 0.4343750000000002
1 0.90625 0.41718750000000016 0.8984375 0.41718750000000016 0.8984375 0.4359375000000002 0.90625 0.4359375000000002
1 0.89375 0.4203125000000002 0.8859375 0.4203125000000002 0.8859375 0.4359375000000002 0.89375 0.4359375000000002
1 0.8578125 0.4203125000000002 0.8484375 0.4203125000000002 0.8484375 0.4359375000000002 0.8578125 0.4359375000000002
1 0.846875 0.4187500000000002 0.8390625 0.4187500000000002 0.8390625 0.4343750000000002 0.846875 0.4343750000000002
1 0.7984375 0.4203125000000002 0.790625 0.4203125000000002 0.790625 0.4359375000000002 0.7984375 0.4359375000000002
1 0.809375 0.4203125000000002 0.8015625 0.4203125000000002 0.8015625 0.4343750000000002 0.809375 0.4343750000000002
1 0.7578125 0.4187500000000002 0.7484375 0.4187500000000002 0.7484375 0.4359375000000002 0.7578125 0.4359375000000002
1 0.709375 0.41875 0.7 0.41875 0.7 0.4359375 0.709375 0.4359375
1 0.61875 0.41875 0.6109375 0.41875 0.6109375 0.4359375 0.61875 0.4359375
1 0.60625 0.4203125 0.6 0.4203125 0.6 0.4359375 0.60625 0.4359375
1 0.65 0.4203125 0.64375 0.4203125 0.64375 0.4359375 0.65 0.4359375
1 0.6625 0.4203125 0.6546875 0.4203125 0.6546875 0.4359375 0.6625 0.4359375
1 0.6703125 0.41875 0.6625 0.41875 0.6625 0.4359375 0.6703125 0.4359375
1 0.5765625 0.41875 0.5671875 0.41875 0.5671875 0.4359375 0.5765625 0.4359375
1 0.5671875 0.4203125 0.559375 0.4203125 0.559375 0.434375 0.5671875 0.434375
1 0.5546875 0.41875 0.5484375 0.41875 0.5484375 0.4359375 0.5546875 0.4359375
1 0.521875 0.4171875 0.5140625 0.4171875 0.5140625 0.4359375 0.521875 0.4359375
1 0.484375 0.41875 0.478125 0.41875 0.478125 0.4328125 0.484375 0.4328125
1 0.475 0.41875 0.465625 0.41875 0.465625 0.4359375 0.475 0.4359375
1 0.44375 0.41875 0.4359375 0.41875 0.4359375 0.434375 0.44375 0.434375
1 0.43125 0.4171875 0.4234375 0.4171875 0.4234375 0.434375 0.43125 0.434375
1 0.403125 0.41875 0.3937500000000001 0.41875 0.3937500000000001 0.434375 0.403125 0.434375
1 0.3906250000000001 0.4171875 0.3828125000000001 0.4171875 0.3828125000000001 0.434375 0.3906250000000001 0.434375
1 0.3968750000000001 0.475 0.3890625000000001 0.475 0.3890625000000001 0.490625 0.3968750000000001 0.490625
1 0.4375 0.475 0.428125 0.475 0.428125 0.490625 0.4375 0.490625
1 0.475 0.475 0.46875 0.475 0.46875 0.4890625 0.475 0.4890625
1 0.484375 0.4734375 0.475 0.4734375 0.475 0.490625 0.484375 0.490625
1 0.515625 0.475 0.5109375 0.475 0.5109375 0.490625 0.515625 0.490625
1 0.5265625 0.4734375 0.5171875 0.4734375 0.5171875 0.490625 0.5265625 0.490625
1 0.559375 0.475 0.5546875 0.475 0.5546875 0.490625 0.559375 0.490625
1 0.5703125 0.4734375 0.5625 0.4734375 0.5625 0.490625 0.5703125 0.490625
1 0.609375 0.4734375 0.6 0.4734375 0.6 0.490625 0.609375 0.490625
1 0.6171875 0.475 0.609375 0.475 0.609375 0.490625 0.6171875 0.490625
1 0.65625 0.475 0.6484375 0.475 0.6484375 0.4921875 0.65625 0.4921875
1 0.665625 0.475 0.65625 0.475 0.65625 0.4890625 0.665625 0.4890625
1 0.7046875 0.475 0.6953125 0.475 0.6953125 0.490625 0.7046875 0.490625
1 0.7125 0.4734375 0.7046875 0.4734375 0.7046875 0.490625 0.7125 0.490625
1 0.7515625 0.4734375000000002 0.74375 0.4734375000000002 0.74375 0.4906250000000002 0.7515625 0.4906250000000002
1 0.7609375 0.4734375000000002 0.7515625 0.4734375000000002 0.7515625 0.4890625000000002 0.7609375 0.4890625000000002
1 0.8 0.4734375000000002 0.7921875 0.4734375000000002 0.7921875 0.4890625000000002 0.8 0.4890625000000002
1 0.8078125 0.4734375000000002 0.8 0.4734375000000002 0.8 0.4906250000000002 0.8078125 0.4906250000000002
1 0.8484375 0.4750000000000002 0.840625 0.4750000000000002 0.840625 0.4906250000000002 0.8484375 0.4906250000000002
1 0.85625 0.4734375000000002 0.846875 0.4734375000000002 0.846875 0.4890625000000002 0.85625 0.4890625000000002
1 0.8953125 0.4734375000000002 0.8875 0.4734375000000002 0.8875 0.4906250000000002 0.8953125 0.4906250000000002
1 0.9046875 0.4750000000000002 0.896875 0.4750000000000002 0.896875 0.49218750000000017 0.9046875 0.49218750000000017
1 0.94375 0.4734375000000002 0.9359375 0.4734375000000002 0.9359375 0.4906250000000002 0.94375 0.4906250000000002
1 0.9515625 0.4734375000000002 0.94375 0.4734375000000002 0.94375 0.4906250000000002 0.9515625 0.4906250000000002
1 0.94375 0.5281250000000002 0.9375 0.5281250000000002 0.9375 0.5468750000000002 0.94375 0.5468750000000002
1 0.9515625 0.5296875000000002 0.94375 0.5296875000000002 0.94375 0.5468750000000002 0.9515625 0.5468750000000002
1 0.9421875 0.5843750000000002 0.9375 0.5843750000000002 0.9375 0.6015625000000002 0.9421875 0.6015625000000002
1 0.9515625 0.5828125000000002 0.94375 0.5828125000000002 0.94375 0.6000000000000002 0.9515625 0.6000000000000002
1 0.89375 0.5843750000000002 0.8890625 0.5843750000000002 0.8890625 0.6015625000000002 0.89375 0.6015625000000002
1 0.9046875 0.5828125000000002 0.8953125 0.5828125000000002 0.8953125 0.6000000000000002 0.9046875 0.6000000000000002
1 0.8890625 0.5312500000000002 0.8828125 0.5312500000000002 0.8828125 0.5453125000000002 0.8890625 0.5453125000000002
1 0.8984375 0.5281250000000002 0.890625 0.5281250000000002 0.890625 0.5468750000000002 0.8984375 0.5468750000000002
1 0.909375 0.5296875000000002 0.903125 0.5296875000000002 0.903125 0.5453125000000002 0.909375 0.5453125000000002
1 0.8578125 0.5296875000000002 0.85 0.5296875000000002 0.85 0.5453125000000002 0.8578125 0.5453125000000002
1 0.8453125 0.5281250000000002 0.8375 0.5281250000000002 0.8375 0.5468750000000002 0.8453125 0.5468750000000002
1 0.846875 0.5828125000000002 0.840625 0.5828125000000002 0.840625 0.6000000000000002 0.846875 0.6000000000000002
1 0.8546875 0.5828125000000002 0.8484375 0.5828125000000002 0.8484375 0.6000000000000002 0.8546875 0.6000000000000002
1 0.8046875 0.5296875000000002 0.796875 0.5296875000000002 0.796875 0.5468750000000002 0.8046875 0.5468750000000002
1 0.7984375 0.5843750000000002 0.7921875 0.5843750000000002 0.7921875 0.5984375000000002 0.7984375 0.5984375000000002
1 0.8078125 0.5828125000000002 0.8 0.5828125000000002 0.8 0.6000000000000002 0.8078125 0.6000000000000002
1 0.7625 0.5296875000000002 0.753125 0.5296875000000002 0.753125 0.5468750000000002 0.7625 0.5468750000000002
1 0.7515625 0.5296875000000002 0.7421875 0.5296875000000002 0.7421875 0.5453125000000002 0.7515625 0.5453125000000002
1 0.75 0.5843750000000002 0.7453125 0.5843750000000002 0.7453125 0.6000000000000002 0.75 0.6000000000000002
1 0.7609375 0.5828125000000002 0.7515625 0.5828125000000002 0.7515625 0.6015625000000002 0.7609375 0.6015625000000002
1 0.7078125 0.5296875 0.7 0.5296875 0.7 0.5453125 0.7078125 0.5453125
1 0.703125 0.584375 0.6984375 0.584375 0.6984375 0.6 0.703125 0.6
1 0.7125 0.5828125 0.7046875 0.5828125 0.7046875 0.6015625 0.7125 0.6015625
1 0.665625 0.53125 0.6578125 0.53125 0.6578125 0.546875 0.665625 0.546875
1 0.6546875 0.5296875 0.646875 0.5296875 0.646875 0.5453125 0.6546875 0.5453125
1 0.6609375 0.5828125 0.653125 0.5828125 0.653125 0.5984375 0.6609375 0.5984375
1 0.6125 0.5828125 0.6046875 0.5828125 0.6046875 0.6 0.6125 0.6
1 0.61875 0.528125 0.609375 0.528125 0.609375 0.546875 0.61875 0.546875
1 0.6078125 0.5296875 0.5984375 0.5296875 0.5984375 0.546875 0.6078125 0.546875
1 0.571875 0.528125 0.5640625 0.528125 0.5640625 0.546875 0.571875 0.546875
1 0.559375 0.528125 0.5515625 0.528125 0.5515625 0.5453125 0.559375 0.5453125
1 0.565625 0.584375 0.5578125 0.584375 0.5578125 0.6 0.565625 0.6
1 0.5171875 0.5296875 0.5078125 0.5296875 0.5078125 0.5453125 0.5171875 0.5453125
1 0.528125 0.5296875 0.51875 0.5296875 0.51875 0.546875 0.528125 0.546875
1 0.475 0.5296875 0.465625 0.5296875 0.465625 0.5453125 0.475 0.5453125
1 0.484375 0.528125 0.478125 0.528125 0.478125 0.5453125 0.484375 0.5453125
1 0.44375 0.5296875 0.4359375 0.5296875 0.4359375 0.5453125 0.44375 0.5453125
1 0.4328125 0.5296875 0.421875 0.5296875 0.421875 0.546875 0.4328125 0.546875
1 0.3906250000000001 0.5296875 0.3843750000000001 0.5296875 0.3843750000000001 0.5453125 0.3906250000000001 0.5453125
1 0.403125 0.5296875 0.3921875000000001 0.5296875 0.3921875000000001 0.5453125 0.403125 0.5453125
1 0.3984375000000001 0.5796875 0.38750000000000007 0.5796875 0.38750000000000007 0.6015625 0.3984375000000001 0.6015625
1 0.4328125 0.5828125 0.4234375 0.5828125 0.4234375 0.6015625 0.4328125 0.6015625
1 0.44375 0.5828125 0.434375 0.5828125 0.434375 0.6 0.44375 0.6
1 0.48125 0.584375 0.471875 0.584375 0.471875 0.5984375 0.48125 0.5984375
1 0.5234375 0.584375 0.5140625 0.584375 0.5140625 0.6 0.5234375 0.6
1 0.4359375 0.6390625 0.4296875 0.6390625 0.4296875 0.65625 0.4359375 0.65625
1 0.4453125 0.6390625 0.4375 0.6390625 0.4375 0.6546875 0.4453125 0.6546875
1 0.4796875 0.6390625 0.471875 0.6390625 0.471875 0.6546875 0.4796875 0.6546875
1 0.4890625 0.6390625 0.478125 0.6390625 0.478125 0.6546875 0.4890625 0.6546875
1 0.521875 0.6375 0.5140625 0.6375 0.5140625 0.6546875 0.521875 0.6546875
1 0.53125 0.640625 0.521875 0.640625 0.521875 0.65625 0.53125 0.65625
1 0.565625 0.6390625 0.5578125 0.6390625 0.5578125 0.6546875 0.565625 0.6546875
1 0.5734375 0.6390625 0.5640625 0.6390625 0.5640625 0.6546875 0.5734375 0.6546875
1 0.3921875000000001 0.69375 0.3859375000000001 0.69375 0.3859375000000001 0.7078125 0.3921875000000001 0.7078125
1 0.39531250000000007 0.7484375 0.3890625000000001 0.7484375 0.3890625000000001 0.7640625 0.39531250000000007 0.7640625
1 0.43750000000000017 0.746875 0.42968750000000017 0.746875 0.42968750000000017 0.7640625 0.43750000000000017 0.7640625
1 0.4812500000000002 0.7484375 0.4703125000000002 0.7484375 0.4703125000000002 0.7640625 0.4812500000000002 0.7640625
1 0.5218750000000002 0.7484375 0.5140625000000002 0.7484375 0.5140625000000002 0.7640625 0.5218750000000002 0.7640625
1 0.5609375000000002 0.7484375 0.5531250000000002 0.7484375 0.5531250000000002 0.765625 0.5609375000000002 0.765625
1 0.5703125000000002 0.7484375 0.5609375000000002 0.7484375 0.5609375000000002 0.765625 0.5703125000000002 0.765625
1 0.4 0.6921875 0.3921875000000001 0.6921875 0.3921875000000001 0.709375 0.4 0.709375
1 0.4328125 0.6921875 0.4234375 0.6921875 0.4234375 0.7109375 0.4328125 0.7109375
1 0.440625 0.6921875 0.4328125 0.6921875 0.4328125 0.709375 0.440625 0.709375
1 0.475 0.6921875 0.4671875 0.6921875 0.4671875 0.709375 0.475 0.709375
1 0.484375 0.6921875 0.475 0.6921875 0.475 0.709375 0.484375 0.709375
1 0.5171875 0.690625 0.509375 0.690625 0.509375 0.7078125 0.5171875 0.7078125
1 0.5265625 0.690625 0.5171875 0.690625 0.5171875 0.7078125 0.5265625 0.7078125
1 0.5625 0.6921875 0.5546875 0.6921875 0.5546875 0.709375 0.5625 0.709375
1 0.5703125 0.6921875 0.5625 0.6921875 0.5625 0.709375 0.5703125 0.709375
1 0.609375 0.69375 0.6 0.69375 0.6 0.709375 0.609375 0.709375
1 0.6171875 0.69375 0.6078125 0.69375 0.6078125 0.709375 0.6171875 0.709375
1 0.6062500000000002 0.7484375 0.6015625000000002 0.7484375 0.6015625000000002 0.7640625 0.6062500000000002 0.7640625
1 0.6187500000000001 0.746875 0.6093750000000002 0.746875 0.6093750000000002 0.765625 0.6187500000000001 0.765625
1 0.65625 0.690625 0.646875 0.690625 0.646875 0.709375 0.65625 0.709375
1 0.6640625 0.6921875 0.65625 0.6921875 0.65625 0.709375 0.6640625 0.709375
1 0.6562500000000002 0.7484375 0.6484375000000002 0.7484375 0.6484375000000002 0.765625 0.6562500000000002 0.765625
1 0.6656250000000001 0.7484375 0.6578125000000001 0.7484375 0.6578125000000001 0.765625 0.6656250000000001 0.765625
1 0.7046875 0.6921875 0.696875 0.6921875 0.696875 0.7109375 0.7046875 0.7109375
1 0.7125 0.69375 0.7046875 0.69375 0.7046875 0.7078125 0.7125 0.7078125
1 0.7515625 0.6937500000000002 0.74375 0.6937500000000002 0.74375 0.7093750000000002 0.7515625 0.7093750000000002
1 0.759375 0.6921875000000002 0.7515625 0.6921875000000002 0.7515625 0.7093750000000002 0.759375 0.7093750000000002
1 0.8 0.6921875000000002 0.7921875 0.6921875000000002 0.7921875 0.7109375000000002 0.8 0.7109375000000002
1 0.809375 0.6921875000000002 0.8015625 0.6921875000000002 0.8015625 0.7078125000000002 0.809375 0.7078125000000002
1 0.8484375 0.6921875000000002 0.840625 0.6921875000000002 0.840625 0.7093750000000002 0.8484375 0.7093750000000002
1 0.85625 0.6921875000000002 0.8484375 0.6921875000000002 0.8484375 0.7078125000000002 0.85625 0.7078125000000002
1 0.896875 0.6921875000000002 0.8890625 0.6921875000000002 0.8890625 0.7093750000000002 0.896875 0.7093750000000002
1 0.903125 0.6921875000000002 0.8953125 0.6921875000000002 0.8953125 0.7093750000000002 0.903125 0.7093750000000002
1 0.94375 0.6906250000000002 0.9359375 0.6906250000000002 0.9359375 0.7078125000000002 0.94375 0.7078125000000002
1 0.9515625 0.6921875000000002 0.94375 0.6921875000000002 0.94375 0.7093750000000002 0.9515625 0.7093750000000002
1 0.7046875000000001 0.7484375 0.6968750000000001 0.7484375 0.6968750000000001 0.7640625 0.7046875000000001 0.7640625
1 0.7125000000000001 0.7484375 0.7046875000000001 0.7484375 0.7046875000000001 0.7640625 0.7125000000000001 0.7640625
1 0.7531250000000002 0.7468750000000002 0.7453125000000002 0.7468750000000002 0.7453125000000002 0.7640625000000002 0.7531250000000002 0.7640625000000002
1 0.7609375000000002 0.7484375000000002 0.7531250000000002 0.7484375000000002 0.7531250000000002 0.7656250000000002 0.7609375000000002 0.7656250000000002
1 0.8 0.7484375000000002 0.7921875000000002 0.7484375000000002 0.7921875000000002 0.7640625000000002 0.8 0.7640625000000002
1 0.8078125 0.7468750000000002 0.8 0.7468750000000002 0.8 0.7656250000000002 0.8078125 0.7656250000000002
1 0.846875 0.7468750000000002 0.8390625 0.7468750000000002 0.8390625 0.7640625000000002 0.846875 0.7640625000000002
1 0.85625 0.7468750000000002 0.846875 0.7468750000000002 0.846875 0.7640625000000002 0.85625 0.7640625000000002
1 0.8953125 0.7468750000000002 0.8875 0.7468750000000002 0.8875 0.7640625000000002 0.8953125 0.7640625000000002
1 0.9046875 0.7468750000000002 0.8953125 0.7468750000000002 0.8953125 0.7640625000000002 0.9046875 0.7640625000000002
1 0.94375 0.7484375000000002 0.9359375 0.7484375000000002 0.9359375 0.7640625000000002 0.94375 0.7640625000000002
1 0.9515625 0.7468750000000002 0.94375 0.7468750000000002 0.94375 0.7640625000000002 0.9515625 0.7640625000000002
1 0.940625 0.803125 0.9328125 0.803125 0.9328125 0.81875 0.940625 0.81875
1 0.9453125 0.8015625 0.9390625 0.8015625 0.9390625 0.81875 0.9453125 0.81875
1 0.95625 0.8 0.9484375 0.8 0.9484375 0.8171875 0.95625 0.8171875
1 0.890625 0.803125 0.884375 0.803125 0.884375 0.81875 0.890625 0.81875
1 0.9 0.8015625 0.8921875 0.8015625 0.8921875 0.81875 0.9 0.81875
1 0.909375 0.803125 0.9 0.803125 0.9 0.81875 0.909375 0.81875
1 0.8453125 0.8015625 0.8375 0.8015625 0.8375 0.8171875 0.8453125 0.8171875
1 0.8546875 0.803125 0.8453125 0.803125 0.8453125 0.8203125 0.8546875 0.8203125
1 0.859375 0.8015625 0.853125 0.8015625 0.853125 0.81875 0.859375 0.81875
1 0.7953125000000002 0.8015625 0.7890625000000002 0.8015625 0.7890625000000002 0.8203125 0.7953125000000002 0.8203125
1 0.8046875 0.803125 0.7953125000000002 0.803125 0.7953125000000002 0.81875 0.8046875 0.81875
1 0.8125 0.8 0.8046875 0.8 0.8046875 0.8171875 0.8125 0.8171875
1 0.7484375000000002 0.8015625 0.7406250000000002 0.8015625 0.7406250000000002 0.81875 0.7484375000000002 0.81875
1 0.7562500000000002 0.8015625 0.7468750000000002 0.8015625 0.7468750000000002 0.8171875 0.7562500000000002 0.8171875
1 0.7640625000000002 0.8015625 0.7562500000000002 0.8015625 0.7562500000000002 0.81875 0.7640625000000002 0.81875
1 0.7000000000000002 0.803125 0.6921875000000002 0.803125 0.6921875000000002 0.8171875 0.7000000000000002 0.8171875
1 0.7093750000000002 0.8015625 0.7015625000000002 0.8015625 0.7015625000000002 0.8171875 0.7093750000000002 0.8171875
1 0.7171875000000002 0.8015625 0.7078125000000002 0.8015625 0.7078125000000002 0.81875 0.7171875000000002 0.81875
1 0.6515625000000002 0.8015625 0.6437500000000002 0.8015625 0.6437500000000002 0.81875 0.6515625000000002 0.81875
1 0.6609375000000002 0.8015625 0.6531250000000002 0.8015625 0.6531250000000002 0.81875 0.6609375000000002 0.81875
1 0.6687500000000002 0.8015625 0.6609375000000002 0.8015625 0.6609375000000002 0.81875 0.6687500000000002 0.81875
1 0.3921875000000001 0.8015625 0.3843750000000001 0.8015625 0.3843750000000001 0.81875 0.3921875000000001 0.81875
1 0.40156250000000016 0.8015625 0.3921875000000001 0.8015625 0.3921875000000001 0.8171875 0.40156250000000016 0.8171875
1 0.43281250000000016 0.8 0.42500000000000016 0.8 0.42500000000000016 0.81875 0.43281250000000016 0.81875
1 0.4421875000000002 0.803125 0.43281250000000016 0.803125 0.43281250000000016 0.8171875 0.4421875000000002 0.8171875
1 0.4703125000000002 0.8015625 0.4625000000000002 0.8015625 0.4625000000000002 0.81875 0.4703125000000002 0.81875
1 0.47968750000000016 0.8015625 0.4703125000000002 0.8015625 0.4703125000000002 0.81875 0.47968750000000016 0.81875
1 0.48750000000000016 0.8 0.4781250000000002 0.8 0.4781250000000002 0.81875 0.48750000000000016 0.81875
1 0.5125000000000002 0.8015625 0.5078125000000002 0.8015625 0.5078125000000002 0.8171875 0.5125000000000002 0.8171875
1 0.5218750000000002 0.803125 0.5125000000000002 0.803125 0.5125000000000002 0.81875 0.5218750000000002 0.81875
1 0.5296875000000002 0.8015625 0.5218750000000002 0.8015625 0.5218750000000002 0.81875 0.5296875000000002 0.81875
1 0.5562500000000001 0.8 0.5515625000000002 0.8 0.5515625000000002 0.81875 0.5562500000000001 0.81875
1 0.5656250000000002 0.8015625 0.5578125000000002 0.8015625 0.5578125000000002 0.81875 0.5656250000000002 0.81875
1 0.5750000000000002 0.803125 0.5656250000000002 0.803125 0.5656250000000002 0.81875 0.5750000000000002 0.81875
1 0.6046875000000002 0.803125 0.5968750000000002 0.803125 0.5968750000000002 0.8203125 0.6046875000000002 0.8203125
1 0.6125000000000002 0.8015625 0.6046875000000002 0.8015625 0.6046875000000002 0.81875 0.6125000000000002 0.81875
1 0.6203125000000002 0.803125 0.6125000000000002 0.803125 0.6125000000000002 0.81875 0.6203125000000002 0.81875