0 0.74375 0.4531250000000001 0.7 0.453125 0.7 0.5625000000000001 0.74375 0.5625000000000002
0 0.7015625 0.5625 0.6296875 0.5625 0.6296875 0.6296875 0.7015625 0.6296875
0 0.6046875 0.4703125 0.5453125 0.4703125 0.5453125 0.5484375 0.6046875 0.5484375
0 0.55 0.5578125 0.3937500000000001 0.5578125 0.3937500000000001 0.6203125 0.55 0.6203125
0 0.5484375 0.55 0.4765625 0.55 0.4765625 0.59375 0.5484375 0.59375
0 0.3984375000000001 0.565625 0.2984375000000001 0.565625 0.2984375000000001 0.6203125 0.3984375000000001 0.6203125
0 0.3984375000000001 0.5640625 0.3609375000000001 0.5640625 0.3609375000000001 0.590625 0.3984375000000001 0.590625
0 0.36406250000000007 0.4640625 0.3437500000000001 0.4640625 0.3437500000000001 0.55625 0.36406250000000007 0.55625
1 0.596875 0.5046875 0.578125 0.5046875 0.578125 0.525 0.596875 0.525
1 0.465625 0.575 0.459375 0.575 0.459375 0.596875 0.465625 0.596875
1 0.3296875000000001 0.559375 0.31718750000000007 0.559375 0.31718750000000007 0.578125 0.3296875000000001 0.578125
1 0.515625 0.5578125 0.50625 0.5578125 0.50625 0.5796875 0.515625 0.5796875
1 0.6734375 0.578125 0.6609375 0.578125 0.6609375 0.596875 0.6734375 0.596875
1 0.7296875 0.5046875000000001 0.7203125 0.5046875 0.7203125 0.5203125000000001 0.7296875 0.5203125000000002