0 0.30156250000000007 0.4234375 0.2953125000000001 0.4234375 0.2953125000000001 0.5234375 0.30156250000000007 0.5234375
0 0.40625 0.5515625 0.3265625000000001 0.5515625 0.3265625000000001 0.5640625 0.40625 0.5640625
0 0.5171875 0.38750000000000007 0.453125 0.38750000000000007 0.453125 0.3984375000000001 0.5171875 0.3984375000000001
0 0.30625 0.24375 0.2953125 0.24375 0.2953125 0.2734375 0.30625 0.2734375
0 0.3046875 0.3265625 0.2953125 0.3265625 0.2953125 0.3546875 0.3046875 0.3546875
0 0.32343750000000004 0.3546875 0.303125 0.3546875 0.30312500000000003 0.3640625 0.3234375000000001 0.3640625
0 0.39062500000000006 0.35625000000000007 0.3375 0.35625 0.3375 0.36406250000000007 0.3906250000000001 0.36406250000000007
0 0.421875 0.2312500000000001 0.3921875 0.2312500000000001 0.3921875 0.2734375000000001 0.421875 0.2734375000000001
0 0.3046875 3.702643056797075e-17 0.3 3.6739403974420595e-17 0.3 0.16562500000000005 0.3046875 0.16562500000000005
0 0.28125 3.406048910128576e-17 0.275 3.367778697655221e-17 0.275 0.2734375 0.28125 0.2734375
1 0.325 0.018750000000000037 0.30625 0.018750000000000037 0.30625 0.07343750000000004 0.325 0.07343750000000004
0 0.3296875 3.989669650347237e-17 0.321875 3.941831884755543e-17 0.321875 0.06562500000000004 0.3296875 0.06562500000000004
0 0.3781250000000001 0.778125 0.3421875000000001 0.778125 0.3421875000000001 0.7921875 0.3781250000000001 0.7921875
0 0.30156250000000007 0.853125 0.2921875000000001 0.853125 0.2921875000000001 0.9640625 0.30156250000000007 0.9640625
0 0.46093750000000017 0.85625 0.4546875000000002 0.85625 0.4546875000000002 0.934375 0.46093750000000017 0.934375
0 0.4640625000000001 0.6640625 0.45625 0.6640625 0.4562500000000001 0.853125 0.46406250000000016 0.853125
0 0.4875000000000001 0.659375 0.4796875 0.659375 0.4796875000000001 0.778125 0.48750000000000016 0.778125
0 0.5484375 0.621875 0.50625 0.621875 0.50625 0.6296875 0.5484375 0.6296875
0 0.5890625000000002 0.86875 0.5812500000000002 0.86875 0.5812500000000002 0.934375 0.5890625000000002 0.934375
0 0.5875000000000001 0.9671875 0.5796875000000001 0.9671875 0.5796875000000001 1 0.5875000000000001 1
0 0.5781250000000001 0.671875 0.5671875 0.671875 0.5671875000000001 0.76875 0.5781250000000002 0.76875
0 0.578125 0.6234375 0.56875 0.6234375 0.56875 0.6546875 0.578125 0.6546875
0 0.7796875000000002 0.8625 0.7718750000000002 0.8625 0.7718750000000002 1 0.7796875000000002 1
0 0.7796875000000002 0.7468750000000002 0.7734375000000002 0.7468750000000002 0.7734375000000002 0.853125 0.7796875000000002 0.853125
0 0.7828125000000001 0.6875000000000002 0.7734375 0.6875000000000002 0.7734375000000001 0.7328125000000002 0.7828125000000001 0.7328125000000002
0 0.7859375 0.6187500000000001 0.7734375 0.6187500000000001 0.7734375 0.6562500000000002 0.7859375 0.6562500000000002
0 0.7125 0.6203125 0.66875 0.6203125 0.66875 0.63125 0.7125 0.63125
0 0.7140625000000002 0.80625 0.6609375000000002 0.80625 0.6609375000000002 0.8203125 0.7140625000000002 0.8203125
0 0.6921875 0.2218750000000001 0.6125 0.2218750000000001 0.6125 0.23437500000000008 0.6921875 0.23437500000000008
0 0.7234375 0.09375000000000008 0.7125 0.09375000000000008 0.7125 0.1906250000000001 0.7234375 0.1906250000000001
0 0.7125 0.2671875000000001 0.6421875 0.2671875000000001 0.6421875 0.2765625000000001 0.7125 0.2765625000000001
0 0.80625 0.0750000000000001 0.7359375 0.0750000000000001 0.7359375 0.08437500000000009 0.80625 0.08437500000000009
0 0.621875 0.3218750000000001 0.6125 0.3218750000000001 0.6125 0.37187500000000007 0.621875 0.37187500000000007
0 0.37187500000000007 0.8125 0.3453125000000001 0.8125 0.3453125000000001 0.825 0.37187500000000007 0.825
1 0.5703125000000001 0.7140625 0.5578125 0.7140625 0.5578125 0.7515625 0.5703125000000002 0.7515625
1 0.5796875000000001 0.884375 0.5671875000000002 0.884375 0.5671875000000002 0.915625 0.5796875000000001 0.915625
1 0.5515625 0.018750000000000065 0.534375 0.018750000000000065 0.534375 0.03750000000000007 0.5515625 0.03750000000000007
1 0.4390625 0.2484375000000001 0.4234375 0.2484375000000001 0.4234375 0.2687500000000001 0.4390625 0.2687500000000001
1 0.3765625 0.33593750000000006 0.35 0.3359375 0.35 0.35625000000000007 0.3765625 0.35625000000000007
1 0.54375 0.5609375 0.5265625 0.5609375 0.5265625 0.5859375 0.54375 0.5859375
0 0.7234375 8.802148868871601e-17 0.7140625 8.744743550161569e-17 0.7140625 0.04843750000000009 0.7234375 0.04843750000000009
0 0.3828125 0.08750000000000005 0.353125 0.08750000000000005 0.353125 0.09687500000000004 0.3828125 0.09687500000000004
2 0.4484375 0.2484375000000001 0.4390625 0.2484375000000001 0.4390625 0.2609375000000001 0.4484375 0.2609375000000001
2 0.5375 0.5984375 0.5203125 0.5984375 0.5203125 0.621875 0.5375 0.621875
2 0.5671875 0.7015625 0.55625 0.7015625 0.55625 0.7140625 0.5671875 0.7140625