0 0.5484375 0.22968750000000004 0.3625 0.2296875 0.3625 0.290625 0.5484375 0.2906250000000001
0 0.36562500000000003 0.28750000000000003 0.30625 0.2875 0.30625 0.39843750000000006 0.3656250000000001 0.3984375000000001
0 0.3640625 0.26406250000000003 0.3359375 0.2640625 0.3359375 0.3453125 0.3640625 0.3453125000000001
0 0.4953125 0.3046875000000001 0.471875 0.3046875000000001 0.471875 0.3843750000000001 0.4953125 0.3843750000000001
0 0.403125 0.2984375000000001 0.38125 0.2984375000000001 0.38125 0.3578125000000001 0.403125 0.3578125000000001
0 0.68125 0.3062500000000001 0.6578125 0.3062500000000001 0.6578125 0.3750000000000001 0.68125 0.3750000000000001
0 0.3625000000000001 0.5328125 0.3046875000000001 0.5328125 0.3046875000000001 0.7671875 0.3625000000000001 0.7671875
0 0.3984375000000001 0.5359375 0.3109375000000001 0.5359375 0.3109375000000001 0.5609375 0.3984375000000001 0.5609375
0 0.39531250000000007 0.7375 0.3078125000000001 0.7375 0.3078125000000001 0.775 0.39531250000000007 0.775
0 0.48125 0.615625 0.4296875 0.615625 0.4296875 0.6921875 0.48125 0.6921875
1 0.3359375 0.2703125 0.3203125 0.2703125 0.3203125 0.2828125 0.3359375 0.2828125
1 0.3375 0.2546875 0.321875 0.2546875 0.321875 0.2703125 0.3375 0.2703125
1 0.3296875 0.24375 0.3203125 0.24375 0.3203125 0.25625 0.3296875 0.25625