0 0.33281250000000007 0.10468750000000002 0.159375 0.1046875 0.15937500000000004 0.6640625 0.33281250000000007 0.6640625
0 0.33437500000000003 0.2359375 0.2109375 0.2359375 0.21093750000000006 0.6640625 0.3343750000000001 0.6640625
0 0.2921875 2.7267526387265288e-17 0.153125 1.8752404111943846e-17 0.153125 0.11875000000000002 0.2921875 0.11875000000000005
0 0.45781250000000007 0.6609375 0.3312500000000001 0.6609375 0.3312500000000001 0.7453125 0.4578125000000002 0.7453125
0 0.29375000000000007 0.7921875 0.2218750000000001 0.7921875 0.2218750000000001 0.9953125 0.29375000000000007 0.9953125
0 0.3281250000000001 0.471875 0.2593750000000001 0.471875 0.2593750000000001 0.640625 0.3281250000000001 0.640625
0 0.5484375 0.11875000000000006 0.459375 0.11875000000000005 0.459375 0.17656250000000007 0.5484375 0.1765625000000001
0 0.5296875 0.20312500000000008 0.4578125 0.20312500000000008 0.4578125 0.2515625000000001 0.5296875 0.2515625000000001
0 0.5328125 0.4234375 0.459375 0.4234375 0.459375 0.4703125 0.5328125 0.4703125
0 0.528125 0.6421875 0.4640625 0.6421875 0.4640625 0.7140625 0.528125 0.7140625
0 0.6140625 0.018750000000000072 0.5265625 0.018750000000000065 0.5265625 0.05468750000000007 0.6140625 0.05468750000000007
0 0.784375 9.261391418551857e-17 0.728125 8.916959506291665e-17 0.728125 0.09531250000000009 0.784375 0.09531250000000009
0 0.5390625 0.08750000000000006 0.496875 0.08750000000000006 0.496875 0.11093750000000005 0.5390625 0.11093750000000005
1 0.2734375000000001 0.5046875 0.24375000000000008 0.5046875 0.24375000000000008 0.5234375 0.2734375000000001 0.5234375
1 0.2687500000000001 0.4734375 0.2406250000000001 0.4734375 0.2406250000000001 0.5015625 0.2687500000000001 0.5015625
1 0.2687500000000001 0.5625 0.2468750000000001 0.5625 0.2468750000000001 0.59375 0.2687500000000001 0.59375
1 0.5875 7.079989307570636e-17 0.56875 6.965178670150572e-17 0.56875 0.03593750000000007 0.5875 0.03593750000000007
1 0.609375 7.328745688647442e-17 0.5875 7.1947999449907e-17 0.5875 0.035937500000000074 0.609375 0.03593750000000008