0 0.275 2.803293063673238e-17 0.1828125 2.2388074296912548e-17 0.1828125 0.05156250000000003 0.275 0.051562500000000046
0 0.3515625 0.050000000000000044 0.278125 0.050000000000000044 0.278125 0.08593750000000004 0.3515625 0.08593750000000004
0 0.5734375 0.12656250000000008 0.5140625 0.12656250000000005 0.5140625 0.2375000000000001 0.5734375 0.2375000000000001
0 0.5609375 0.27812500000000007 0.2421875 0.278125 0.24218750000000006 0.39062500000000006 0.5609375 0.3906250000000001
0 0.4984375 0.2328125000000001 0.4484375 0.2328125000000001 0.4484375 0.3359375000000001 0.4984375 0.3359375000000001
0 0.559375 0.23437500000000008 0.50625 0.23437500000000008 0.50625 0.3281250000000001 0.559375 0.3281250000000001
0 0.24375000000000005 0.28125 0.209375 0.28125 0.20937500000000003 0.3890625 0.24375000000000008 0.3890625
0 0.27343750000000006 0.278125 0.24375 0.278125 0.24375000000000005 0.390625 0.2734375000000001 0.390625
0 0.34375 4.0662100752939466e-17 0.3203125 3.922696778518866e-17 0.3203125 0.042187500000000044 0.34375 0.042187500000000044
0 0.765625 0.08125000000000009 0.7046875 0.08125000000000009 0.7046875 0.2718750000000001 0.765625 0.2718750000000001
0 0.8828125 0.2718750000000001 0.7671875 0.2718750000000001 0.7671875 0.3625000000000001 0.8828125 0.3625000000000001
0 0.3750000000000001 0.5578125 0.2375000000000001 0.5578125 0.2375000000000001 0.6828125 0.3750000000000001 0.6828125
0 0.3531250000000001 0.6203125 0.3062500000000001 0.6203125 0.3062500000000001 0.684375 0.3531250000000001 0.684375
0 0.4359375000000001 0.6171875 0.3687500000000001 0.6171875 0.3687500000000001 0.746875 0.4359375000000002 0.746875
0 0.4125000000000002 0.728125 0.37968750000000007 0.728125 0.37968750000000007 0.8109375 0.4125000000000002 0.8109375
0 0.3984375000000001 0.778125 0.3812500000000001 0.778125 0.3812500000000001 0.8109375 0.3984375000000001 0.8109375
0 0.6203125000000002 0.7453125 0.5359375000000002 0.7453125 0.5359375000000002 0.9953125 0.6203125000000002 0.9953125
0 0.5765625000000002 0.7890625 0.5359375000000002 0.7890625 0.5359375000000002 0.9875 0.5765625000000002 0.9875
0 0.5765625000000002 0.7875 0.4343750000000002 0.7875 0.4343750000000002 0.8140625 0.5765625000000002 0.8140625
0 0.6187500000000001 0.7421875 0.43281250000000016 0.7421875 0.43281250000000016 0.7890625 0.6187500000000001 0.7890625
0 0.3671875000000001 0.9203125 0.12500000000000014 0.9203125 0.12500000000000014 0.9796875 0.3671875000000001 0.9796875
0 0.43281250000000016 0.9203125 0.3125000000000001 0.9203125 0.3125000000000001 1 0.43281250000000016 1
1 0.4187500000000002 0.9484375 0.40156250000000016 0.9484375 0.40156250000000016 0.984375 0.4187500000000002 0.984375
1 0.43281250000000016 0.9546875 0.4203125000000002 0.9546875 0.4203125000000002 0.984375 0.43281250000000016 0.984375
2 0.571875 0.2687500000000001 0.559375 0.2687500000000001 0.559375 0.28593750000000007 0.571875 0.28593750000000007
2 0.58125 0.2609375000000001 0.5671875 0.2609375000000001 0.5671875 0.3000000000000001 0.58125 0.3000000000000001
2 0.6562500000000002 0.915625 0.6421875000000001 0.915625 0.6421875000000001 0.934375 0.6562500000000002 0.934375
2 0.6578125000000001 0.89375 0.6453125000000002 0.89375 0.6453125000000002 0.915625 0.6578125000000001 0.915625
0 0.7078125000000002 0.8265625 0.6718750000000002 0.8265625 0.6718750000000002 0.9828125 0.7078125000000002 0.9828125
0 0.953125 0.7968750000000002 0.9234375 0.7968750000000002 0.9234375 0.975 0.953125 0.975
0 0.8703125 0.6187500000000001 0.8015625 0.6187500000000001 0.8015625 0.7968750000000002 0.8703125 0.7968750000000002
0 0.83125 0.6187500000000001 0.796875 0.6187500000000001 0.7968750000000001 0.7515625000000001 0.83125 0.7515625000000001
0 0.86875 0.6234375000000002 0.8328125 0.6234375000000002 0.8328125 0.7984375000000001 0.86875 0.7984375000000001
2 0.6640625000000002 0.8796875 0.6406250000000002 0.8796875 0.6406250000000002 0.8953125 0.6640625000000002 0.8953125