1 0.3109375 0.18906250000000005 0.3 0.18906250000000005 0.3 0.225 0.3109375 0.225
1 0.534375 0.503125 0.51875 0.503125 0.51875 0.54375 0.534375 0.54375
1 0.3156250000000001 0.45625 0.2875000000000001 0.45625 0.2875000000000001 0.475 0.3156250000000001 0.475
1 0.3546875000000001 0.53125 0.3421875000000001 0.53125 0.3421875000000001 0.5515625 0.3546875000000001 0.5515625
1 0.3203125000000001 0.65 0.2828125000000001 0.65 0.2828125000000001 0.665625 0.3203125000000001 0.665625
1 0.2687500000000001 0.7046875 0.2515625000000001 0.7046875 0.2515625000000001 0.753125 0.2687500000000001 0.753125
1 0.3359375000000001 0.746875 0.3265625000000001 0.746875 0.3265625000000001 0.7625 0.3359375000000001 0.7625
0 0.3437500000000001 0.6828125 0.3343750000000001 0.6828125 0.3343750000000001 0.8296875 0.3437500000000001 0.8296875
1 0.3546875000000001 0.796875 0.34062500000000007 0.796875 0.34062500000000007 0.821875 0.3546875000000001 0.821875
1 0.4859375000000002 0.803125 0.46875000000000017 0.803125 0.46875000000000017 0.8234375 0.4859375000000002 0.8234375
1 0.603125 0.675 0.590625 0.675 0.590625 0.690625 0.603125 0.690625
1 0.74375 0.6515625 0.725 0.6515625 0.725 0.6703125000000001 0.74375 0.6703125000000002
1 0.7875000000000001 0.7046875000000001 0.7734375 0.7046875000000001 0.7734375000000001 0.7406250000000002 0.7875000000000002 0.7406250000000002
1 0.6828125000000002 0.83125 0.6687500000000002 0.83125 0.6687500000000002 0.8671875 0.6828125000000002 0.8671875
1 0.5906250000000002 0.803125 0.5546875000000002 0.803125 0.5546875000000002 0.821875 0.5906250000000002 0.821875
0 0.4703125000000002 0.903125 0.4312500000000002 0.903125 0.4312500000000002 0.95 0.4703125000000002 0.95
1 0.4468750000000002 0.9171875 0.43281250000000016 0.9171875 0.43281250000000016 0.9359375 0.4468750000000002 0.9359375
0 0.2656250000000001 0.940625 0.2375000000000001 0.940625 0.2375000000000001 0.9984375 0.2656250000000001 0.9984375
2 0.2812500000000001 0.8921875 0.2484375000000001 0.8921875 0.2484375000000001 0.9359375 0.2812500000000001 0.9359375
0 0.4687500000000001 0.7171875 0.38750000000000007 0.7171875 0.38750000000000007 0.734375 0.46875000000000017 0.734375
0 0.3593750000000001 0.678125 0.3515625000000001 0.678125 0.3515625000000001 0.928125 0.3593750000000001 0.928125
0 0.3625000000000001 0.934375 0.3531250000000001 0.934375 0.3531250000000001 0.9734375 0.3625000000000001 0.9734375
0 0.32500000000000007 0.6359375 0.2812500000000001 0.6359375 0.2812500000000001 0.646875 0.32500000000000007 0.646875
0 0.2765625000000001 0.6609375 0.2640625000000001 0.6609375 0.2640625000000001 0.7078125 0.2765625000000001 0.7078125
0 0.3390625000000001 0.446875 0.2656250000000001 0.446875 0.2656250000000001 0.4578125 0.3390625000000001 0.4578125
0 0.3593750000000001 0.496875 0.3531250000000001 0.496875 0.3531250000000001 0.5890625 0.3593750000000001 0.5890625
0 0.4671875 0.490625 0.3859375000000001 0.490625 0.3859375000000001 0.5 0.4671875 0.5
0 0.453125 0.56875 0.4046875 0.56875 0.4046875 0.5796875 0.453125 0.5796875
0 0.703125 0.415625 0.540625 0.415625 0.540625 0.428125 0.703125 0.428125
0 0.540625 0.49375 0.53125 0.49375 0.53125 0.5640625 0.540625 0.5640625
0 0.7015625 0.6453125 0.5421875 0.6453125 0.5421875 0.6515625 0.7015625 0.6515625
0 0.7640625 0.64375 0.703125 0.64375 0.703125 0.6531250000000001 0.7640625 0.6531250000000002
0 0.65 0.665625 0.5421875 0.665625 0.5421875 0.671875 0.65 0.671875
0 0.7937500000000001 0.6937500000000002 0.7828125 0.6937500000000002 0.7828125000000001 0.7640625000000002 0.7937500000000002 0.7640625000000002
0 0.5406250000000001 0.69375 0.53125 0.69375 0.5312500000000001 0.7640625 0.5406250000000001 0.7640625
0 0.6015625000000002 0.7953125 0.5296875000000002 0.7953125 0.5296875000000002 0.8015625 0.6015625000000002 0.8015625
1 0.7796875000000002 0.7734375000000001 0.7046875000000001 0.7734375 0.7046875000000001 0.784375 0.7796875000000002 0.7843750000000002
0 0.6890625000000001 0.821875 0.6812500000000001 0.821875 0.6812500000000001 0.89375 0.6890625000000001 0.89375
0 0.7984375000000001 0.91875 0.7031250000000002 0.91875 0.7031250000000002 0.928125 0.7984375000000001 0.928125
0 0.6906250000000002 0.971875 0.6796875000000002 0.971875 0.6796875000000002 0.9984375 0.6906250000000002 0.9984375
0 0.4890625000000002 0.9546875 0.47968750000000016 0.9546875 0.47968750000000016 0.9921875 0.4890625000000002 0.9921875
0 0.5 0.33281250000000007 0.33125 0.3328125 0.33125 0.34375000000000006 0.5 0.3437500000000001
0 0.3921875000000001 0.9609375 0.3578125000000001 0.9609375 0.3578125000000001 1 0.3921875000000001 1
0 0.31875 0.17968750000000006 0.309375 0.17968750000000006 0.309375 0.2453125 0.31875 0.2453125