0 0.6171875 0.11718750000000008 0.565625 0.11718750000000008 0.565625 0.21250000000000008 0.6171875 0.21250000000000008
0 0.4125 0.19843750000000004 0.328125 0.19843750000000004 0.32812500000000006 0.6421875 0.4125 0.6421875
0 0.44375 0.3359375000000001 0.41875 0.3359375000000001 0.41875 0.64375 0.44375 0.64375
0 0.5359375 0.6421875 0.446875 0.6421875 0.446875 0.7234375 0.5359375 0.7234375
0 0.8015625 0.4531250000000001 0.646875 0.453125 0.646875 0.5531250000000001 0.8015625 0.5531250000000002
0 0.6515625 0.26250000000000007 0.6 0.26250000000000007 0.6 0.4546875 0.6515625 0.4546875
2 0.5609375 0.4359375 0.534375 0.4359375 0.534375 0.5546875 0.5609375 0.5546875
2 0.6125 0.007812500000000075 0.603125 0.007812500000000075 0.603125 0.12500000000000008 0.6125 0.12500000000000008
1 0.5875 0.040625000000000064 0.5796875 0.040625000000000064 0.5796875 0.056250000000000064 0.5875 0.056250000000000064
1 0.5921875 0.03281250000000007 0.5796875 0.032812500000000064 0.5796875 0.045312500000000075 0.5921875 0.045312500000000075
1 0.590625 0.02500000000000007 0.578125 0.025000000000000067 0.578125 0.03281250000000007 0.590625 0.03281250000000008
1 0.5890625 0.012500000000000072 0.5796875 0.012500000000000072 0.5796875 0.025000000000000067 0.5890625 0.025000000000000067
1 0.7078125 0.5046875 0.6984375 0.5046875 0.6984375 0.5296875 0.7078125 0.5296875
1 0.73125 0.503125 0.7203125 0.503125 0.7203125 0.5312500000000001 0.73125 0.5312500000000002
1 0.7390625 0.5031250000000002 0.73125 0.5031250000000002 0.73125 0.5328125000000001 0.7390625 0.5328125000000001
1 0.5015625 0.66875 0.490625 0.66875 0.490625 0.684375 0.5015625 0.684375
1 0.5078125 0.6703125 0.5 0.6703125 0.5 0.6875 0.5078125 0.6875
1 0.55 0.515625 0.5375 0.515625 0.5375 0.5296875 0.55 0.5296875
1 0.603125 0.3531250000000001 0.5859375 0.3531250000000001 0.5859375 0.3703125000000001 0.603125 0.3703125000000001
1 0.603125 0.34062500000000007 0.5828125 0.34062500000000007 0.5828125 0.3515625000000001 0.603125 0.3515625000000001
1 0.4078125 0.20468750000000008 0.3953125 0.20468750000000008 0.3953125 0.22812500000000008 0.4078125 0.22812500000000008
1 0.41875 0.20468750000000008 0.40625 0.20468750000000008 0.40625 0.2296875000000001 0.41875 0.2296875000000001
1 0.4734375 0.678125 0.4671875 0.678125 0.4671875 0.7015625 0.4734375 0.7015625
1 0.4796875 0.68125 0.471875 0.68125 0.471875 0.7 0.4796875 0.7
1 0.6593750000000002 0.8015625 0.6484375000000002 0.8015625 0.6484375000000002 0.825 0.6593750000000002 0.825
1 0.6593750000000002 0.834375 0.6500000000000001 0.834375 0.6500000000000001 0.859375 0.6593750000000002 0.859375
1 0.8015625 0.83125 0.7875000000000002 0.83125 0.7875000000000002 0.859375 0.8015625 0.859375
1 0.7718750000000002 0.834375 0.7656250000000002 0.834375 0.7656250000000002 0.8546875 0.7718750000000002 0.8546875
1 0.7781250000000002 0.834375 0.7687500000000002 0.834375 0.7687500000000002 0.85625 0.7781250000000002 0.85625
1 0.809375 0.98125 0.7984375000000001 0.98125 0.7984375000000001 1 0.809375 1
1 0.8203125 0.9828125 0.8109375 0.9828125 0.8109375 1 0.8203125 1
2 0.6234375000000002 0.9671875 0.6109375000000001 0.9671875 0.6109375000000001 0.9921875 0.6234375000000002 0.9921875
1 0.6343750000000001 0.9609375 0.6218750000000002 0.9609375 0.6218750000000002 0.9921875 0.6343750000000001 0.9921875
1 0.6484375000000002 0.9609375 0.6343750000000001 0.9609375 0.6343750000000001 0.990625 0.6484375000000002 0.990625
1 0.6031250000000001 0.95625 0.5937500000000002 0.95625 0.5937500000000002 0.9953125 0.6031250000000001 0.9953125
1 0.6109375000000001 0.9625 0.5984375000000002 0.9625 0.5984375000000002 0.9921875 0.6109375000000001 0.9921875
2 0.7421875000000002 0.84375 0.7359375000000001 0.84375 0.7359375000000001 0.859375 0.7421875000000002 0.859375
1 0.7562500000000002 0.834375 0.7468750000000002 0.834375 0.7468750000000002 0.8578125 0.7562500000000002 0.8578125