0 0.9203125 0.4062500000000001 0.49375 0.40625 0.49375 0.51875 0.9203125 0.5187500000000002
0 0.996875 0.4078125000000002 0.915625 0.4078125000000002 0.915625 0.4671875000000002 0.996875 0.4671875000000002
0 0.8984375 0.4078125000000002 0.853125 0.4078125000000002 0.853125 0.47968750000000016 0.8984375 0.47968750000000016
0 0.99375 0.10312500000000013 0.9234375 0.10312500000000013 0.9234375 0.40156250000000016 0.99375 0.40156250000000016
2 0.66875 0.02968750000000007 0.584375 0.029687500000000068 0.584375 0.11250000000000009 0.66875 0.11250000000000009
0 0.8390625 0.0531250000000001 0.7421875 0.05312500000000009 0.7421875 0.10937500000000008 0.8390625 0.10937500000000008
1 0.8328125 0.0250000000000001 0.8125 0.0250000000000001 0.8125 0.0515625000000001 0.8328125 0.05156250000000011
1 0.634375 0.02656250000000008 0.6171875 0.02656250000000008 0.6171875 0.04375000000000008 0.634375 0.04375000000000008
1 0.471875 0.48125 0.453125 0.48125 0.453125 0.5140625 0.471875 0.5140625
1 0.4656250000000002 0.921875 0.4437500000000002 0.921875 0.4437500000000002 0.9515625 0.4656250000000002 0.9515625
0 0.91875 0.8765625 0.49218750000000017 0.8765625 0.49218750000000017 0.9453125 0.91875 0.9453125
1 0.7062500000000002 0.890625 0.6937500000000002 0.890625 0.6937500000000002 0.9234375 0.7062500000000002 0.9234375
1 0.7218750000000002 0.8890625 0.7046875000000001 0.8890625 0.7046875000000001 0.9203125 0.7218750000000002 0.9203125
0 0.9984375 0.5703125000000002 0.9203125 0.5703125000000002 0.9203125 0.8734375 0.9984375 0.8734375
1 0.9765625 0.7609375000000002 0.9546875 0.7609375000000002 0.9546875 0.7859375000000002 0.9765625 0.7859375000000002
1 0.9765625 0.7468750000000002 0.95625 0.7468750000000002 0.95625 0.7625000000000002 0.9765625 0.7625000000000002
1 0.978125 0.7250000000000002 0.95625 0.7250000000000002 0.95625 0.7453125000000002 0.978125 0.7453125000000002
1 0.975 0.6953125000000002 0.95625 0.6953125000000002 0.95625 0.7093750000000002 0.975 0.7093750000000002
1 0.9765625 0.6718750000000002 0.9546875 0.6718750000000002 0.9546875 0.6921875000000002 0.9765625 0.6921875000000002