0 0.31718750000000007 0.14531250000000004 0.296875 0.14531250000000004 0.29687500000000006 0.578125 0.31718750000000007 0.578125
0 0.025000000000000057 0.3828125 0.0046875000000000475 0.3828125 0.004687500000000059 0.575 0.025000000000000067 0.575
0 0.2015625000000001 0.7078125 0.12656250000000008 0.7078125 0.12656250000000008 0.7328125 0.2015625000000001 0.7328125
0 0.3781250000000001 0.76875 0.3625000000000001 0.76875 0.3625000000000001 0.9765625 0.3781250000000001 0.9765625
0 0.3203125000000001 0.79375 0.3062500000000001 0.79375 0.3062500000000001 0.95 0.3203125000000001 0.95
1 0.2484375000000001 0.6015625 0.2390625000000001 0.6015625 0.2390625000000001 0.6359375 0.2484375000000001 0.6359375
1 0.2484375000000001 0.6546875 0.2375000000000001 0.6546875 0.2375000000000001 0.684375 0.2484375000000001 0.684375
1 0.2500000000000001 0.7078125 0.23593750000000008 0.7078125 0.23593750000000008 0.74375 0.2500000000000001 0.74375
1 0.28593750000000007 0.603125 0.2734375000000001 0.603125 0.2734375000000001 0.63125 0.28593750000000007 0.63125
1 0.3046875000000001 0.5953125 0.2890625000000001 0.5953125 0.2890625000000001 0.6328125 0.3046875000000001 0.6328125
1 0.2828125000000001 0.659375 0.2734375000000001 0.659375 0.2734375000000001 0.6828125 0.2828125000000001 0.6828125
1 0.3140625000000001 0.6515625 0.2906250000000001 0.6515625 0.2906250000000001 0.6859375 0.3140625000000001 0.6859375
1 0.28593750000000007 0.7109375 0.2734375000000001 0.7109375 0.2734375000000001 0.7421875 0.28593750000000007 0.7421875
1 0.3078125000000001 0.7109375 0.2875000000000001 0.7109375 0.2875000000000001 0.7375 0.3078125000000001 0.7375
1 0.34843750000000007 0.3953125 0.3218750000000001 0.3953125 0.3218750000000001 0.4234375 0.34843750000000007 0.4234375
1 0.38750000000000007 0.39687500000000003 0.3578125000000001 0.396875 0.3578125000000001 0.428125 0.38750000000000007 0.428125
1 0.421875 0.3937500000000001 0.3937500000000001 0.3937500000000001 0.3937500000000001 0.425 0.421875 0.425
1 0.459375 0.3937500000000001 0.43125 0.3937500000000001 0.43125 0.4265625 0.459375 0.4265625
1 0.4953125 0.39531250000000007 0.465625 0.39531250000000007 0.465625 0.428125 0.4953125 0.428125
1 0.5453125 0.3890625000000001 0.5046875 0.3890625000000001 0.5046875 0.421875 0.5453125 0.421875
1 0.63125 0.3906250000000001 0.5953125 0.3906250000000001 0.5953125 0.4265625 0.63125 0.4265625