0 0.15312500000000004 0.2109375 2.583239341951448e-17 0.2109375 3.147724975933431e-17 0.303125 0.15312500000000004 0.303125
1 0.12031250000000002 0.1625 0.07343750000000002 0.1625 0.07343750000000002 0.21875 0.12031250000000004 0.21875
0 0.6 0.3390625000000001 0.440625 0.3390625000000001 0.440625 0.3687500000000001 0.6 0.3687500000000001
1 0.525 0.29375000000000007 0.4875 0.29375000000000007 0.4875 0.3531250000000001 0.525 0.3531250000000001
0 0.02812500000000006 0.35625 0.009375000000000045 0.35625 0.009375000000000062 0.65 0.028125000000000077 0.65
0 0.16406250000000008 0.7953125 0.05937500000000009 0.7953125 0.0593750000000001 0.8203125 0.16406250000000008 0.8203125
0 0.6218750000000002 0.790625 0.1703125000000001 0.790625 0.1703125000000001 0.81875 0.6218750000000002 0.81875
0 0.6218750000000001 0.7046875 0.30156250000000007 0.7046875 0.30156250000000007 0.73125 0.6218750000000002 0.73125
0 0.703125 0.39531250000000007 0.6859375 0.39531250000000007 0.6859375 0.6171875 0.703125 0.6171875
0 0.6953125 0.3390625000000001 0.621875 0.3390625000000001 0.621875 0.3687500000000001 0.6953125 0.3687500000000001
0 0.24218750000000008 0.6171875 0.1671875000000001 0.6171875 0.1671875000000001 0.7125 0.24218750000000008 0.7125
0 1 0.8 0.7859375000000002 0.8 0.7859375000000002 0.825 1 0.825