0 0.69375 0.04375000000000008 0.571875 0.04375000000000007 0.571875 0.1437500000000001 0.69375 0.1437500000000001
0 0.6359375 0.06562500000000007 0.5703125 0.06562500000000007 0.5703125 0.11875000000000009 0.6359375 0.11875000000000009
0 0.5765625 0.14218750000000008 0.4375 0.14218750000000005 0.4375 0.2671875000000001 0.5765625 0.2671875000000001
0 0.575 0.14062500000000006 0.471875 0.14062500000000006 0.471875 0.2218750000000001 0.575 0.2218750000000001
0 0.575 0.12031250000000007 0.4984375 0.12031250000000004 0.4984375 0.2171875000000001 0.575 0.2171875000000001
0 0.471875 0.12656250000000005 0.4328125 0.12656250000000005 0.4328125 0.2671875000000001 0.471875 0.2671875000000001
0 0.4765625 0.012500000000000058 0.4359375 0.012500000000000056 0.4359375 0.046875000000000056 0.4765625 0.046875000000000056
0 0.471875 0.015625000000000056 0.4359375 0.015625000000000056 0.4359375 0.05781250000000006 0.471875 0.057812500000000065
0 0.6953125 0.0015625000000000753 0.53125 0.0015625000000000651 0.53125 0.06718750000000008 0.6953125 0.0671875000000001
0 0.4375 0.05625000000000004 0.3578125 0.05625000000000004 0.3578125 0.13125000000000003 0.4375 0.13125000000000003
0 0.4375 0.05625000000000004 0.3625 0.05625000000000004 0.3625 0.08593750000000004 0.4375 0.08593750000000004
0 0.4375 0.10312500000000005 0.3609375 0.10312500000000005 0.3609375 0.12812500000000004 0.4375 0.12812500000000004
0 0.609375 0.3312500000000001 0.4640625 0.3312500000000001 0.4640625 0.4484375 0.609375 0.4484375
0 0.6140625 0.484375 0.5703125 0.484375 0.5703125 0.5765625 0.6140625 0.5765625
1 0.4515625 0.014062500000000056 0.446875 0.014062500000000056 0.446875 0.026562500000000055 0.4515625 0.026562500000000055
1 0.359375 0.09218750000000005 0.3546875 0.09218750000000005 0.3546875 0.10312500000000005 0.359375 0.10312500000000005
1 0.3640625 0.08906250000000004 0.359375 0.08906250000000004 0.359375 0.10312500000000005 0.3640625 0.10312500000000005
1 0.45625 0.014062500000000056 0.4515625 0.014062500000000056 0.4515625 0.025000000000000057 0.45625 0.025000000000000057
1 0.4796875 0.20312500000000008 0.475 0.20312500000000008 0.475 0.2156250000000001 0.4796875 0.2156250000000001
1 0.484375 0.2015625000000001 0.478125 0.2015625000000001 0.478125 0.2156250000000001 0.484375 0.2156250000000001
1 0.4875 0.2500000000000001 0.4828125 0.2500000000000001 0.4828125 0.2656250000000001 0.4875 0.2656250000000001
1 0.4921875 0.2515625000000001 0.4875 0.2515625000000001 0.4875 0.2640625000000001 0.4921875 0.2640625000000001
1 0.51875 0.16875000000000004 0.515625 0.16875000000000004 0.515625 0.18125000000000005 0.51875 0.18125000000000005
1 0.525 0.16875000000000004 0.51875 0.16875000000000004 0.51875 0.18281250000000004 0.525 0.18281250000000004
1 0.6234375 0.08593750000000007 0.6203125 0.08593750000000007 0.6203125 0.09843750000000007 0.6234375 0.09843750000000007
1 0.6296875 0.08437500000000006 0.625 0.08437500000000006 0.625 0.09843750000000007 0.6296875 0.09843750000000007
1 0.69375 0.08593750000000008 0.6859375 0.08593750000000008 0.6859375 0.10156250000000008 0.69375 0.10156250000000008
1 0.6875 0.08593750000000008 0.68125 0.08593750000000008 0.68125 0.10156250000000008 0.6875 0.10156250000000008
1 0.6046875 0.3765625000000001 0.6 0.3765625000000001 0.6 0.3921875000000001 0.6046875 0.3921875000000001
1 0.609375 0.3781250000000001 0.6046875 0.3781250000000001 0.6046875 0.3921875000000001 0.609375 0.3921875000000001
1 0.5921875 0.51875 0.5890625 0.51875 0.5890625 0.534375 0.5921875 0.534375
1 0.5984375 0.51875 0.59375 0.51875 0.59375 0.534375 0.5984375 0.534375
1 0.428125 0.3937500000000001 0.425 0.3937500000000001 0.425 0.409375 0.428125 0.409375
1 0.4328125 0.3968750000000001 0.428125 0.3968750000000001 0.428125 0.409375 0.4328125 0.409375
1 0.4375 0.3968750000000001 0.4328125 0.3968750000000001 0.4328125 0.4078125 0.4375 0.4078125