0 0.515625 0.15937500000000004 0.4515625 0.15937500000000004 0.4515625 0.17187500000000006 0.515625 0.17187500000000006
0 0.55625 0.017187500000000067 0.5484375 0.017187500000000067 0.5484375 0.11718750000000008 0.55625 0.11718750000000008
0 0.69375 0.1546875000000001 0.6046875 0.1546875000000001 0.6046875 0.16562500000000008 0.69375 0.16562500000000008
0 0.7484375 0.12656250000000008 0.7109375 0.12656250000000008 0.7109375 0.14062500000000008 0.7484375 0.14062500000000008
0 0.403125 0.18125000000000005 0.2875 0.18125000000000005 0.2875 0.19062500000000004 0.403125 0.19062500000000004
0 0.403125 0.14062500000000006 0.3328125 0.14062500000000006 0.3328125 0.15000000000000005 0.403125 0.15000000000000005
0 0.4453125 0.039062500000000056 0.4390625 0.039062500000000056 0.4390625 0.09531250000000005 0.4453125 0.09531250000000005
0 0.3171875 0.03750000000000003 0.309375 0.03750000000000003 0.309375 0.09218750000000005 0.3171875 0.09218750000000005
0 0.2828125 0.17968750000000006 0.259375 0.17968750000000006 0.259375 0.19218750000000004 0.2828125 0.19218750000000004
0 0.684375 0.12656250000000008 0.66875 0.12656250000000008 0.66875 0.1390625000000001 0.684375 0.1390625000000001
2 0.3 0.13437500000000005 0.2859375 0.13437500000000005 0.2859375 0.16250000000000003 0.3 0.16250000000000003
1 0.3125 0.12812500000000004 0.3 0.12812500000000004 0.3 0.15468750000000003 0.3125 0.15468750000000003
1 0.3265625000000001 0.4109375 0.3125000000000001 0.4109375 0.3125000000000001 0.4359375 0.3265625000000001 0.4359375
1 0.3265625000000001 0.3765625 0.3109375000000001 0.3765625 0.3109375000000001 0.4015625 0.3265625000000001 0.4015625
1 0.3281250000000001 0.4765625 0.3125000000000001 0.4765625 0.3125000000000001 0.5078125 0.3281250000000001 0.5078125
1 0.3296875000000001 0.44375 0.3109375000000001 0.44375 0.3109375000000001 0.46875 0.3296875000000001 0.46875
1 0.3281250000000001 0.6546875 0.3078125000000001 0.6546875 0.3078125000000001 0.68125 0.3281250000000001 0.68125
1 0.3281250000000001 0.6203125 0.3078125000000001 0.6203125 0.3078125000000001 0.6453125 0.3281250000000001 0.6453125
1 0.3312500000000001 0.5859375 0.3078125000000001 0.5859375 0.3078125000000001 0.6125 0.3312500000000001 0.6125
1 0.3312500000000001 0.55 0.3109375000000001 0.55 0.3109375000000001 0.578125 0.3312500000000001 0.578125
1 0.3265625000000001 0.51875 0.30937500000000007 0.51875 0.30937500000000007 0.540625 0.3265625000000001 0.540625
1 0.3296875000000001 0.690625 0.3078125000000001 0.690625 0.3078125000000001 0.7171875 0.3296875000000001 0.7171875
1 0.3296875000000001 0.7609375 0.30937500000000007 0.7609375 0.30937500000000007 0.784375 0.3296875000000001 0.784375
1 0.3281250000000001 0.7265625 0.3078125000000001 0.7265625 0.3078125000000001 0.7515625 0.3281250000000001 0.7515625
1 0.409375 0.3765625000000001 0.39531250000000007 0.3765625000000001 0.39531250000000007 0.4 0.409375 0.4
1 0.4203125 0.409375 0.3859375000000001 0.409375 0.3859375000000001 0.4375 0.4203125 0.4375
1 0.4140625 0.4453125 0.3906250000000001 0.4453125 0.3906250000000001 0.4734375 0.4140625 0.4734375
1 0.41875 0.48125 0.3859375000000001 0.48125 0.3859375000000001 0.5078125 0.41875 0.5078125
1 0.4078125 0.5328125 0.3937500000000001 0.5328125 0.3937500000000001 0.5609375 0.4078125 0.5609375
1 0.4125 0.61875 0.38750000000000007 0.61875 0.38750000000000007 0.65 0.4125 0.65
1 0.4078125000000001 0.7078125 0.39531250000000007 0.7078125 0.39531250000000007 0.7359375 0.4078125000000002 0.7359375
1 0.4125000000000002 0.7609375 0.3906250000000001 0.7609375 0.3906250000000001 0.7875 0.4125000000000002 0.7875
1 0.471875 0.4109375 0.4546875 0.4109375 0.4546875 0.4375 0.471875 0.4375
1 0.4796875 0.459375 0.4453125 0.459375 0.4453125 0.490625 0.4796875 0.490625
1 0.471875 0.58125 0.45 0.58125 0.45 0.6234375 0.471875 0.6234375
1 0.4656250000000002 0.7265625 0.45625000000000016 0.7265625 0.45625000000000016 0.753125 0.4656250000000002 0.753125
1 0.5328125000000001 0.7609375 0.5109375000000002 0.7609375 0.5109375000000002 0.7875 0.5328125000000001 0.7875
1 0.53125 0.37187500000000007 0.5109375 0.37187500000000007 0.5109375 0.3984375000000001 0.53125 0.3984375000000001
1 0.53125 0.44375 0.5140625 0.44375 0.5140625 0.46875 0.53125 0.46875
1 0.5328125 0.4109375 0.5125 0.4109375 0.5125 0.434375 0.5328125 0.434375
1 0.5296875 0.5828125 0.509375 0.5828125 0.509375 0.6109375 0.5296875 0.6109375
1 0.534375 0.5515625 0.509375 0.5515625 0.509375 0.5765625 0.534375 0.5765625
1 0.534375 0.515625 0.5109375 0.515625 0.5109375 0.5421875 0.534375 0.5421875
1 0.5296875 0.4796875 0.509375 0.4796875 0.509375 0.5078125 0.5296875 0.5078125
1 0.5328125 0.621875 0.509375 0.621875 0.509375 0.6484375 0.5328125 0.6484375
1 0.5312500000000001 0.7234375 0.5125 0.7234375 0.5125000000000001 0.75625 0.5312500000000002 0.75625
1 0.53125 0.6890625 0.5109375 0.6890625 0.5109375 0.7140625 0.53125 0.7140625
1 0.5296875 0.6546875 0.509375 0.6546875 0.509375 0.6828125 0.5296875 0.6828125
1 0.5953125 0.4421875 0.5671875 0.4421875 0.5671875 0.4703125 0.5953125 0.4703125
1 0.596875 0.409375 0.56875 0.409375 0.56875 0.434375 0.596875 0.434375
1 0.596875 0.3750000000000001 0.571875 0.3750000000000001 0.571875 0.4015625 0.596875 0.4015625
1 0.6 0.5125 0.5640625 0.5125 0.5640625 0.5421875 0.6 0.5421875
1 0.603125 0.4796875 0.5671875 0.4796875 0.5671875 0.5078125 0.603125 0.5078125
1 0.6015625 0.58125 0.565625 0.58125 0.565625 0.6125 0.6015625 0.6125
1 0.6 0.5515625 0.5640625 0.5515625 0.5640625 0.578125 0.6 0.578125
1 0.5953125 0.6546875 0.5640625 0.6546875 0.5640625 0.6859375 0.5953125 0.6859375
1 0.596875 0.621875 0.5671875 0.621875 0.5671875 0.646875 0.596875 0.646875
1 0.596875 0.7234375 0.5640625 0.7234375 0.5640625000000001 0.7546875 0.5968750000000002 0.7546875
1 0.6 0.6921875 0.565625 0.6921875 0.565625 0.7171875 0.6 0.7171875
1 0.5953125000000001 0.7609375 0.5656250000000002 0.7609375 0.5656250000000002 0.7875 0.5953125000000001 0.7875
1 0.6609375 0.6890625 0.6265625 0.6890625 0.6265625 0.715625 0.6609375 0.715625
1 0.659375 0.653125 0.625 0.653125 0.625 0.6828125 0.659375 0.6828125
1 0.6609375 0.6171875 0.6296875 0.6171875 0.6296875 0.6453125 0.6609375 0.6453125
1 0.659375 0.584375 0.625 0.584375 0.625 0.6125 0.659375 0.6125
1 0.6578125 0.55 0.625 0.55 0.625 0.58125 0.6578125 0.58125
1 0.6578125 0.5140625 0.625 0.5140625 0.625 0.5421875 0.6578125 0.5421875
1 0.6578125 0.478125 0.628125 0.478125 0.628125 0.5046875 0.6578125 0.5046875
1 0.65625 0.4421875 0.6265625 0.4421875 0.6265625 0.471875 0.65625 0.471875
1 0.653125 0.4078125 0.628125 0.4078125 0.628125 0.4390625 0.653125 0.4390625
1 0.6578125 0.3765625000000001 0.628125 0.3765625000000001 0.628125 0.4015625 0.6578125 0.4015625
1 0.6578125000000001 0.725 0.6265625 0.725 0.6265625000000001 0.75 0.6578125000000001 0.75
1 0.6578125000000001 0.7609375 0.6281250000000002 0.7609375 0.6281250000000002 0.7890625 0.6578125000000001 0.7890625
1 0.7171875 0.3734375000000001 0.6890625 0.3734375000000001 0.6890625 0.4015625 0.7171875 0.4015625
1 0.715625 0.409375 0.6859375 0.409375 0.6859375 0.434375 0.715625 0.434375
1 0.7203125 0.4453125 0.6859375 0.4453125 0.6859375 0.4734375 0.7203125 0.4734375
1 0.7140625 0.4953125 0.6859375 0.4953125 0.6859375 0.5265625 0.7140625 0.5265625
1 0.7171875 0.5859375 0.6875 0.5859375 0.6875 0.609375 0.7171875 0.609375
1 0.7125 0.6890625 0.6875 0.6890625 0.6875 0.7171875 0.7125 0.7171875
1 0.7156250000000002 0.7609375 0.6875000000000002 0.7609375 0.6875000000000002 0.7875 0.7156250000000002 0.7875
1 0.7796875000000002 0.7625000000000002 0.7484375000000002 0.7625000000000002 0.7484375000000002 0.7875000000000002 0.7796875000000002 0.7875000000000002
1 0.7734375 0.6890625000000001 0.7453125 0.6890625000000001 0.7453125 0.7156250000000002 0.7734375 0.7156250000000002
1 0.7765625 0.5796875000000001 0.746875 0.5796875000000001 0.746875 0.6156250000000002 0.7765625 0.6156250000000002
1 0.775 0.4968750000000002 0.7484375 0.4968750000000002 0.7484375 0.5281250000000002 0.775 0.5281250000000002
1 0.7765625 0.4265625000000002 0.746875 0.4265625000000002 0.746875 0.4546875000000002 0.7765625 0.4546875000000002
1 0.7765625 0.3765625000000001 0.7484375 0.3765625000000001 0.7484375 0.4031250000000002 0.7765625 0.4031250000000002
2 0.4484375 0.0046875000000000545 0.428125 0.004687500000000053 0.428125 0.03437500000000006 0.4484375 0.03437500000000006