0 0.3828125 0.2093750000000001 0.375 0.2093750000000001 0.375 0.28593750000000007 0.3828125 0.28593750000000007
0 0.2953125 0.21875 0.2828125 0.21875 0.2828125 0.275 0.2953125 0.275
0 0.58125 0.1859375000000001 0.5578125 0.1859375000000001 0.5578125 0.2000000000000001 0.58125 0.2000000000000001
0 0.6515625 0.1828125000000001 0.60625 0.1828125000000001 0.60625 0.1984375000000001 0.6515625 0.1984375000000001
0 0.34062500000000007 0.4453125 0.3281250000000001 0.4453125 0.3281250000000001 0.5671875 0.34062500000000007 0.5671875
0 0.2296875000000001 0.578125 0.1671875000000001 0.578125 0.1671875000000001 0.590625 0.2296875000000001 0.590625
0 0.2218750000000001 0.434375 0.15937500000000004 0.434375 0.15937500000000004 0.4484375 0.2218750000000001 0.4484375
1 0.15468750000000003 0.4765625 0.14062500000000006 0.4765625 0.14062500000000006 0.5203125 0.15468750000000003 0.5203125
0 0.15937500000000004 0.465625 0.15312500000000004 0.465625 0.15312500000000004 0.5296875 0.15937500000000004 0.5296875
0 0.571875 0.4375 0.559375 0.4375 0.559375 0.49375 0.571875 0.49375
0 0.5765625 0.5140625 0.559375 0.5140625 0.559375 0.5484375 0.5765625 0.5484375
0 0.675 0.5765625 0.5828125 0.5765625 0.5828125 0.5875 0.675 0.5875
0 0.7484375 0.45625000000000016 0.7359375 0.45625000000000016 0.7359375 0.5625000000000002 0.7484375 0.5625000000000002
0 0.7109375 0.2171875000000001 0.6984375 0.2171875000000001 0.6984375 0.2656250000000001 0.7109375 0.2656250000000001
0 0.234375 0.17812500000000003 0.1421875 0.178125 0.14218750000000002 0.19062500000000002 0.234375 0.19062500000000004
2 0.17968750000000006 0.28125 0.14218750000000005 0.28125 0.14218750000000005 0.3140625 0.17968750000000006 0.3140625
2 0.5890625 0.2765625000000001 0.559375 0.2765625000000001 0.559375 0.3031250000000001 0.5890625 0.3031250000000001
1 0.6140625 0.2796875000000001 0.596875 0.2796875000000001 0.596875 0.2984375000000001 0.6140625 0.2984375000000001
1 0.6390625 0.1750000000000001 0.61875 0.1750000000000001 0.61875 0.18906250000000008 0.6390625 0.18906250000000008
1 0.375 0.23906250000000004 0.359375 0.2390625 0.359375 0.26406250000000003 0.375 0.2640625000000001
1 0.2203125 0.15937500000000004 0.196875 0.15937500000000004 0.196875 0.17968750000000006 0.2203125 0.17968750000000006
1 0.19687500000000005 0.290625 0.17656250000000004 0.290625 0.17656250000000004 0.3140625 0.19687500000000005 0.3140625
1 0.2484375000000001 0.4203125 0.2218750000000001 0.4203125 0.2218750000000001 0.4390625 0.2484375000000001 0.4390625
1 0.2531250000000001 0.5625 0.22656250000000008 0.5625 0.22656250000000008 0.5828125 0.2531250000000001 0.5828125
1 0.17812500000000006 0.5234375 0.16250000000000003 0.5234375 0.16250000000000006 0.5671875 0.1781250000000001 0.5671875
1 0.6640625 0.428125 0.634375 0.428125 0.634375 0.45 0.6640625 0.45
1 0.5640625 0.5421875 0.521875 0.5421875 0.521875 0.5625 0.5640625 0.5625
1 0.6703125 0.5609375 0.6390625 0.5609375 0.6390625 0.5765625 0.6703125 0.5765625
0 0.2765625000000001 0.746875 0.18125000000000008 0.746875 0.18125000000000008 0.7609375 0.2765625000000001 0.7609375
1 0.26250000000000007 0.7375 0.23437500000000008 0.7375 0.23437500000000008 0.753125 0.26250000000000007 0.753125
1 0.1828125000000001 0.76875 0.16406250000000008 0.76875 0.16406250000000008 0.8140625 0.1828125000000001 0.8140625
1 0.14218750000000008 0.815625 0.12343750000000009 0.815625 0.12343750000000009 0.8515625 0.14218750000000008 0.8515625
1 0.2578125000000001 0.8640625 0.2296875000000001 0.8640625 0.2296875000000001 0.9 0.2578125000000001 0.9
1 0.5593750000000002 0.796875 0.5437500000000002 0.796875 0.5437500000000002 0.83125 0.5593750000000002 0.83125
1 0.6000000000000002 0.765625 0.5859375000000002 0.765625 0.5859375000000002 0.803125 0.6000000000000002 0.803125
0 0.6984375000000002 0.740625 0.5968750000000002 0.740625 0.5968750000000002 0.7546875 0.6984375000000002 0.7546875
1 0.6984375000000002 0.7265625 0.6515625000000002 0.7265625 0.6515625000000002 0.74375 0.6984375000000002 0.74375
0 0.6859375000000002 0.928125 0.5921875000000002 0.928125 0.5921875000000002 0.9390625 0.6859375000000002 0.9390625
1 0.6828125000000002 0.915625 0.6515625000000002 0.915625 0.6515625000000002 0.93125 0.6828125000000002 0.93125
0 0.6906250000000002 0.8984375 0.5906250000000002 0.8984375 0.5906250000000002 0.9109375 0.6906250000000002 0.9109375
1 0.6937500000000002 0.8875 0.6468750000000002 0.8875 0.6468750000000002 0.903125 0.6937500000000002 0.903125
1 0.7656250000000002 0.7734375000000002 0.7578125000000002 0.7734375000000002 0.7578125000000002 0.875 0.7656250000000002 0.875
0 0.6359375 0.4453125 0.5796875 0.4453125 0.5796875 0.4578125 0.6359375 0.4578125
0 0.3500000000000001 0.7765625 0.3375000000000001 0.7765625 0.3375000000000001 0.896875 0.3500000000000001 0.896875
0 0.1859375000000001 0.78125 0.1765625000000001 0.78125 0.1765625000000001 0.86875 0.1859375000000001 0.86875