0 0.3421875 0.3046875 0.2984375 0.3046875 0.2984375 0.3234375 0.3421875 0.3234375
0 0.5796875 0.30468750000000006 0.3484375 0.3046875 0.3484375 0.321875 0.5796875 0.3218750000000001
0 0.7671875 0.3062500000000001 0.6796875 0.3062500000000001 0.6796875 0.3218750000000001 0.7671875 0.3218750000000001
0 0.6171875 0.11718750000000008 0.6015625 0.11718750000000008 0.6015625 0.20312500000000008 0.6171875 0.20312500000000008
1 0.4625 0.2687500000000001 0.4421875 0.2687500000000001 0.4421875 0.3046875000000001 0.4625 0.3046875000000001
1 0.2593750000000001 0.55625 0.2390625000000001 0.55625 0.2390625000000001 0.5765625 0.2593750000000001 0.5765625
1 0.2656250000000001 0.521875 0.2328125000000001 0.521875 0.2328125000000001 0.5453125 0.2656250000000001 0.5453125
1 0.26250000000000007 0.4828125 0.2328125000000001 0.4828125 0.2328125000000001 0.509375 0.26250000000000007 0.509375
1 0.3609375000000001 0.76875 0.3109375000000001 0.76875 0.3109375000000001 0.7921875 0.3609375000000001 0.7921875
1 0.3609375000000001 0.73125 0.3156250000000001 0.73125 0.3156250000000001 0.7578125 0.3609375000000001 0.7578125
1 0.35625000000000007 0.7 0.3140625000000001 0.7 0.3140625000000001 0.7234375 0.35625000000000007 0.7234375
1 0.3515625000000001 0.6625 0.31718750000000007 0.6625 0.31718750000000007 0.6859375 0.3515625000000001 0.6859375
1 0.3515625000000001 0.628125 0.3109375000000001 0.628125 0.3109375000000001 0.65 0.3515625000000001 0.65
1 0.3515625000000001 0.590625 0.3140625000000001 0.590625 0.3140625000000001 0.6140625 0.3515625000000001 0.6140625
1 0.3515625000000001 0.5546875 0.3187500000000001 0.5546875 0.3187500000000001 0.578125 0.3515625000000001 0.578125
1 0.3531250000000001 0.5203125 0.3140625000000001 0.5203125 0.3140625000000001 0.54375 0.3531250000000001 0.54375
1 0.35625000000000007 0.4828125 0.3125000000000001 0.4828125 0.3125000000000001 0.5078125 0.35625000000000007 0.5078125
1 0.2640625000000001 0.6609375 0.2312500000000001 0.6609375 0.2312500000000001 0.6859375 0.2640625000000001 0.6859375
1 0.26250000000000007 0.6296875 0.2328125000000001 0.6296875 0.2328125000000001 0.653125 0.26250000000000007 0.653125
1 0.27031250000000007 0.590625 0.2328125000000001 0.590625 0.2328125000000001 0.61875 0.27031250000000007 0.61875
1 0.2593750000000001 0.6953125 0.24218750000000008 0.6953125 0.24218750000000008 0.7265625 0.2593750000000001 0.7265625
1 0.26250000000000007 0.8046875 0.23437500000000008 0.8046875 0.23437500000000008 0.8234375 0.26250000000000007 0.8234375
1 0.2640625000000001 0.76875 0.23437500000000008 0.76875 0.23437500000000008 0.7890625 0.2640625000000001 0.7890625
1 0.2578125000000001 0.7359375 0.2390625000000001 0.7359375 0.2390625000000001 0.7609375 0.2578125000000001 0.7609375
1 0.2640625000000001 0.8578125 0.22812500000000008 0.8578125 0.22812500000000008 0.8890625 0.2640625000000001 0.8890625
1 0.3593750000000001 0.859375 0.3156250000000001 0.859375 0.3156250000000001 0.8921875 0.3593750000000001 0.8921875
1 0.35625000000000007 0.80625 0.3125000000000001 0.80625 0.3125000000000001 0.8328125 0.35625000000000007 0.8328125
1 0.4546875000000002 0.8578125 0.4109375000000002 0.8578125 0.4109375000000002 0.8875 0.4546875000000002 0.8875
1 0.5562500000000001 0.865625 0.5078125000000002 0.865625 0.5078125000000002 0.8828125 0.5562500000000001 0.8828125
1 0.6500000000000001 0.859375 0.6000000000000002 0.859375 0.6000000000000002 0.8921875 0.6500000000000001 0.8921875
1 0.7265625000000002 0.859375 0.6953125000000002 0.859375 0.6953125000000002 0.8828125 0.7265625000000002 0.8828125
1 0.45312500000000017 0.8046875 0.40937500000000016 0.8046875 0.40937500000000016 0.828125 0.45312500000000017 0.828125
1 0.5562500000000001 0.8046875 0.5109375000000002 0.8046875 0.5109375000000002 0.8296875 0.5562500000000001 0.8296875
1 0.6515625000000002 0.8015625 0.6046875000000002 0.8015625 0.6046875000000002 0.8265625 0.6515625000000002 0.8265625
1 0.7250000000000002 0.803125 0.6984375000000002 0.803125 0.6984375000000002 0.825 0.7250000000000002 0.825
1 0.4593750000000002 0.7703125 0.4109375000000002 0.7703125 0.4109375000000002 0.7921875 0.4593750000000002 0.7921875
1 0.4578125000000002 0.7359375 0.4109375000000002 0.7359375 0.4109375000000002 0.7625 0.4578125000000002 0.7625
1 0.45625 0.6984375 0.4109375 0.6984375 0.4109375 0.721875 0.45625 0.721875
1 0.446875 0.6625 0.4140625 0.6625 0.4140625 0.6859375 0.446875 0.6859375
1 0.453125 0.553125 0.4125 0.553125 0.4125 0.5828125 0.453125 0.5828125
1 0.4484375 0.5171875 0.4140625 0.5171875 0.4140625 0.540625 0.4484375 0.540625
1 0.45625 0.4828125 0.4125 0.4828125 0.4125 0.5109375 0.45625 0.5109375
1 0.4515625 0.5890625 0.4109375 0.5890625 0.4109375 0.6140625 0.4515625 0.6140625
1 0.4484375 0.628125 0.4125 0.628125 0.4125 0.6515625 0.4484375 0.6515625
1 0.540625 0.4796875 0.51875 0.4796875 0.51875 0.5109375 0.540625 0.5109375
1 0.5453125 0.5546875 0.5125 0.5546875 0.5125 0.5796875 0.5453125 0.5796875
1 0.5515625 0.521875 0.5125 0.521875 0.5125 0.5453125 0.5515625 0.5453125
1 0.5484375 0.6609375 0.5109375 0.6609375 0.5109375 0.684375 0.5484375 0.684375
1 0.546875 0.625 0.5109375 0.625 0.5109375 0.6484375 0.546875 0.6484375
1 0.55 0.590625 0.5109375 0.590625 0.5109375 0.6140625 0.55 0.6140625
1 0.5546875000000002 0.7703125 0.5093750000000001 0.7703125 0.5093750000000001 0.7921875 0.5546875000000002 0.7921875
1 0.5531250000000002 0.7359375 0.5046875000000002 0.7359375 0.5046875000000002 0.7578125 0.5531250000000002 0.7578125
1 0.553125 0.7 0.5125 0.7 0.5125 0.725 0.553125 0.725
1 0.6453125 0.625 0.609375 0.625 0.609375 0.6515625 0.6453125 0.6515625
1 0.6453125 0.590625 0.6109375 0.590625 0.6109375 0.615625 0.6453125 0.615625
1 0.6453125 0.55625 0.609375 0.55625 0.609375 0.5796875 0.6453125 0.5796875
1 0.646875 0.51875 0.6078125 0.51875 0.6078125 0.546875 0.646875 0.546875
1 0.64375 0.4828125 0.6140625 0.4828125 0.6140625 0.5109375 0.64375 0.5109375
1 0.6500000000000001 0.76875 0.6062500000000002 0.76875 0.6062500000000002 0.790625 0.6500000000000001 0.790625
1 0.6453125000000002 0.73125 0.6062500000000002 0.73125 0.6062500000000002 0.7546875 0.6453125000000002 0.7546875
1 0.64375 0.6984375 0.6109375 0.6984375 0.6109375 0.721875 0.64375 0.721875
1 0.64375 0.6640625 0.6125 0.6640625 0.6125 0.690625 0.64375 0.690625
1 0.7250000000000002 0.76875 0.7031250000000002 0.76875 0.7031250000000002 0.79375 0.7250000000000002 0.79375
1 0.7218750000000002 0.7359375 0.7015625000000002 0.7359375 0.7015625000000002 0.75625 0.7218750000000002 0.75625
1 0.725 0.696875 0.7046875 0.696875 0.7046875 0.721875 0.725 0.721875
1 0.7234375 0.6609375 0.7 0.6609375 0.7 0.6859375 0.7234375 0.6859375
1 0.721875 0.6265625 0.703125 0.6265625 0.703125 0.6515625 0.721875 0.6515625
1 0.7234375 0.5875 0.703125 0.5875 0.703125 0.615625 0.7234375 0.615625
1 0.7296875 0.5546875000000001 0.7015625 0.5546875 0.7015625 0.58125 0.7296875 0.5812500000000002
1 0.721875 0.51875 0.7046875 0.51875 0.7046875 0.5453125 0.721875 0.5453125
1 0.725 0.4828125 0.7046875 0.4828125 0.7046875 0.5078125 0.725 0.5078125
1 0.8171875 0.48437500000000017 0.78125 0.48437500000000017 0.78125 0.5125000000000002 0.8171875 0.5125000000000002
1 0.81875 0.5203125000000002 0.7796875 0.5203125000000002 0.7796875 0.5453125000000002 0.81875 0.5453125000000002
1 0.815625 0.5562500000000001 0.778125 0.5562500000000001 0.778125 0.5781250000000002 0.815625 0.5781250000000002
1 0.81875 0.5906250000000002 0.778125 0.5906250000000002 0.778125 0.6156250000000002 0.81875 0.6156250000000002
1 0.821875 0.6265625000000001 0.7796875 0.6265625000000001 0.7796875 0.6531250000000002 0.821875 0.6531250000000002
1 0.8203125 0.6640625000000002 0.7765625 0.6640625000000002 0.7765625 0.6843750000000002 0.8203125 0.6843750000000002
1 0.81875 0.7000000000000002 0.7796875 0.7000000000000002 0.7796875 0.7187500000000002 0.81875 0.7187500000000002
1 0.81875 0.7328125000000002 0.7781250000000002 0.7328125000000002 0.7781250000000002 0.7578125000000002 0.81875 0.7578125000000002
1 0.8171875 0.7671875000000001 0.7781250000000002 0.7671875000000001 0.7781250000000002 0.7921875000000002 0.8171875 0.7921875000000002
1 0.9171875 0.48437500000000017 0.8828125 0.48437500000000017 0.8828125 0.5093750000000001 0.9171875 0.5093750000000001
1 0.9140625 0.5218750000000002 0.8796875 0.5218750000000002 0.8796875 0.5453125000000002 0.9140625 0.5453125000000002
1 0.9171875 0.5562500000000001 0.88125 0.5562500000000001 0.88125 0.5812500000000002 0.9171875 0.5812500000000002
1 0.915625 0.5906250000000002 0.878125 0.5906250000000002 0.878125 0.6140625000000002 0.915625 0.6140625000000002
1 0.9171875 0.6265625000000001 0.878125 0.6265625000000001 0.878125 0.6500000000000001 0.9171875 0.6500000000000001
1 0.9171875 0.6625000000000002 0.878125 0.6625000000000002 0.878125 0.6875000000000002 0.9171875 0.6875000000000002
1 0.921875 0.6968750000000001 0.8765625 0.6968750000000001 0.8765625 0.7171875000000002 0.921875 0.7171875000000002
1 0.9234375 0.7312500000000002 0.878125 0.7312500000000002 0.878125 0.7593750000000001 0.9234375 0.7593750000000001
1 0.921875 0.7687500000000002 0.8765625 0.7687500000000002 0.8765625 0.7937500000000002 0.921875 0.7937500000000002
1 0.91875 0.803125 0.8765625 0.803125 0.8765625 0.828125 0.91875 0.828125
1 0.9078125 0.853125 0.8796875 0.853125 0.8796875 0.8890625 0.9078125 0.8890625
1 0.81875 0.8015625 0.7781250000000002 0.8015625 0.7781250000000002 0.828125 0.81875 0.828125
1 0.8203125 0.85625 0.7734375000000002 0.85625 0.7734375000000002 0.8859375 0.8203125 0.8859375