0 0.3296875 0.19843750000000002 0.06406250000000002 0.1984375 0.06406250000000002 0.2140625 0.3296875 0.2140625
0 0.012500000000000008 0.0171875 2.1048616860345133e-18 0.0171875 8.036744619404505e-18 0.1140625 0.012500000000000016 0.1140625
0 0.03125000000000002 0.1953125 0.007812500000000024 0.1953125 0.007812500000000024 0.2125 0.03125000000000002 0.2125
0 0.33125 0.15156250000000004 0.2203125 0.15156250000000004 0.2203125 0.16093750000000004 0.33125 0.16093750000000004
0 0.3671875 0.03125000000000004 0.3609375 0.03125000000000004 0.3609375 0.10156250000000004 0.3671875 0.10156250000000004
0 0.471875 0.20312500000000008 0.4015625 0.20312500000000008 0.4015625 0.21093750000000008 0.471875 0.21093750000000008
0 0.5125 0.0031250000000000618 0.503125 0.003125000000000061 0.503125 0.12500000000000006 0.5125 0.12500000000000006
0 0.275 0.321875 0.265625 0.321875 0.26562500000000006 0.4375 0.2750000000000001 0.4375
0 0.10625000000000004 0.4875 0.045312500000000054 0.4875 0.045312500000000054 0.496875 0.10625000000000004 0.496875
0 0.2328125000000001 0.4859375 0.16406250000000006 0.4859375 0.16406250000000006 0.4984375 0.2328125000000001 0.4984375
0 0.004687500000000047 0.33125 4.0566425221756075e-17 0.33125 4.649830815512606e-17 0.428125 0.004687500000000053 0.428125
0 0.03125000000000005 0.365625 0.021875000000000044 0.365625 0.021875000000000047 0.4140625 0.031250000000000056 0.4140625
0 0.34062500000000007 0.3203125 0.3328125 0.3203125 0.33281250000000007 0.446875 0.34062500000000007 0.446875
0 0.3750000000000001 0.50625 0.3375000000000001 0.50625 0.3375000000000001 0.5140625 0.3750000000000001 0.5140625
0 0.415625 0.50625 0.3921875000000001 0.50625 0.3921875000000001 0.5171875 0.415625 0.5171875
0 0.3312500000000001 0.65 0.2812500000000001 0.65 0.2812500000000001 0.6609375 0.3312500000000001 0.6609375
0 0.2500000000000001 0.7 0.24218750000000008 0.7 0.24218750000000008 0.79375 0.2500000000000001 0.79375
0 0.2531250000000001 0.65625 0.24375000000000008 0.65625 0.24375000000000008 0.6890625 0.2531250000000001 0.6890625
0 0.3859375000000001 0.69375 0.37968750000000007 0.69375 0.37968750000000007 0.928125 0.3859375000000001 0.928125
0 0.3609375000000001 0.6921875 0.35625000000000007 0.6921875 0.35625000000000007 0.871875 0.3609375000000001 0.871875
0 0.38750000000000007 0.93125 0.3781250000000001 0.93125 0.3781250000000001 1 0.38750000000000007 1
0 0.24375000000000008 0.9171875 0.23593750000000008 0.9171875 0.23593750000000008 1 0.24375000000000008 1
0 0.19687500000000008 0.8765625 0.1453125000000001 0.8765625 0.1453125000000001 0.8859375 0.19687500000000008 0.8859375
0 0.10468750000000013 0.9171875 0.09687500000000011 0.9171875 0.09687500000000013 1 0.10468750000000013 1
0 0.05156250000000011 0.8765625 0.009375000000000109 0.8765625 0.009375000000000109 0.884375 0.05156250000000011 0.884375
0 0.5359375 0.6484375 0.4859375 0.6484375 0.4859375 0.6609375 0.5359375 0.6609375
1 0.05468750000000002 0.1796875 0.03906250000000002 0.1796875 0.03906250000000002 0.1984375 0.05468750000000002 0.1984375
1 0.28125 0.12812500000000004 0.2640625 0.12812500000000004 0.2640625 0.14843750000000006 0.28125 0.14843750000000006
1 0.2078125 0.17812500000000003 0.1875 0.17812500000000003 0.18750000000000003 0.2 0.2078125 0.2
1 0.3578125 0.04531250000000005 0.34375 0.04531250000000005 0.34375 0.06562500000000004 0.3578125 0.06562500000000004
1 0.5046875 0.03437500000000006 0.4859375 0.03437500000000006 0.4859375 0.07656250000000006 0.5046875 0.07656250000000006
1 0.4421875 0.18125000000000005 0.428125 0.18125000000000005 0.428125 0.2000000000000001 0.4421875 0.2000000000000001
2 0.525 0.3140625000000001 0.5125 0.3140625000000001 0.5125 0.3312500000000001 0.525 0.3312500000000001
1 0.5390625 0.2906250000000001 0.5203125 0.2906250000000001 0.5203125 0.3234375000000001 0.5390625 0.3234375000000001
1 0.33125000000000004 0.3546875 0.315625 0.3546875 0.31562500000000004 0.3953125 0.3312500000000001 0.3953125
1 0.3656250000000001 0.48125 0.3421875000000001 0.48125 0.3421875000000001 0.50625 0.3656250000000001 0.50625
1 0.2062500000000001 0.465625 0.18750000000000006 0.465625 0.18750000000000006 0.4875 0.2062500000000001 0.4875
1 0.26406250000000003 0.35625 0.25 0.35625 0.25000000000000006 0.4015625 0.2640625000000001 0.4015625
1 0.08750000000000006 0.4625 0.057812500000000065 0.4625 0.057812500000000065 0.4859375 0.08750000000000006 0.4859375
1 0.020312500000000046 0.3765625 0.010937500000000048 0.3765625 0.010937500000000048 0.3953125 0.02031250000000005 0.3953125
2 0.031250000000000104 0.853125 0.020312500000000105 0.853125 0.020312500000000105 0.8734375 0.03125000000000011 0.8734375
1 0.04218750000000011 0.8546875 0.0312500000000001 0.8546875 0.031250000000000104 0.878125 0.042187500000000114 0.878125
1 0.18750000000000008 0.853125 0.16562500000000008 0.853125 0.16562500000000008 0.8734375 0.18750000000000008 0.8734375
1 0.23437500000000008 0.95 0.21875000000000008 0.95 0.21875000000000008 0.975 0.23437500000000008 0.975
1 0.09687500000000011 0.9625 0.0796875000000001 0.9625 0.0796875000000001 0.9890625 0.09687500000000011 0.9890625
1 0.3781250000000001 0.9546875 0.3625000000000001 0.9546875 0.3625000000000001 0.9765625 0.3781250000000001 0.9765625
1 0.3531250000000001 0.765625 0.3390625000000001 0.765625 0.3390625000000001 0.79375 0.3531250000000001 0.79375
1 0.3781250000000001 0.7984375 0.3625000000000001 0.7984375 0.3625000000000001 0.825 0.3781250000000001 0.825
1 0.24218750000000008 0.7203125 0.22656250000000008 0.7203125 0.22656250000000008 0.771875 0.24218750000000008 0.771875
1 0.2640625000000001 0.7671875 0.2484375000000001 0.7671875 0.2484375000000001 0.784375 0.2640625000000001 0.784375
1 0.3109375000000001 0.5875 0.2671875000000001 0.5875 0.2671875000000001 0.615625 0.3109375000000001 0.615625
1 0.34062500000000007 0.5890625 0.3218750000000001 0.5890625 0.3218750000000001 0.61875 0.34062500000000007 0.61875
1 0.515625 0.628125 0.5046875 0.628125 0.5046875 0.6484375 0.515625 0.6484375
1 0.3656250000000001 0.559375 0.34062500000000007 0.559375 0.34062500000000007 0.5890625 0.3656250000000001 0.5890625