0 0.33281250000000007 0.38125 0.21093750000000008 0.38125 0.21093750000000008 0.3921875 0.33281250000000007 0.3921875
1 0.2828125 0.359375 0.2625 0.359375 0.26250000000000007 0.3796875 0.2828125000000001 0.3796875
1 0.20937500000000003 0.3578125 0.19687500000000005 0.3578125 0.19687500000000005 0.378125 0.2093750000000001 0.378125
2 0.23125 0.3265625 0.2203125 0.3265625 0.2203125 0.34375 0.23125 0.34375
1 0.24375 0.325 0.2296875 0.325 0.2296875 0.3453125 0.24375 0.3453125
0 0.3328125 0.346875 0.246875 0.346875 0.246875 0.35625 0.3328125 0.35625
1 0.303125 0.325 0.2828125 0.325 0.2828125 0.34375 0.303125 0.34375
1 0.16875000000000004 0.26875 0.15312500000000004 0.26875 0.15312500000000004 0.2890625 0.16875000000000004 0.2890625
1 0.18437500000000004 0.19375000000000003 0.17031250000000003 0.19375 0.17031250000000003 0.2140625 0.18437500000000004 0.2140625
1 0.2671875 0.2046875 0.25 0.2046875 0.25 0.2296875 0.2671875 0.2296875
1 0.35 0.2640625 0.3375 0.2640625 0.3375 0.290625 0.35 0.290625
0 0.4171875 0.37968750000000007 0.36406250000000007 0.37968750000000007 0.36406250000000007 0.3906250000000001 0.4171875 0.3906250000000001
1 0.39843750000000006 0.3531250000000001 0.3796875 0.3531250000000001 0.37968750000000007 0.3812500000000001 0.3984375000000001 0.3812500000000001
1 0.434375 0.2656250000000001 0.421875 0.2656250000000001 0.421875 0.3078125000000001 0.434375 0.3078125000000001
1 0.3703125 0.20156250000000003 0.340625 0.2015625 0.340625 0.22968750000000004 0.3703125 0.2296875000000001
1 0.496875 0.27031250000000007 0.478125 0.27031250000000007 0.478125 0.2906250000000001 0.496875 0.2906250000000001
0 0.5 0.2468750000000001 0.4953125 0.2468750000000001 0.4953125 0.32500000000000007 0.5 0.32500000000000007
1 0.515625 0.2765625000000001 0.5 0.2765625000000001 0.5 0.2984375000000001 0.515625 0.2984375000000001
1 0.575 0.2640625000000001 0.5609375 0.2640625000000001 0.5609375 0.28593750000000007 0.575 0.28593750000000007
1 0.521875 0.18750000000000006 0.5015625 0.18750000000000006 0.5015625 0.21250000000000008 0.521875 0.21250000000000008
1 0.5953125 0.2609375000000001 0.5796875 0.2609375000000001 0.5796875 0.3187500000000001 0.5953125 0.3187500000000001
0 0.55625 0.36406250000000007 0.5265625 0.36406250000000007 0.5265625 0.3750000000000001 0.55625 0.3750000000000001
1 0.5484375 0.3453125000000001 0.5328125 0.3453125000000001 0.5328125 0.3656250000000001 0.5484375 0.3656250000000001
0 0.6625 0.36406250000000007 0.60625 0.36406250000000007 0.60625 0.3765625000000001 0.6625 0.3765625000000001
1 0.6421875 0.3421875000000001 0.6265625 0.3421875000000001 0.6265625 0.3656250000000001 0.6421875 0.3656250000000001
1 0.678125 0.2656250000000001 0.665625 0.2656250000000001 0.665625 0.3062500000000001 0.678125 0.3062500000000001
1 0.7671875 0.2640625000000001 0.753125 0.2640625000000001 0.753125 0.28593750000000007 0.7671875 0.28593750000000007
1 0.815625 0.2671875000000001 0.8 0.2671875000000001 0.8 0.2906250000000001 0.815625 0.2906250000000001
0 0.784375 0.2062500000000001 0.765625 0.2062500000000001 0.765625 0.2171875000000001 0.784375 0.2171875000000001
1 0.7734375 0.18125000000000008 0.765625 0.18125000000000008 0.765625 0.2062500000000001 0.7734375 0.2062500000000001
0 0.17500000000000004 0.2453125 0.16718750000000004 0.2453125 0.16718750000000004 0.325 0.17500000000000004 0.325
0 0.203125 0.2125 0.18593750000000003 0.2125 0.18593750000000003 0.2375 0.203125 0.2375
0 0.21093750000000008 0.38125 0.18437500000000004 0.38125 0.18437500000000004 0.3890625 0.21093750000000008 0.3890625
0 0.4390625 0.2406250000000001 0.4359375 0.2406250000000001 0.4359375 0.3312500000000001 0.4390625 0.3312500000000001
0 0.6875 0.23437500000000008 0.6796875 0.23437500000000008 0.6796875 0.3359375000000001 0.6875 0.3359375000000001
0 0.7734375 0.2296875000000001 0.7671875 0.2296875000000001 0.7671875 0.3390625000000001 0.7734375 0.3390625000000001
0 0.8203125 0.2531250000000001 0.8140625 0.2531250000000001 0.8140625 0.3156250000000001 0.8203125 0.3156250000000001
1 0.2265625 0.18906250000000005 0.2078125 0.18906250000000005 0.2078125 0.2140625 0.2265625 0.2140625
0 0.59375 0.3187500000000001 0.553125 0.3187500000000001 0.553125 0.37187500000000007 0.59375 0.37187500000000007
0 0.8078125 0.2062500000000001 0.79375 0.2062500000000001 0.79375 0.2156250000000001 0.8078125 0.2156250000000001
0 0.2843750000000001 0.5609375 0.2484375000000001 0.5609375 0.2484375000000001 0.5703125 0.2843750000000001 0.5703125
0 0.1765625000000001 0.5921875 0.1687500000000001 0.5921875 0.1687500000000001 0.7765625 0.1765625000000001 0.7765625
0 0.1984375000000001 0.6640625 0.1921875000000001 0.6640625 0.1921875000000001 0.778125 0.1984375000000001 0.778125
1 0.1687500000000001 0.675 0.15781250000000008 0.675 0.15781250000000008 0.6984375 0.1687500000000001 0.6984375
1 0.18750000000000008 0.7046875 0.1765625000000001 0.7046875 0.1765625000000001 0.7328125 0.18750000000000008 0.7328125
1 0.2796875000000001 0.5390625 0.26250000000000007 0.5390625 0.26250000000000007 0.5609375 0.2796875000000001 0.5609375