0 0.3765625 0.16562500000000005 0.31875 0.16562500000000005 0.31875 0.20937500000000003 0.3765625 0.2093750000000001
0 0.4453125 0.2062500000000001 0.4140625 0.2062500000000001 0.4140625 0.37187500000000007 0.4453125 0.37187500000000007
0 0.3203125 0.16718750000000004 0.2578125 0.16718750000000004 0.2578125 0.2140625 0.3203125 0.2140625
0 0.29218750000000004 0.20625 0.2234375 0.20625 0.22343750000000004 0.5265625 0.2921875000000001 0.5265625
0 0.2984375 0.2390625 0.2546875 0.2390625 0.2546875 0.303125 0.2984375 0.303125
0 0.29218750000000004 0.3109375 0.25625 0.3109375 0.25625000000000003 0.3890625 0.2921875000000001 0.3890625
0 0.2921875000000001 0.384375 0.25468750000000007 0.384375 0.25468750000000007 0.525 0.2921875000000001 0.525
0 0.37968750000000007 0.434375 0.31718750000000007 0.434375 0.31718750000000007 0.446875 0.37968750000000007 0.446875
1 0.4625 0.07656250000000006 0.4484375 0.07656250000000005 0.4484375 0.10781250000000005 0.4625 0.10781250000000005
1 0.4625 0.14531250000000004 0.4515625 0.14531250000000004 0.4515625 0.17968750000000006 0.4625 0.17968750000000006
1 0.46875 0.3671875000000001 0.459375 0.3671875000000001 0.459375 0.4 0.46875 0.4
1 0.465625 0.4203125 0.4515625 0.4203125 0.4515625 0.4515625 0.465625 0.4515625
1 0.465625 0.471875 0.4515625 0.471875 0.4515625 0.503125 0.465625 0.503125
0 0.690625 0.10312500000000009 0.5828125 0.10312500000000009 0.5828125 0.2062500000000001 0.690625 0.2062500000000001
1 0.353125 0.14531250000000004 0.3421875 0.14531250000000004 0.3421875 0.16875000000000004 0.353125 0.16875000000000004
0 0.5578125 0.18437500000000007 0.5015625 0.18437500000000004 0.5015625 0.5265625 0.5578125 0.5265625
0 0.5375 0.2062500000000001 0.4984375 0.2062500000000001 0.4984375 0.5265625 0.5375 0.5265625
0 0.85625 0.1531250000000001 0.7328125 0.1531250000000001 0.7328125 0.2062500000000001 0.85625 0.2062500000000001
0 0.6921875 0.5796875 0.58125 0.5796875 0.58125 0.628125 0.6921875 0.628125
0 0.5609375 0.521875 0.5328125 0.521875 0.5328125 0.5796875 0.5609375 0.5796875
1 0.83125 0.6531250000000002 0.8171875 0.6531250000000002 0.8171875 0.6828125000000002 0.83125 0.6828125000000002
2 0.809375 0.7000000000000002 0.7984375 0.7000000000000002 0.7984375 0.7125000000000001 0.809375 0.7125000000000001
1 0.8234375 0.6906250000000002 0.809375 0.6906250000000002 0.809375 0.7156250000000002 0.8234375 0.7156250000000002
1 0.84375 0.6906250000000002 0.83125 0.6906250000000002 0.83125 0.7140625000000002 0.84375 0.7140625000000002
1 0.83125 0.7265625000000002 0.8171875 0.7265625000000002 0.8171875 0.7546875000000002 0.83125 0.7546875000000002
1 0.85625 0.6890625000000001 0.84375 0.6890625000000001 0.84375 0.7156250000000002 0.85625 0.7156250000000002
1 0.846875 0.6546875000000002 0.8328125 0.6546875000000002 0.8328125 0.6796875000000002 0.846875 0.6796875000000002
1 0.871875 0.6890625000000001 0.85625 0.6890625000000001 0.85625 0.7140625000000002 0.871875 0.7140625000000002
1 0.865625 0.7281250000000001 0.8515625 0.7281250000000001 0.8515625 0.7546875000000002 0.865625 0.7546875000000002
1 0.8515625 0.7265625000000002 0.8359375 0.7265625000000002 0.8359375 0.7562500000000002 0.8515625 0.7562500000000002
1 0.8203125 0.7656250000000002 0.80625 0.7656250000000002 0.80625 0.7937500000000002 0.8203125 0.7937500000000002
1 0.8375 0.7640625000000002 0.825 0.7640625000000002 0.825 0.7937500000000002 0.8375 0.7937500000000002
1 0.8515625 0.7671875000000001 0.8359375 0.7671875000000001 0.8359375 0.7937500000000002 0.8515625 0.7937500000000002
1 0.821875 0.8046875 0.8078125 0.8046875 0.8078125 0.83125 0.821875 0.83125
1 0.8359375 0.8046875 0.8265625 0.8046875 0.8265625 0.834375 0.8359375 0.834375
1 0.8375 0.8421875 0.8234375 0.8421875 0.8234375 0.871875 0.8375 0.871875
1 0.8296875 0.88125 0.8140625 0.88125 0.8140625 0.909375 0.8296875 0.909375
1 0.7968750000000002 0.88125 0.7828125000000001 0.88125 0.7828125000000001 0.909375 0.7968750000000002 0.909375
1 0.7828125000000001 0.88125 0.7687500000000002 0.88125 0.7687500000000002 0.909375 0.7828125000000001 0.909375
1 0.7640625000000002 0.8828125 0.7500000000000002 0.8828125 0.7500000000000002 0.909375 0.7640625000000002 0.909375
1 0.7203125000000001 0.8828125 0.7046875000000001 0.8828125 0.7046875000000001 0.909375 0.7203125000000001 0.909375
1 0.8546875 0.840625 0.8390625 0.840625 0.8390625 0.871875 0.8546875 0.871875
1 0.85 0.80625 0.8359375 0.80625 0.8359375 0.83125 0.85 0.83125
1 0.7890625 0.6546875000000002 0.7734375 0.6546875000000002 0.7734375 0.6828125000000002 0.7890625 0.6828125000000002
1 0.7890625 0.7046875000000001 0.78125 0.7046875000000001 0.78125 0.7218750000000002 0.7890625 0.7218750000000002
1 0.784375 0.6906250000000002 0.7703125 0.6906250000000002 0.7703125 0.7140625000000002 0.784375 0.7140625000000002
2 0.8125 0.853125 0.8 0.853125 0.8 0.865625 0.8125 0.865625
2 0.80625 0.8140625 0.7937500000000002 0.8140625 0.7937500000000002 0.828125 0.80625 0.828125
2 0.8046875 0.7781250000000002 0.7921875000000002 0.7781250000000002 0.7921875000000002 0.7890625000000002 0.8046875 0.7890625000000002
2 0.80625 0.7390625000000002 0.7937500000000002 0.7390625000000002 0.7937500000000002 0.7515625000000001 0.80625 0.7515625000000001
2 0.80625 0.6656250000000001 0.7953125 0.6656250000000001 0.7953125 0.6781250000000002 0.80625 0.6781250000000002
1 0.7843750000000002 0.7281250000000001 0.7687500000000002 0.7281250000000001 0.7687500000000002 0.7546875000000002 0.7843750000000002 0.7546875000000002
1 0.7828125000000001 0.7656250000000002 0.7687500000000002 0.7656250000000002 0.7687500000000002 0.7953125000000002 0.7828125000000001 0.7953125000000002
1 0.7859375000000002 0.803125 0.7687500000000002 0.803125 0.7687500000000002 0.83125 0.7859375000000002 0.83125
1 0.7828125000000001 0.8375 0.7656250000000002 0.8375 0.7656250000000002 0.865625 0.7828125000000001 0.865625
1 0.7953125000000002 0.85625 0.7812500000000002 0.85625 0.7812500000000002 0.871875 0.7953125000000002 0.871875
2 0.8296875 0.903125 0.8234375 0.903125 0.8234375 0.9140625 0.8296875 0.9140625
2 0.7406250000000002 0.8921875 0.7296875000000002 0.8921875 0.7296875000000002 0.9046875 0.7406250000000002 0.9046875
2 0.809375 0.903125 0.80625 0.903125 0.80625 0.909375 0.809375 0.909375
2 0.8046875 0.9046875 0.8 0.9046875 0.8 0.909375 0.8046875 0.909375
2 0.7984375000000001 0.9046875 0.7937500000000002 0.9046875 0.7937500000000002 0.909375 0.7984375000000001 0.909375
2 0.8390625 0.8640625 0.8328125 0.8640625 0.8328125 0.875 0.8390625 0.875
2 0.825 0.8265625 0.81875 0.8265625 0.81875 0.8359375 0.825 0.8359375
2 0.821875 0.7890625000000002 0.815625 0.7890625000000002 0.815625 0.7984375000000001 0.821875 0.7984375000000001
2 0.8265625 0.7125000000000001 0.821875 0.7125000000000001 0.821875 0.7218750000000002 0.8265625 0.7218750000000002
2 0.834375 0.7500000000000002 0.8296875 0.7500000000000002 0.8296875 0.7593750000000001 0.834375 0.7593750000000001
1 0.5359375 0.5359375 0.5171875 0.5359375 0.5171875 0.5578125 0.5359375 0.5578125
0 0.6546875 0.3781250000000001 0.61875 0.3781250000000001 0.61875 0.3890625000000001 0.6546875 0.3890625000000001
1 0.653125 0.3625000000000001 0.6453125 0.3625000000000001 0.6453125 0.37968750000000007 0.653125 0.37968750000000007
1 0.6484375 0.3500000000000001 0.634375 0.3500000000000001 0.634375 0.3765625000000001 0.6484375 0.3765625000000001
0 0.665625 0.1531250000000001 0.6078125 0.1531250000000001 0.6078125 0.2078125000000001 0.665625 0.2078125000000001
1 0.646875 0.13437500000000008 0.6328125 0.13437500000000008 0.6328125 0.1625000000000001 0.646875 0.1625000000000001
1 0.64375 0.08281250000000008 0.628125 0.08281250000000007 0.628125 0.10781250000000009 0.64375 0.10781250000000009
1 0.8015625 0.1437500000000001 0.7890625 0.1437500000000001 0.7890625 0.1609375000000001 0.8015625 0.1609375000000001
1 0.7875 0.13437500000000008 0.771875 0.13437500000000008 0.771875 0.1609375000000001 0.7875 0.1609375000000001
1 0.846875 0.88125 0.83125 0.88125 0.83125 0.909375 0.846875 0.909375
1 0.86875 0.88125 0.853125 0.88125 0.853125 0.9078125 0.86875 0.9078125
2 0.853125 0.8796875 0.84375 0.8796875 0.84375 0.9140625 0.853125 0.9140625
2 0.7515625000000001 0.88125 0.7421875000000002 0.88125 0.7421875000000002 0.9125 0.7515625000000001 0.9125
1 0.86875 0.84375 0.8546875 0.84375 0.8546875 0.8703125 0.86875 0.8703125
1 0.8640625 0.80625 0.85 0.80625 0.85 0.8328125 0.8640625 0.8328125
1 0.6515625 0.5890625 0.6359375 0.5890625 0.6359375 0.6140625 0.6515625 0.6140625
1 0.5375 0.2140625000000001 0.515625 0.2140625000000001 0.515625 0.23437500000000008 0.5375 0.23437500000000008
1 0.5375 0.25468750000000007 0.5171875 0.25468750000000007 0.5171875 0.2812500000000001 0.5375 0.2812500000000001
1 0.5359375 0.2906250000000001 0.515625 0.2906250000000001 0.515625 0.3125000000000001 0.5359375 0.3125000000000001
1 0.5328125 0.3265625000000001 0.5109375 0.3265625000000001 0.5109375 0.3437500000000001 0.5328125 0.3437500000000001
1 0.5375 0.3421875000000001 0.521875 0.3421875000000001 0.521875 0.35625000000000007 0.5375 0.35625000000000007
1 0.53125 0.3500000000000001 0.5125 0.3500000000000001 0.5125 0.3734375000000001 0.53125 0.3734375000000001
2 0.5296875 0.3734375000000001 0.5203125 0.3734375000000001 0.5203125 0.3843750000000001 0.5296875 0.3843750000000001
2 0.5296875 0.409375 0.51875 0.409375 0.51875 0.4234375 0.5296875 0.4234375
2 0.53125 0.4046875 0.5296875 0.4046875 0.5296875 0.409375 0.53125 0.409375
2 0.5328125 0.3968750000000001 0.528125 0.3968750000000001 0.528125 0.403125 0.5328125 0.403125
2 0.53125 0.38750000000000007 0.528125 0.38750000000000007 0.528125 0.3937500000000001 0.53125 0.3937500000000001
1 0.5359375 0.425 0.521875 0.425 0.521875 0.4390625 0.5359375 0.4390625
1 0.53125 0.4328125 0.5125 0.4328125 0.5125 0.4546875 0.53125 0.4546875
1 0.5328125 0.4765625 0.5140625 0.4765625 0.5140625 0.4984375 0.5328125 0.4984375
1 0.534375 0.471875 0.5234375 0.471875 0.5234375 0.48125 0.534375 0.48125
2 0.5296875 0.453125 0.51875 0.453125 0.51875 0.4671875 0.5296875 0.4671875
2 0.5328125 0.49375 0.5125 0.49375 0.5125 0.5078125 0.5328125 0.5078125
1 0.5078125 0.3359375000000001 0.4859375 0.3359375000000001 0.4859375 0.34843750000000007 0.5078125 0.34843750000000007
1 0.3421875000000001 0.409375 0.3359375000000001 0.409375 0.3359375000000001 0.4328125 0.3421875000000001 0.4328125
1 0.3531250000000001 0.409375 0.3453125000000001 0.409375 0.3453125000000001 0.434375 0.3531250000000001 0.434375
1 0.36406250000000007 0.409375 0.3531250000000001 0.409375 0.3531250000000001 0.434375 0.36406250000000007 0.434375
2 0.3437500000000001 0.4296875 0.34062500000000007 0.4296875 0.34062500000000007 0.4375 0.3437500000000001 0.4375
1 0.25625 0.2203125 0.240625 0.2203125 0.240625 0.2359375 0.25625 0.2359375
1 0.2578125 0.2640625 0.240625 0.2640625 0.240625 0.28125 0.2578125 0.28125
1 0.228125 0.3390625 0.209375 0.3390625 0.209375 0.35 0.228125 0.35
1 0.2578125 0.3 0.240625 0.3 0.240625 0.3171875 0.2578125 0.3171875
1 0.25625000000000003 0.346875 0.240625 0.346875 0.24062500000000003 0.3640625 0.2562500000000001 0.3640625
1 0.2578125 0.3359375 0.2453125 0.3359375 0.2453125 0.3484375 0.2578125 0.3484375
1 0.2578125000000001 0.440625 0.2406250000000001 0.440625 0.2406250000000001 0.4578125 0.2578125000000001 0.4578125
1 0.2578125000000001 0.4328125 0.2468750000000001 0.4328125 0.2468750000000001 0.4421875 0.2578125000000001 0.4421875