0 0.2421875 0.278125 0.15312500000000004 0.278125 0.15312500000000004 0.3453125 0.2421875 0.3453125
0 0.5765625 0.23906250000000004 0.228125 0.2390625 0.228125 0.353125 0.5765625 0.3531250000000001
0 0.609375 0.1468750000000001 0.5640625 0.1468750000000001 0.5640625 0.24218750000000008 0.609375 0.24218750000000008
0 0.19375000000000003 0.11093750000000002 0.165625 0.1109375 0.16562500000000002 0.278125 0.19375000000000003 0.278125
0 0.2390625 0.07656250000000002 0.1421875 0.07656250000000002 0.1421875 0.11562500000000002 0.2390625 0.11562500000000005
0 0.8328125 0.2765625000000001 0.7875 0.2765625000000001 0.7875 0.3375000000000001 0.8328125 0.3375000000000001
0 0.9140625 0.16093750000000012 0.8671875 0.1609375000000001 0.8671875 0.2312500000000001 0.9140625 0.2312500000000001
1 0.4078125 0.4421875 0.3843750000000001 0.4421875 0.3843750000000001 0.48125 0.4078125 0.48125
1 0.39531250000000007 0.503125 0.3781250000000001 0.503125 0.3781250000000001 0.54375 0.39531250000000007 0.54375
1 0.38750000000000007 0.5671875 0.37187500000000007 0.5671875 0.37187500000000007 0.6015625 0.38750000000000007 0.6015625
1 0.38750000000000007 0.625 0.3734375000000001 0.625 0.3734375000000001 0.66875 0.38750000000000007 0.66875
1 0.38750000000000007 0.6875 0.3734375000000001 0.6875 0.3734375000000001 0.721875 0.38750000000000007 0.721875
1 0.3921875000000001 0.7453125 0.37187500000000007 0.7453125 0.37187500000000007 0.784375 0.3921875000000001 0.784375
1 0.3921875000000001 0.80625 0.3671875000000001 0.80625 0.3671875000000001 0.84375 0.3921875000000001 0.84375
1 0.4156250000000002 0.8046875 0.3937500000000001 0.8046875 0.3937500000000001 0.8421875 0.4156250000000002 0.8421875
1 0.38750000000000007 0.8671875 0.3687500000000001 0.8671875 0.3687500000000001 0.90625 0.38750000000000007 0.90625
1 0.4156250000000002 0.8640625 0.39531250000000007 0.8640625 0.39531250000000007 0.903125 0.4156250000000002 0.903125
1 0.5015625000000001 0.865625 0.49218750000000017 0.865625 0.49218750000000017 0.9078125 0.5015625000000001 0.9078125
1 0.5265625000000002 0.8671875 0.5093750000000001 0.8671875 0.5093750000000001 0.903125 0.5265625000000002 0.903125
1 0.5031250000000002 0.80625 0.4859375000000002 0.80625 0.4859375000000002 0.84375 0.5031250000000002 0.84375
1 0.5281250000000002 0.8078125 0.5109375000000002 0.8078125 0.5109375000000002 0.8421875 0.5281250000000002 0.8421875
1 0.5046875000000002 0.7484375 0.4890625000000002 0.7484375 0.4890625000000002 0.7859375 0.5046875000000002 0.7859375
1 0.5281250000000002 0.746875 0.5109375000000002 0.746875 0.5109375000000002 0.784375 0.5281250000000002 0.784375
1 0.41406250000000017 0.746875 0.39531250000000007 0.746875 0.39531250000000007 0.784375 0.41406250000000017 0.784375
1 0.415625 0.684375 0.39531250000000007 0.684375 0.39531250000000007 0.721875 0.415625 0.721875
1 0.503125 0.6859375 0.484375 0.6859375 0.484375 0.725 0.503125 0.725
1 0.528125 0.6875 0.5109375 0.6875 0.5109375 0.721875 0.528125 0.721875
1 0.4140625 0.6234375 0.3984375000000001 0.6234375 0.3984375000000001 0.6609375 0.4140625 0.6609375
1 0.4140625 0.5625 0.4 0.5625 0.4 0.603125 0.4140625 0.603125
1 0.4078125 0.5046875 0.3937500000000001 0.5046875 0.3937500000000001 0.5421875 0.4078125 0.5421875
1 0.5171875 0.4453125 0.4984375 0.4453125 0.4984375 0.48125 0.5171875 0.48125
1 0.5078125 0.5078125 0.490625 0.5078125 0.490625 0.540625 0.5078125 0.540625
1 0.5234375 0.50625 0.509375 0.50625 0.509375 0.5390625 0.5234375 0.5390625
1 0.5046875 0.5609375 0.4875 0.5609375 0.4875 0.603125 0.5046875 0.603125
1 0.503125 0.6234375 0.4859375 0.6234375 0.4859375 0.6640625 0.503125 0.6640625
1 0.53125 0.6203125 0.509375 0.6203125 0.509375 0.6625 0.53125 0.6625
1 0.528125 0.565625 0.5125 0.565625 0.5125 0.6015625 0.528125 0.6015625
1 0.415625 0.38750000000000007 0.4 0.38750000000000007 0.4 0.4234375 0.415625 0.4234375
1 0.5296875 0.3843750000000001 0.5140625 0.3843750000000001 0.5140625 0.41875 0.5296875 0.41875
1 0.6421875 0.446875 0.625 0.446875 0.625 0.484375 0.6421875 0.484375
1 0.6328125 0.50625 0.615625 0.50625 0.615625 0.5421875 0.6328125 0.5421875
1 0.6484375 0.5046875 0.634375 0.5046875 0.634375 0.540625 0.6484375 0.540625
1 0.6296875 0.5671875 0.6125 0.5671875 0.6125 0.6015625 0.6296875 0.6015625
1 0.653125 0.5640625 0.6359375 0.5640625 0.6359375 0.6 0.653125 0.6
1 0.628125 0.6234375 0.6125 0.6234375 0.6125 0.6625 0.628125 0.6625
1 0.653125 0.625 0.6390625 0.625 0.6390625 0.6625 0.653125 0.6625
1 0.63125 0.6875 0.6140625 0.6875 0.6140625 0.725 0.63125 0.725
1 0.6515625 0.6859375 0.6390625 0.6859375 0.6390625 0.7234375 0.6515625 0.7234375
1 0.6296875000000002 0.7484375 0.6140625000000002 0.7484375 0.6140625000000002 0.784375 0.6296875000000002 0.784375
1 0.6546875000000002 0.7484375 0.6375000000000002 0.7484375 0.6375000000000002 0.7859375 0.6546875000000002 0.7859375
1 0.6281250000000002 0.80625 0.6156250000000002 0.80625 0.6156250000000002 0.84375 0.6281250000000002 0.84375
1 0.6546875000000002 0.80625 0.6375000000000002 0.80625 0.6375000000000002 0.84375 0.6546875000000002 0.84375
1 0.6265625000000001 0.8671875 0.6171875000000002 0.8671875 0.6171875000000002 0.9046875 0.6265625000000001 0.9046875
1 0.6546875000000002 0.865625 0.6359375000000002 0.865625 0.6359375000000002 0.9015625 0.6546875000000002 0.9015625
1 0.778125 0.44531250000000017 0.7578125 0.44531250000000017 0.7578125 0.4859375000000002 0.778125 0.4859375000000002
1 0.76875 0.5031250000000002 0.753125 0.5031250000000002 0.753125 0.5406250000000001 0.76875 0.5406250000000001
1 0.7859375 0.5062500000000002 0.7703125 0.5062500000000002 0.7703125 0.5453125000000002 0.7859375 0.5453125000000002
1 0.7734375 0.5625000000000002 0.7609375 0.5625000000000002 0.7609375 0.6046875000000002 0.7734375 0.6046875000000002
1 0.753125 0.6234375000000002 0.7421875 0.6234375000000002 0.7421875 0.6609375000000002 0.753125 0.6609375000000002
1 0.7640625000000001 0.6843750000000002 0.746875 0.6843750000000002 0.7468750000000001 0.7265625000000002 0.7640625000000002 0.7265625000000002
1 0.7640625000000002 0.7453125000000002 0.7468750000000002 0.7453125000000002 0.7468750000000002 0.7859375000000002 0.7640625000000002 0.7859375000000002
1 0.7656250000000002 0.80625 0.7484375000000002 0.80625 0.7484375000000002 0.8421875 0.7656250000000002 0.8421875
1 0.7640625000000002 0.86875 0.7484375000000002 0.86875 0.7484375000000002 0.90625 0.7640625000000002 0.90625
1 0.7859375000000002 0.8671875 0.7750000000000001 0.8671875 0.7750000000000001 0.9046875 0.7859375000000002 0.9046875
1 0.7890625000000002 0.8078125 0.7718750000000002 0.8078125 0.7718750000000002 0.8421875 0.7890625000000002 0.8421875
1 0.7890625000000002 0.7453125000000002 0.7703125000000002 0.7453125000000002 0.7703125000000002 0.7843750000000002 0.7890625000000002 0.7843750000000002
1 0.7875000000000001 0.6843750000000002 0.7734375 0.6843750000000002 0.7734375000000001 0.7265625000000002 0.7875000000000002 0.7265625000000002
1 0.7734375 0.6250000000000002 0.75625 0.6250000000000002 0.75625 0.6609375000000002 0.7734375 0.6609375000000002
1 0.7953125 0.6250000000000002 0.78125 0.6250000000000002 0.78125 0.6640625000000002 0.7953125 0.6640625000000002
1 0.79375 0.3859375000000001 0.7765625 0.3859375000000001 0.7765625 0.4203125000000002 0.79375 0.4203125000000002
1 0.6578125 0.3843750000000001 0.640625 0.3843750000000001 0.640625 0.4203125 0.6578125 0.4203125
1 0.9 0.44531250000000017 0.8921875 0.44531250000000017 0.8921875 0.48437500000000017 0.9 0.48437500000000017
1 0.9203125 0.44531250000000017 0.903125 0.44531250000000017 0.903125 0.4812500000000002 0.9203125 0.4812500000000002
1 0.928125 0.3859375000000001 0.9125 0.3859375000000001 0.9125 0.42187500000000017 0.928125 0.42187500000000017
1 0.9046875 0.5046875000000002 0.8875 0.5046875000000002 0.8875 0.5421875000000002 0.9046875 0.5421875000000002
1 0.921875 0.5062500000000002 0.90625 0.5062500000000002 0.90625 0.5406250000000001 0.921875 0.5406250000000001
1 0.890625 0.5656250000000002 0.878125 0.5656250000000002 0.878125 0.6062500000000002 0.890625 0.6062500000000002
1 0.915625 0.5640625000000001 0.9 0.5640625000000001 0.9 0.6031250000000001 0.915625 0.6031250000000001
1 0.9328125 0.5656250000000002 0.9171875 0.5656250000000002 0.9171875 0.6031250000000001 0.9328125 0.6031250000000001
1 0.890625 0.6250000000000002 0.878125 0.6250000000000002 0.878125 0.6593750000000002 0.890625 0.6593750000000002
1 0.9078125 0.6250000000000002 0.89375 0.6250000000000002 0.89375 0.6625000000000002 0.9078125 0.6625000000000002
1 0.93125 0.6250000000000002 0.915625 0.6250000000000002 0.915625 0.6593750000000002 0.93125 0.6593750000000002
1 0.9 0.6890625000000001 0.884375 0.6890625000000001 0.884375 0.7218750000000002 0.9 0.7218750000000002
1 0.925 0.6859375000000002 0.909375 0.6859375000000002 0.909375 0.7218750000000002 0.925 0.7218750000000002
1 0.9015625 0.7468750000000002 0.8875 0.7468750000000002 0.8875 0.7843750000000002 0.9015625 0.7843750000000002
1 0.9 0.80625 0.884375 0.80625 0.884375 0.84375 0.9 0.84375
1 0.9015625 0.8671875 0.88125 0.8671875 0.88125 0.90625 0.9015625 0.90625
1 0.928125 0.8671875 0.909375 0.8671875 0.909375 0.90625 0.928125 0.90625
1 0.9265625 0.8015625 0.9078125 0.8015625 0.9078125 0.8515625 0.9265625 0.8515625
1 0.9265625 0.7453125000000002 0.90625 0.7453125000000002 0.90625 0.7843750000000002 0.9265625 0.7843750000000002
2 0.3984375000000001 0.5921875 0.3890625000000001 0.5921875 0.3890625000000001 0.609375 0.3984375000000001 0.609375
2 0.3984375000000001 0.653125 0.3890625000000001 0.653125 0.3890625000000001 0.66875 0.3984375000000001 0.66875
2 0.3984375000000001 0.7140625 0.3890625000000001 0.7140625 0.3890625000000001 0.728125 0.3984375000000001 0.728125
2 0.3984375000000001 0.771875 0.3906250000000001 0.771875 0.3906250000000001 0.7890625 0.3984375000000001 0.7890625
2 0.3984375000000001 0.8359375 0.3890625000000001 0.8359375 0.3890625000000001 0.85 0.3984375000000001 0.85
2 0.3968750000000001 0.8953125 0.3906250000000001 0.8953125 0.3906250000000001 0.909375 0.3968750000000001 0.909375
2 0.5140625000000002 0.89375 0.5031250000000002 0.89375 0.5031250000000002 0.9109375 0.5140625000000002 0.9109375
2 0.5109375000000002 0.834375 0.5015625000000001 0.834375 0.5015625000000001 0.85 0.5109375000000002 0.85
2 0.5125000000000002 0.775 0.5015625000000001 0.775 0.5015625000000001 0.7890625 0.5125000000000002 0.7890625
2 0.5109375 0.7109375 0.503125 0.7109375 0.503125 0.7265625 0.5109375000000002 0.7265625
2 0.5125 0.653125 0.503125 0.653125 0.503125 0.66875 0.5125 0.66875
2 0.5125 0.5921875 0.503125 0.5921875 0.503125 0.609375 0.5125 0.609375
2 0.6359375 0.5921875 0.6296875 0.5921875 0.6296875 0.6109375 0.6359375 0.6109375
2 0.6359375 0.6515625 0.625 0.6515625 0.625 0.6703125 0.6359375 0.6703125
2 0.6375000000000001 0.7125 0.628125 0.7125 0.628125 0.728125 0.6375000000000002 0.728125
2 0.6375000000000002 0.775 0.6296875000000002 0.775 0.6296875000000002 0.790625 0.6375000000000002 0.790625
2 0.6375000000000002 0.834375 0.6296875000000002 0.834375 0.6296875000000002 0.8515625 0.6375000000000002 0.8515625
2 0.6359375000000002 0.896875 0.6296875000000002 0.896875 0.6296875000000002 0.9078125 0.6359375000000002 0.9078125
2 0.7718750000000002 0.896875 0.7640625000000002 0.896875 0.7640625000000002 0.909375 0.7718750000000002 0.909375
2 0.7734375000000002 0.834375 0.7656250000000002 0.834375 0.7656250000000002 0.85 0.7734375000000002 0.85
2 0.7734375000000002 0.7750000000000001 0.7640625000000002 0.7750000000000001 0.7640625000000002 0.7890625000000002 0.7734375000000002 0.7890625000000002
2 0.7718750000000001 0.7109375000000002 0.7640625 0.7109375000000002 0.7640625000000001 0.7281250000000001 0.7718750000000002 0.7281250000000001
2 0.78125 0.6531250000000002 0.7703125 0.6531250000000002 0.7703125 0.6671875000000002 0.78125 0.6671875000000002
2 0.903125 0.5921875000000002 0.890625 0.5921875000000002 0.890625 0.6109375000000001 0.903125 0.6109375000000001
2 0.9171875 0.6500000000000001 0.90625 0.6500000000000001 0.90625 0.6671875000000002 0.9171875 0.6671875000000002
2 0.909375 0.7140625000000002 0.9 0.7140625000000002 0.9 0.7296875000000002 0.909375 0.7296875000000002
2 0.909375 0.7750000000000001 0.9 0.7750000000000001 0.9 0.7890625000000002 0.909375 0.7890625000000002
2 0.9078125 0.834375 0.9 0.834375 0.9 0.8515625 0.9078125 0.8515625
2 0.909375 0.89375 0.8984375 0.89375 0.8984375 0.909375 0.909375 0.909375