2 0.8125 0.7390625000000002 0.7906250000000001 0.7390625000000002 0.7906250000000001 0.7546875000000002 0.8125 0.7546875000000002
2 0.809375 0.7718750000000002 0.7968750000000002 0.7718750000000002 0.7968750000000002 0.7890625000000002 0.809375 0.7890625000000002
2 0.8109375 0.80625 0.7968750000000002 0.80625 0.7968750000000002 0.8203125 0.8109375 0.8203125
2 0.809375 0.8390625 0.7968750000000002 0.8390625 0.7968750000000002 0.8515625 0.809375 0.8515625
2 0.809375 0.875 0.7953125000000002 0.875 0.7953125000000002 0.890625 0.809375 0.890625
2 0.8140625 0.9109375 0.7968750000000002 0.9109375 0.7968750000000002 0.925 0.8140625 0.925
2 0.9390625 0.7375000000000002 0.9234375 0.7375000000000002 0.9234375 0.7562500000000002 0.9390625 0.7562500000000002
2 0.9390625 0.7718750000000002 0.9265625 0.7718750000000002 0.9265625 0.7875000000000002 0.9390625 0.7875000000000002
2 0.9421875 0.8046875 0.9234375 0.8046875 0.9234375 0.821875 0.9421875 0.821875
2 0.94375 0.8390625 0.9296875 0.8390625 0.9296875 0.8546875 0.94375 0.8546875
2 0.946875 0.8734375 0.9328125 0.8734375 0.9328125 0.8890625 0.946875 0.8890625
2 0.940625 0.9109375 0.9265625 0.9109375 0.9265625 0.925 0.940625 0.925
0 0.2687500000000001 0.68125 0.2593750000000001 0.68125 0.2593750000000001 0.9984375 0.2687500000000001 0.9984375
0 0.5890625 0.6390625 0.3687500000000001 0.6390625 0.3687500000000001 0.65 0.5890625 0.65
0 0.27812500000000007 0.46875 0.2687500000000001 0.46875 0.2687500000000001 0.6046875 0.27812500000000007 0.6046875
0 0.27968750000000003 0.3203125 0.26875 0.3203125 0.26875000000000004 0.4640625 0.2796875000000001 0.4640625
0 0.2796875 0.17500000000000004 0.2671875 0.17500000000000004 0.2671875 0.31875 0.2796875 0.31875
0 0.2765625 0.007812500000000033 0.2671875 0.007812500000000033 0.2671875 0.14843750000000006 0.2765625 0.14843750000000006
0 0.5421875 0.3843750000000001 0.41875 0.3843750000000001 0.41875 0.3968750000000001 0.5421875 0.3968750000000001
0 0.659375 0.00312500000000008 0.65 0.003125000000000079 0.65 0.2578125000000001 0.659375 0.2578125000000001
0 0.6890625 8.362041425428021e-17 0.6765625 8.285501000481311e-17 0.6765625 0.4609375 0.6890625 0.4609375
0 0.6890625000000001 0.665625 0.6796875 0.665625 0.6796875000000001 0.9984375 0.6890625000000001 0.9984375
1 0.8265625 0.7328125000000002 0.8140625 0.7328125000000002 0.8140625 0.7640625000000002 0.8265625 0.7640625000000002
1 0.8265625 0.7687500000000002 0.8171875 0.7687500000000002 0.8171875 0.7875000000000002 0.8265625 0.7875000000000002
1 0.825 0.7984375000000001 0.815625 0.7984375000000001 0.815625 0.825 0.825 0.825
1 0.8234375 0.8328125 0.815625 0.8328125 0.815625 0.8546875 0.8234375 0.8546875
1 0.8234375 0.8703125 0.815625 0.8703125 0.815625 0.89375 0.8234375 0.89375
1 0.828125 0.9046875 0.815625 0.9046875 0.815625 0.9296875 0.828125 0.9296875
1 0.8421875 0.9046875 0.83125 0.9046875 0.83125 0.934375 0.8421875 0.934375
1 0.8390625 0.7312500000000002 0.8296875 0.7312500000000002 0.8296875 0.7609375000000002 0.8390625 0.7609375000000002
1 0.840625 0.7656250000000002 0.83125 0.7656250000000002 0.83125 0.7906250000000001 0.840625 0.7906250000000001
1 0.840625 0.8 0.83125 0.8 0.83125 0.825 0.840625 0.825
1 0.8375 0.8359375 0.828125 0.8359375 0.828125 0.8546875 0.8375 0.8546875
1 0.8375 0.8703125 0.825 0.8703125 0.825 0.8953125 0.8375 0.8953125
1 0.85 0.7312500000000002 0.840625 0.7312500000000002 0.840625 0.7593750000000001 0.85 0.7593750000000001
1 0.9515625 0.7312500000000002 0.9421875 0.7312500000000002 0.9421875 0.7562500000000002 0.9515625 0.7562500000000002
1 0.95625 0.7687500000000002 0.94375 0.7687500000000002 0.94375 0.7890625000000002 0.95625 0.7890625000000002
1 0.9703125 0.7671875000000001 0.959375 0.7671875000000001 0.959375 0.7875000000000002 0.9703125 0.7875000000000002
1 0.953125 0.7968750000000002 0.9421875 0.7968750000000002 0.9421875 0.825 0.953125 0.825
1 0.96875 0.8015625 0.9609375 0.8015625 0.9609375 0.8234375 0.96875 0.8234375
1 0.9765625 0.8 0.9671875 0.8 0.9671875 0.8265625 0.9765625 0.8265625
1 0.95625 0.834375 0.9453125 0.834375 0.9453125 0.859375 0.95625 0.859375
1 0.9921875 0.834375 0.9828125 0.834375 0.9828125 0.85625 0.9921875 0.85625
1 0.9625 0.903125 0.9515625 0.903125 0.9515625 0.9328125 0.9625 0.9328125
1 0.9984375 0.90625 0.9890625 0.90625 0.9890625 0.925 0.9984375 0.925