0 0.928125 0.2234375000000001 0.58125 0.2234375000000001 0.58125 0.4671875000000001 0.928125 0.4671875000000002
0 0.8953125 0.2218750000000001 0.584375 0.2218750000000001 0.584375 0.3968750000000001 0.8953125 0.3968750000000001
0 0.8125 0.2218750000000001 0.5828125 0.2218750000000001 0.5828125 0.33281250000000007 0.8125 0.33281250000000007
0 0.9296875 0.17812500000000012 0.825 0.1781250000000001 0.825 0.2687500000000001 0.9296875 0.2687500000000001
0 0.9890625 0.09218750000000012 0.9234375 0.09218750000000012 0.9234375 0.17968750000000014 0.9890625 0.17968750000000014
0 0.6125 0.2171875000000001 0.5109375 0.2171875000000001 0.5109375 0.46875 0.6125 0.46875
0 0.540625 0.07343750000000007 0.4828125 0.07343750000000007 0.4828125 0.20312500000000008 0.540625 0.20312500000000008
0 0.7171875 0.09218750000000009 0.7015625 0.09218750000000009 0.7015625 0.1781250000000001 0.7171875 0.1781250000000001
2 0.6953125 0.05625000000000009 0.6515625 0.05625000000000009 0.6515625 0.0828125000000001 0.6953125 0.0828125000000001
2 0.8109375 0.006250000000000094 0.71875 0.006250000000000089 0.71875 0.07968750000000009 0.8109375 0.07968750000000009
2 0.9578125 0.05156250000000011 0.9203125 0.05156250000000011 0.9203125 0.09687500000000011 0.9578125 0.09687500000000011
1 0.959375 0.12031250000000013 0.9390625 0.12031250000000013 0.9390625 0.14531250000000012 0.959375 0.14531250000000012
1 0.76875 0.4109375000000002 0.753125 0.4109375000000002 0.753125 0.4390625000000002 0.76875 0.4390625000000002
1 0.578125 0.40625 0.559375 0.40625 0.559375 0.4359375 0.578125 0.4359375
1 0.6921875 0.2734375000000001 0.6734375 0.2734375000000001 0.6734375 0.3031250000000001 0.6921875 0.3031250000000001
1 0.759375 0.3375000000000001 0.7390625 0.3375000000000001 0.7390625 0.37187500000000007 0.759375 0.37187500000000007
1 0.771875 0.3468750000000001 0.7515625 0.3468750000000001 0.7515625 0.3734375000000001 0.771875 0.3734375000000001
1 0.703125 0.2828125000000001 0.6890625 0.2828125000000001 0.6890625 0.30937500000000007 0.703125 0.30937500000000007
1 0.7171875 0.26250000000000007 0.7 0.26250000000000007 0.7 0.2890625000000001 0.7171875 0.2890625000000001
1 0.7296875 0.26250000000000007 0.7140625 0.26250000000000007 0.7140625 0.28593750000000007 0.7296875 0.28593750000000007
1 0.7453125 0.2609375000000001 0.73125 0.2609375000000001 0.73125 0.2921875000000001 0.7453125 0.2921875000000001
0 0.6546875 0.1906250000000001 0.59375 0.1906250000000001 0.59375 0.24218750000000008 0.6546875 0.24218750000000008
1 0.628125 0.2640625000000001 0.6109375 0.2640625000000001 0.6109375 0.2843750000000001 0.628125 0.2843750000000001
1 0.653125 0.1984375000000001 0.63125 0.1984375000000001 0.63125 0.2312500000000001 0.653125 0.2312500000000001
1 0.4984375 0.11562500000000005 0.478125 0.11562500000000005 0.478125 0.14687500000000003 0.4984375 0.14687500000000003
1 0.665625 0.02343750000000008 0.653125 0.023437500000000076 0.653125 0.05156250000000009 0.665625 0.05156250000000009
1 0.6859375 0.026562500000000083 0.66875 0.02656250000000008 0.66875 0.05312500000000009 0.6859375 0.05312500000000009
1 0.934375 0.034375000000000114 0.9203125 0.034375000000000114 0.9203125 0.06250000000000011 0.934375 0.06250000000000011
1 0.95 0.03593750000000011 0.9359375 0.03593750000000011 0.9359375 0.06093750000000011 0.95 0.06093750000000011
1 0.7046875 0.1281250000000001 0.68125 0.1281250000000001 0.68125 0.15000000000000008 0.7046875 0.15000000000000008
1 0.7015625 0.11718750000000008 0.69375 0.11718750000000008 0.69375 0.13281250000000008 0.7015625 0.13281250000000008
0 0.7609375 0.0906250000000001 0.7375 0.0906250000000001 0.7375 0.1281250000000001 0.7609375 0.1281250000000001
0 1 0.8859375 0.8921875 0.8859375 0.8921875 0.9984375 1 0.9984375
0 0.96875 0.6968750000000001 0.9453125 0.6968750000000001 0.9453125 0.86875 0.96875 0.86875
1 0.9484375 0.7750000000000001 0.9171875 0.7750000000000001 0.9171875 0.809375 0.9484375 0.809375
1 0.975 0.9078125 0.9453125 0.9078125 0.9453125 0.959375 0.975 0.959375