0 0.596875 0.2296875000000001 0.5453125 0.2296875000000001 0.5453125 0.3500000000000001 0.596875 0.3500000000000001
0 0.54375 0.14843750000000006 0.38125 0.14843750000000006 0.38125 0.2453125000000001 0.54375 0.2453125000000001
0 0.38281250000000006 0.16718750000000004 0.30625 0.16718750000000004 0.30625 0.4171875 0.3828125000000001 0.4171875
0 0.3828125 0.24218750000000006 0.3375 0.2421875 0.3375 0.33906250000000004 0.3828125 0.3390625000000001
0 0.425 0.3390625000000001 0.3703125 0.3390625000000001 0.37031250000000004 0.43125 0.425 0.43125
0 0.17656250000000004 0.325 0.12187500000000004 0.325 0.12187500000000004 0.4109375 0.17656250000000004 0.4109375
0 0.778125 0.34062500000000007 0.7109375 0.34062500000000007 0.7109375 0.4078125000000001 0.778125 0.4078125000000002
0 0.765625 0.1703125000000001 0.7234375 0.1703125000000001 0.7234375 0.2375000000000001 0.765625 0.2375000000000001
0 0.91875 0.1671875000000001 0.8375 0.1671875000000001 0.8375 0.23593750000000008 0.91875 0.23593750000000008
1 0.15781250000000005 0.3375 0.15468750000000003 0.3375 0.15468750000000003 0.3546875 0.15781250000000005 0.3546875
1 0.16718750000000004 0.3375 0.16093750000000004 0.3375 0.16093750000000004 0.3546875 0.16718750000000004 0.3546875
1 0.2984375 0.290625 0.2859375 0.290625 0.2859375 0.3046875 0.2984375 0.3046875
1 0.2984375 0.278125 0.2859375 0.278125 0.2859375 0.2921875 0.2984375 0.2921875
2 0.340625 0.29375 0.3265625 0.29375 0.3265625 0.3109375 0.340625 0.3109375
1 0.340625 0.2828125 0.328125 0.2828125 0.328125 0.29375 0.340625 0.29375
1 0.3390625 0.2671875 0.328125 0.2671875 0.328125 0.28125 0.3390625 0.28125
1 0.39531250000000007 0.39531250000000007 0.38750000000000007 0.39531250000000007 0.38750000000000007 0.4125 0.39531250000000007 0.4125
1 0.403125 0.3968750000000001 0.3968750000000001 0.3968750000000001 0.3968750000000001 0.4140625 0.403125 0.4140625
1 0.5875 0.28593750000000007 0.5734375 0.28593750000000007 0.5734375 0.2921875000000001 0.5875 0.2921875000000001
1 0.5859375 0.27031250000000007 0.575 0.27031250000000007 0.575 0.2843750000000001 0.5859375 0.2843750000000001
1 0.4671875 0.13281250000000006 0.45625 0.13281250000000006 0.45625 0.15625000000000006 0.4671875 0.15625000000000006
1 0.74375 0.3671875000000001 0.7359375 0.3671875000000001 0.7359375 0.3843750000000001 0.74375 0.3843750000000001
1 0.7515625 0.3671875000000001 0.7421875 0.3671875000000001 0.7421875 0.3859375000000001 0.7515625 0.3859375000000001
1 0.7484375 0.1531250000000001 0.74375 0.1531250000000001 0.74375 0.1703125000000001 0.7484375 0.1703125000000001
1 0.7578125 0.1515625000000001 0.75 0.1515625000000001 0.75 0.1703125000000001 0.7578125 0.1703125000000001
1 0.6875 0.10312500000000009 0.6796875 0.10312500000000009 0.6796875 0.11875000000000009 0.6875 0.11875000000000009
1 0.6984375 0.10468750000000009 0.6890625 0.10468750000000009 0.6890625 0.11875000000000009 0.6984375 0.11875000000000009
1 0.875 0.1531250000000001 0.8703125 0.1531250000000001 0.8703125 0.1703125000000001 0.875 0.1703125000000001
1 0.88125 0.1531250000000001 0.8765625 0.1531250000000001 0.8765625 0.1703125000000001 0.88125 0.1703125000000001
1 0.8 0.10312500000000009 0.7921875 0.10312500000000009 0.7921875 0.11875000000000009 0.8 0.11875000000000009
1 0.821875 0.10312500000000009 0.8109375 0.10312500000000009 0.8109375 0.11875000000000009 0.821875 0.11875000000000009
1 0.8109375 0.10312500000000009 0.8 0.10312500000000009 0.8 0.12031250000000009 0.8109375 0.12031250000000009
2 0.29375 0.2671875 0.2875 0.2671875 0.2875 0.278125 0.29375 0.278125
1 0.1437500000000001 0.55 0.1375000000000001 0.55 0.1375000000000001 0.565625 0.1437500000000001 0.565625
1 0.1453125000000001 0.5765625 0.1375000000000001 0.5765625 0.1375000000000001 0.590625 0.1453125000000001 0.590625
1 0.1453125000000001 0.6015625 0.1359375000000001 0.6015625 0.1359375000000001 0.6203125 0.1453125000000001 0.6203125
1 0.1453125000000001 0.653125 0.1375000000000001 0.653125 0.1375000000000001 0.671875 0.1453125000000001 0.671875
1 0.1546875000000001 0.653125 0.1468750000000001 0.653125 0.1468750000000001 0.671875 0.1546875000000001 0.671875
1 0.1531250000000001 0.6 0.1453125000000001 0.6 0.1453125000000001 0.61875 0.1531250000000001 0.61875
1 0.1531250000000001 0.575 0.1468750000000001 0.575 0.1468750000000001 0.5921875 0.1531250000000001 0.5921875
1 0.1546875000000001 0.5484375 0.1468750000000001 0.5484375 0.1468750000000001 0.565625 0.1546875000000001 0.565625
1 0.1531250000000001 0.70625 0.1453125000000001 0.70625 0.1453125000000001 0.725 0.1531250000000001 0.725
1 0.1453125000000001 0.70625 0.1359375000000001 0.70625 0.1359375000000001 0.721875 0.1453125000000001 0.721875
1 0.1531250000000001 0.8109375 0.1453125000000001 0.8109375 0.1453125000000001 0.8265625 0.1531250000000001 0.8265625
1 0.1453125000000001 0.8109375 0.1359375000000001 0.8109375 0.1359375000000001 0.8265625 0.1453125000000001 0.8265625
1 0.1531250000000001 0.8640625 0.1468750000000001 0.8640625 0.1468750000000001 0.8796875 0.1531250000000001 0.8796875
1 0.1453125000000001 0.8640625 0.1375000000000001 0.8640625 0.1375000000000001 0.8796875 0.1453125000000001 0.8796875
1 0.22656250000000008 0.8109375 0.22031250000000008 0.8109375 0.22031250000000008 0.8265625 0.22656250000000008 0.8265625
1 0.22656250000000008 0.8640625 0.22031250000000008 0.8640625 0.22031250000000008 0.88125 0.22656250000000008 0.88125
1 0.23593750000000008 0.8625 0.22656250000000008 0.8625 0.22656250000000008 0.8796875 0.23593750000000008 0.8796875
1 0.23593750000000008 0.8109375 0.2296875000000001 0.8109375 0.2296875000000001 0.8265625 0.23593750000000008 0.8265625
1 0.2484375000000001 0.8109375 0.24218750000000008 0.8109375 0.24218750000000008 0.828125 0.2484375000000001 0.828125
1 0.2484375000000001 0.8625 0.24218750000000008 0.8625 0.24218750000000008 0.8796875 0.2484375000000001 0.8796875
1 0.2578125000000001 0.8625 0.2500000000000001 0.8625 0.2500000000000001 0.878125 0.2578125000000001 0.878125
1 0.2593750000000001 0.8109375 0.2500000000000001 0.8109375 0.2500000000000001 0.828125 0.2593750000000001 0.828125
1 0.3343750000000001 0.8109375 0.3265625000000001 0.8109375 0.3265625000000001 0.8265625 0.3343750000000001 0.8265625
1 0.3343750000000001 0.8640625 0.3265625000000001 0.8640625 0.3265625000000001 0.88125 0.3343750000000001 0.88125
1 0.3937500000000001 0.8109375 0.38750000000000007 0.8109375 0.38750000000000007 0.828125 0.3937500000000001 0.828125
1 0.3843750000000001 0.8109375 0.3765625000000001 0.8109375 0.3765625000000001 0.828125 0.3843750000000001 0.828125
1 0.3765625000000001 0.8109375 0.3687500000000001 0.8109375 0.3687500000000001 0.8265625 0.3765625000000001 0.8265625
1 0.3687500000000001 0.8109375 0.3609375000000001 0.8109375 0.3609375000000001 0.8265625 0.3687500000000001 0.8265625
1 0.3421875000000001 0.8109375 0.3359375000000001 0.8109375 0.3359375000000001 0.8265625 0.3421875000000001 0.8265625
1 0.3515625000000001 0.8125 0.3437500000000001 0.8125 0.3437500000000001 0.8265625 0.3515625000000001 0.8265625
1 0.3593750000000001 0.8125 0.3515625000000001 0.8125 0.3515625000000001 0.8265625 0.3593750000000001 0.8265625
1 0.3421875000000001 0.8640625 0.3359375000000001 0.8640625 0.3359375000000001 0.8796875 0.3421875000000001 0.8796875
1 0.3515625000000001 0.8640625 0.3453125000000001 0.8640625 0.3453125000000001 0.8796875 0.3515625000000001 0.8796875
1 0.3593750000000001 0.8640625 0.3515625000000001 0.8640625 0.3515625000000001 0.878125 0.3593750000000001 0.878125
1 0.3687500000000001 0.8640625 0.3609375000000001 0.8640625 0.3609375000000001 0.878125 0.3687500000000001 0.878125
1 0.3765625000000001 0.8640625 0.3687500000000001 0.8640625 0.3687500000000001 0.8796875 0.3765625000000001 0.8796875
1 0.3859375000000001 0.8640625 0.3765625000000001 0.8640625 0.3765625000000001 0.8796875 0.3859375000000001 0.8796875
1 0.3937500000000001 0.8625 0.38750000000000007 0.8625 0.38750000000000007 0.8796875 0.3937500000000001 0.8796875
1 0.2312500000000001 0.55 0.2234375000000001 0.55 0.2234375000000001 0.565625 0.2312500000000001 0.565625
1 0.2328125000000001 0.5765625 0.2234375000000001 0.5765625 0.2234375000000001 0.5921875 0.2328125000000001 0.5921875
1 0.2312500000000001 0.6015625 0.2234375000000001 0.6015625 0.2234375000000001 0.61875 0.2312500000000001 0.61875
1 0.2312500000000001 0.6546875 0.2234375000000001 0.6546875 0.2234375000000001 0.6703125 0.2312500000000001 0.6703125
1 0.2531250000000001 0.6015625 0.2453125000000001 0.6015625 0.2453125000000001 0.61875 0.2531250000000001 0.61875
1 0.2453125000000001 0.6015625 0.2375000000000001 0.6015625 0.2375000000000001 0.61875 0.2453125000000001 0.61875
1 0.2453125000000001 0.575 0.2375000000000001 0.575 0.2375000000000001 0.5921875 0.2453125000000001 0.5921875
1 0.25468750000000007 0.5765625 0.2453125000000001 0.5765625 0.2453125000000001 0.590625 0.25468750000000007 0.590625
1 0.2531250000000001 0.5484375 0.2453125000000001 0.5484375 0.2453125000000001 0.565625 0.2531250000000001 0.565625
1 0.2453125000000001 0.55 0.2375000000000001 0.55 0.2375000000000001 0.5671875 0.2453125000000001 0.5671875
1 0.2453125000000001 0.6546875 0.2375000000000001 0.6546875 0.2375000000000001 0.6703125 0.2453125000000001 0.6703125
1 0.25468750000000007 0.6546875 0.2453125000000001 0.6546875 0.2453125000000001 0.6703125 0.25468750000000007 0.6703125
1 0.2593750000000001 0.70625 0.2515625000000001 0.70625 0.2515625000000001 0.7234375 0.2593750000000001 0.7234375
1 0.2500000000000001 0.7078125 0.24375000000000008 0.7078125 0.24375000000000008 0.721875 0.2500000000000001 0.721875
1 0.22656250000000008 0.7078125 0.2218750000000001 0.7078125 0.2218750000000001 0.7234375 0.22656250000000008 0.7234375
1 0.23593750000000008 0.7078125 0.22812500000000008 0.7078125 0.22812500000000008 0.7234375 0.23593750000000008 0.7234375
2 0.23593750000000008 0.6125 0.2312500000000001 0.6125 0.2312500000000001 0.621875 0.23593750000000008 0.621875
2 0.2375000000000001 0.665625 0.2328125000000001 0.665625 0.2328125000000001 0.6734375 0.2375000000000001 0.6734375
2 0.24218750000000008 0.7171875 0.2375000000000001 0.7171875 0.2375000000000001 0.725 0.24218750000000008 0.725
2 0.23593750000000008 0.5875 0.2328125000000001 0.5875 0.2328125000000001 0.5953125 0.23593750000000008 0.5953125
2 0.2375000000000001 0.5609375 0.2328125000000001 0.5609375 0.2328125000000001 0.56875 0.2375000000000001 0.56875
1 0.3343750000000001 0.5484375 0.3265625000000001 0.5484375 0.3265625000000001 0.565625 0.3343750000000001 0.565625
1 0.3421875000000001 0.55 0.3359375000000001 0.55 0.3359375000000001 0.565625 0.3421875000000001 0.565625
1 0.3515625000000001 0.55 0.3453125000000001 0.55 0.3453125000000001 0.565625 0.3515625000000001 0.565625
1 0.3593750000000001 0.55 0.3531250000000001 0.55 0.3531250000000001 0.5640625 0.3593750000000001 0.5640625
1 0.3343750000000001 0.5765625 0.3265625000000001 0.5765625 0.3265625000000001 0.5921875 0.3343750000000001 0.5921875
1 0.3343750000000001 0.6015625 0.3265625000000001 0.6015625 0.3265625000000001 0.6171875 0.3343750000000001 0.6171875
1 0.3343750000000001 0.6546875 0.3265625000000001 0.6546875 0.3265625000000001 0.6703125 0.3343750000000001 0.6703125
1 0.3437500000000001 0.6546875 0.3343750000000001 0.6546875 0.3343750000000001 0.6703125 0.3437500000000001 0.6703125
1 0.3515625000000001 0.6546875 0.3437500000000001 0.6546875 0.3437500000000001 0.66875 0.3515625000000001 0.66875
1 0.3609375000000001 0.6546875 0.3515625000000001 0.6546875 0.3515625000000001 0.66875 0.3609375000000001 0.66875
1 0.3687500000000001 0.65625 0.3609375000000001 0.65625 0.3609375000000001 0.6703125 0.3687500000000001 0.6703125
1 0.3937500000000001 0.653125 0.38750000000000007 0.653125 0.38750000000000007 0.6703125 0.3937500000000001 0.6703125
1 0.3765625000000001 0.6546875 0.3703125000000001 0.6546875 0.3703125000000001 0.6703125 0.3765625000000001 0.6703125
1 0.3859375000000001 0.653125 0.3781250000000001 0.653125 0.3781250000000001 0.6703125 0.3859375000000001 0.6703125
1 0.3421875000000001 0.5765625 0.3359375000000001 0.5765625 0.3359375000000001 0.590625 0.3421875000000001 0.590625
1 0.3421875000000001 0.6015625 0.3359375000000001 0.6015625 0.3359375000000001 0.61875 0.3421875000000001 0.61875
1 0.3500000000000001 0.603125 0.3437500000000001 0.603125 0.3437500000000001 0.6171875 0.3500000000000001 0.6171875
1 0.3515625000000001 0.5765625 0.3453125000000001 0.5765625 0.3453125000000001 0.5921875 0.3515625000000001 0.5921875
1 0.3609375000000001 0.5765625 0.3515625000000001 0.5765625 0.3515625000000001 0.590625 0.3609375000000001 0.590625
1 0.3609375000000001 0.6015625 0.3515625000000001 0.6015625 0.3515625000000001 0.61875 0.3609375000000001 0.61875
1 0.3687500000000001 0.5765625 0.3609375000000001 0.5765625 0.3609375000000001 0.590625 0.3687500000000001 0.590625
1 0.3671875000000001 0.55 0.3609375000000001 0.55 0.3609375000000001 0.5640625 0.3671875000000001 0.5640625
1 0.3671875000000001 0.6015625 0.3609375000000001 0.6015625 0.3609375000000001 0.61875 0.3671875000000001 0.61875
1 0.3765625000000001 0.603125 0.3687500000000001 0.603125 0.3687500000000001 0.6171875 0.3765625000000001 0.6171875
1 0.3765625000000001 0.5765625 0.3687500000000001 0.5765625 0.3687500000000001 0.5921875 0.3765625000000001 0.5921875
1 0.3859375000000001 0.6015625 0.3765625000000001 0.6015625 0.3765625000000001 0.6171875 0.3859375000000001 0.6171875
1 0.3937500000000001 0.6015625 0.38750000000000007 0.6015625 0.38750000000000007 0.6171875 0.3937500000000001 0.6171875
1 0.3921875000000001 0.575 0.38750000000000007 0.575 0.38750000000000007 0.5921875 0.3921875000000001 0.5921875
1 0.3843750000000001 0.575 0.3781250000000001 0.575 0.3781250000000001 0.590625 0.3843750000000001 0.590625
1 0.3765625000000001 0.5484375 0.3687500000000001 0.5484375 0.3687500000000001 0.565625 0.3765625000000001 0.565625
1 0.3859375000000001 0.55 0.3765625000000001 0.55 0.3765625000000001 0.5640625 0.3859375000000001 0.5640625
1 0.3937500000000001 0.55 0.38750000000000007 0.55 0.38750000000000007 0.5671875 0.3937500000000001 0.5671875
1 0.3937500000000001 0.70625 0.38750000000000007 0.70625 0.38750000000000007 0.721875 0.3937500000000001 0.721875
1 0.3859375000000001 0.7078125 0.3781250000000001 0.7078125 0.3781250000000001 0.7234375 0.3859375000000001 0.7234375
1 0.3765625000000001 0.70625 0.3687500000000001 0.70625 0.3687500000000001 0.721875 0.3765625000000001 0.721875
1 0.3687500000000001 0.70625 0.3609375000000001 0.70625 0.3609375000000001 0.721875 0.3687500000000001 0.721875
1 0.3609375000000001 0.7078125 0.3515625000000001 0.7078125 0.3515625000000001 0.721875 0.3609375000000001 0.721875
1 0.3500000000000001 0.7078125 0.3453125000000001 0.7078125 0.3453125000000001 0.721875 0.3500000000000001 0.721875
1 0.3437500000000001 0.70625 0.3359375000000001 0.70625 0.3359375000000001 0.721875 0.3437500000000001 0.721875
1 0.3343750000000001 0.70625 0.3265625000000001 0.70625 0.3265625000000001 0.721875 0.3343750000000001 0.721875
1 0.46875 0.55 0.4609375 0.55 0.4609375 0.56875 0.46875 0.56875
1 0.4703125 0.575 0.4625 0.575 0.4625 0.59375 0.4703125 0.59375
1 0.4703125 0.6 0.4609375 0.6 0.4609375 0.61875 0.4703125 0.61875
1 0.46875 0.6546875 0.4609375 0.6546875 0.4609375 0.6703125 0.46875 0.6703125
1 0.46875 0.70625 0.4609375 0.70625 0.4609375 0.7234375 0.46875 0.7234375
1 0.478125 0.70625 0.4703125 0.70625 0.4703125 0.721875 0.478125 0.721875
1 0.478125 0.653125 0.4703125 0.653125 0.4703125 0.671875 0.478125 0.671875
1 0.478125 0.6015625 0.4703125 0.6015625 0.4703125 0.6171875 0.478125 0.6171875
1 0.4796875 0.575 0.471875 0.575 0.471875 0.59375 0.4796875 0.59375
1 0.478125 0.55 0.4703125 0.55 0.4703125 0.565625 0.478125 0.565625
1 0.4781250000000002 0.8109375 0.4703125000000002 0.8109375 0.4703125000000002 0.828125 0.4781250000000002 0.828125
1 0.46875000000000017 0.8109375 0.46093750000000017 0.8109375 0.46093750000000017 0.828125 0.46875000000000017 0.828125
1 0.4703125000000002 0.8625 0.46093750000000017 0.8625 0.46093750000000017 0.8796875 0.4703125000000002 0.8796875
1 0.47968750000000016 0.8625 0.4703125000000002 0.8625 0.4703125000000002 0.8796875 0.47968750000000016 0.8796875
1 0.5531250000000002 0.809375 0.5453125000000002 0.809375 0.5453125000000002 0.8265625 0.5531250000000002 0.8265625
1 0.5515625000000002 0.8609375 0.5437500000000002 0.8609375 0.5437500000000002 0.8796875 0.5515625000000002 0.8796875
1 0.5593750000000002 0.8109375 0.5515625000000002 0.8109375 0.5515625000000002 0.8265625 0.5593750000000002 0.8265625
1 0.5609375000000002 0.8640625 0.5531250000000002 0.8640625 0.5531250000000002 0.8796875 0.5609375000000002 0.8796875
1 0.5703125000000002 0.8640625 0.5625000000000002 0.8640625 0.5625000000000002 0.8796875 0.5703125000000002 0.8796875
1 0.5687500000000002 0.8109375 0.5625000000000002 0.8109375 0.5625000000000002 0.8265625 0.5687500000000002 0.8265625
1 0.5765625000000002 0.8625 0.5703125000000002 0.8625 0.5703125000000002 0.8796875 0.5765625000000002 0.8796875
1 0.5765625000000002 0.8125 0.5703125000000002 0.8125 0.5703125000000002 0.8265625 0.5765625000000002 0.8265625
1 0.5859375000000002 0.8640625 0.5781250000000002 0.8640625 0.5781250000000002 0.8796875 0.5859375000000002 0.8796875
1 0.6109375000000001 0.8640625 0.6062500000000002 0.8640625 0.6062500000000002 0.8796875 0.6109375000000001 0.8796875
1 0.6031250000000001 0.8640625 0.5953125000000001 0.8640625 0.5953125000000001 0.8796875 0.6031250000000001 0.8796875
1 0.5937500000000002 0.8625 0.5859375000000002 0.8625 0.5859375000000002 0.878125 0.5937500000000002 0.878125
1 0.6109375000000001 0.8109375 0.6046875000000002 0.8109375 0.6046875000000002 0.828125 0.6109375000000001 0.828125
1 0.6031250000000001 0.8125 0.5953125000000001 0.8125 0.5953125000000001 0.8265625 0.6031250000000001 0.8265625
1 0.5859375000000002 0.8109375 0.5781250000000002 0.8109375 0.5781250000000002 0.828125 0.5859375000000002 0.828125
1 0.5937500000000002 0.8125 0.5875000000000001 0.8125 0.5875000000000001 0.8265625 0.5937500000000002 0.8265625
1 0.6812500000000001 0.8125 0.6734375000000001 0.8125 0.6734375000000001 0.8265625 0.6812500000000001 0.8265625
1 0.6906250000000002 0.8125 0.6843750000000002 0.8125 0.6843750000000002 0.8265625 0.6906250000000002 0.8265625
1 0.6906250000000002 0.8625 0.6828125000000002 0.8625 0.6828125000000002 0.8796875 0.6906250000000002 0.8796875
1 0.6812500000000001 0.8640625 0.6734375000000001 0.8640625 0.6734375000000001 0.8796875 0.6812500000000001 0.8796875
1 0.553125 0.55 0.54375 0.55 0.54375 0.5671875 0.553125 0.5671875
1 0.5609375 0.5484375 0.553125 0.5484375 0.553125 0.565625 0.5609375 0.565625
1 0.56875 0.55 0.5625 0.55 0.5625 0.565625 0.56875 0.565625
1 0.578125 0.5515625 0.5703125 0.5515625 0.5703125 0.565625 0.578125 0.565625
1 0.5859375 0.55 0.578125 0.55 0.578125 0.565625 0.5859375 0.565625
1 0.59375 0.55 0.5875 0.55 0.5875 0.565625 0.59375 0.565625
1 0.603125 0.55 0.5953125 0.55 0.5953125 0.565625 0.603125 0.565625
1 0.6109375 0.5515625 0.6046875 0.5515625 0.6046875 0.565625 0.6109375 0.565625
1 0.603125 0.5765625 0.596875 0.5765625 0.596875 0.5921875 0.603125 0.5921875
1 0.6109375 0.5765625 0.6046875 0.5765625 0.6046875 0.590625 0.6109375 0.590625
1 0.59375 0.575 0.5875 0.575 0.5875 0.5921875 0.59375 0.5921875
1 0.578125 0.5765625 0.5703125 0.5765625 0.5703125 0.5921875 0.578125 0.5921875
1 0.5859375 0.5765625 0.578125 0.5765625 0.578125 0.5921875 0.5859375 0.5921875
1 0.56875 0.5765625 0.5625 0.5765625 0.5625 0.5921875 0.56875 0.5921875
1 0.5609375 0.575 0.553125 0.575 0.553125 0.590625 0.5609375 0.590625
1 0.553125 0.575 0.5453125 0.575 0.5453125 0.5921875 0.553125 0.5921875
1 0.6109375 0.6015625 0.603125 0.6015625 0.603125 0.61875 0.6109375 0.61875
1 0.5953125 0.603125 0.5875 0.603125 0.5875 0.61875 0.5953125 0.61875
1 0.603125 0.6015625 0.59375 0.6015625 0.59375 0.61875 0.603125 0.61875
1 0.5859375 0.6015625 0.578125 0.6015625 0.578125 0.6171875 0.5859375 0.6171875
1 0.578125 0.6015625 0.5703125 0.6015625 0.5703125 0.6171875 0.578125 0.6171875
1 0.5703125 0.6015625 0.5625 0.6015625 0.5625 0.6171875 0.5703125 0.6171875
1 0.5609375 0.6015625 0.553125 0.6015625 0.553125 0.6171875 0.5609375 0.6171875
1 0.553125 0.6015625 0.54375 0.6015625 0.54375 0.6171875 0.553125 0.6171875
1 0.553125 0.6546875 0.5453125 0.6546875 0.5453125 0.6703125 0.553125 0.6703125
1 0.5609375 0.65625 0.553125 0.65625 0.553125 0.6703125 0.5609375 0.6703125
1 0.56875 0.65625 0.5609375 0.65625 0.5609375 0.6703125 0.56875 0.6703125
1 0.578125 0.65625 0.5703125 0.65625 0.5703125 0.6703125 0.578125 0.6703125
1 0.5859375 0.6546875 0.578125 0.6546875 0.578125 0.6703125 0.5859375 0.6703125
1 0.59375 0.6546875 0.5875 0.6546875 0.5875 0.66875 0.59375 0.66875
1 0.603125 0.6546875 0.5953125 0.6546875 0.5953125 0.6703125 0.603125 0.6703125
1 0.6109375 0.6546875 0.6046875 0.6546875 0.6046875 0.6703125 0.6109375 0.6703125
1 0.6109375 0.70625 0.6046875 0.70625 0.6046875 0.7234375 0.6109375 0.7234375
1 0.603125 0.7078125 0.5953125 0.7078125 0.5953125 0.721875 0.603125 0.721875
1 0.5953125 0.70625 0.5875 0.70625 0.5875 0.721875 0.5953125 0.721875
1 0.5859375 0.7078125 0.578125 0.7078125 0.578125 0.7234375 0.5859375 0.7234375
1 0.578125 0.70625 0.5703125 0.70625 0.5703125 0.721875 0.578125 0.721875
1 0.56875 0.7078125 0.5625 0.7078125 0.5625 0.721875 0.56875 0.721875
1 0.5609375 0.7078125 0.553125 0.7078125 0.553125 0.721875 0.5609375 0.721875
1 0.553125 0.7078125 0.54375 0.7078125 0.54375 0.7234375 0.553125 0.7234375
1 0.640625 0.4453125 0.634375 0.4453125 0.634375 0.4625 0.640625 0.4625
1 0.65 0.4453125 0.6421875 0.4453125 0.6421875 0.4609375 0.65 0.4609375
1 0.6640625 0.4453125 0.65625 0.4453125 0.65625 0.4609375 0.6640625 0.4609375
1 0.7078125 0.471875 0.6984375 0.471875 0.6984375 0.4875 0.7078125 0.4875
1 0.6984375 0.4734375 0.6921875 0.4734375 0.6921875 0.4875 0.6984375 0.4875
1 0.684375 0.4703125 0.6765625 0.4703125 0.6765625 0.4859375 0.684375 0.4859375
1 0.675 0.4703125 0.6671875 0.4703125 0.6671875 0.4875 0.675 0.4875
1 0.665625 0.471875 0.6578125 0.471875 0.6578125 0.4875 0.665625 0.4875
1 0.690625 0.55 0.6828125 0.55 0.6828125 0.565625 0.690625 0.565625
1 0.68125 0.55 0.675 0.55 0.675 0.565625 0.68125 0.565625
1 0.690625 0.575 0.6828125 0.575 0.6828125 0.5921875 0.690625 0.5921875
1 0.6828125 0.5765625 0.675 0.5765625 0.675 0.5921875 0.6828125 0.5921875
1 0.6890625 0.6015625 0.6828125 0.6015625 0.6828125 0.6171875 0.6890625 0.6171875
1 0.6828125 0.603125 0.675 0.603125 0.675 0.6171875 0.6828125 0.6171875
1 0.690625 0.6546875 0.6828125 0.6546875 0.6828125 0.6703125 0.690625 0.6703125
1 0.6828125 0.6546875 0.675 0.6546875 0.675 0.66875 0.6828125 0.66875
1 0.690625 0.70625 0.6828125 0.70625 0.6828125 0.721875 0.690625 0.721875
1 0.6828125 0.7078125 0.675 0.7078125 0.675 0.721875 0.6828125 0.721875
1 0.8625 0.4468750000000002 0.8546875 0.4468750000000002 0.8546875 0.46093750000000017 0.8625 0.46093750000000017
1 0.871875 0.4468750000000002 0.8625 0.4468750000000002 0.8625 0.46093750000000017 0.871875 0.46093750000000017
1 0.8828125 0.4437500000000002 0.875 0.4437500000000002 0.875 0.4625000000000002 0.8828125 0.4625000000000002
1 0.91875 0.47187500000000016 0.9125 0.47187500000000016 0.9125 0.48750000000000016 0.91875 0.48750000000000016
1 0.928125 0.4703125000000002 0.9203125 0.4703125000000002 0.9203125 0.48750000000000016 0.928125 0.48750000000000016
1 0.903125 0.47187500000000016 0.8953125 0.47187500000000016 0.8953125 0.4859375000000002 0.903125 0.4859375000000002
1 0.89375 0.47187500000000016 0.8859375 0.47187500000000016 0.8859375 0.4859375000000002 0.89375 0.4859375000000002
1 0.8859375 0.4734375000000002 0.878125 0.4734375000000002 0.878125 0.4890625000000002 0.8859375 0.4890625000000002
1 0.7671875 0.5515625000000002 0.759375 0.5515625000000002 0.759375 0.5656250000000002 0.7671875 0.5656250000000002
1 0.775 0.5500000000000002 0.76875 0.5500000000000002 0.76875 0.5656250000000002 0.775 0.5656250000000002
1 0.7828125 0.5500000000000002 0.7765625 0.5500000000000002 0.7765625 0.5640625000000001 0.7828125 0.5640625000000001
1 0.79375 0.5500000000000002 0.784375 0.5500000000000002 0.784375 0.5656250000000002 0.79375 0.5656250000000002
1 0.8015625 0.5515625000000002 0.79375 0.5515625000000002 0.79375 0.5656250000000002 0.8015625 0.5656250000000002
1 0.809375 0.5500000000000002 0.8015625 0.5500000000000002 0.8015625 0.5656250000000002 0.809375 0.5656250000000002
1 0.81875 0.5500000000000002 0.809375 0.5500000000000002 0.809375 0.5656250000000002 0.81875 0.5656250000000002
1 0.8265625 0.5500000000000002 0.8203125 0.5500000000000002 0.8203125 0.5656250000000002 0.8265625 0.5656250000000002
1 0.8265625 0.5765625000000002 0.81875 0.5765625000000002 0.81875 0.5921875000000002 0.8265625 0.5921875000000002
1 0.81875 0.5765625000000002 0.809375 0.5765625000000002 0.809375 0.5921875000000002 0.81875 0.5921875000000002
1 0.809375 0.5765625000000002 0.8015625 0.5765625000000002 0.8015625 0.5921875000000002 0.809375 0.5921875000000002
1 0.8 0.5750000000000002 0.79375 0.5750000000000002 0.79375 0.5921875000000002 0.8 0.5921875000000002
1 0.7921875 0.5765625000000002 0.784375 0.5765625000000002 0.784375 0.5906250000000002 0.7921875 0.5906250000000002
1 0.784375 0.5765625000000002 0.7765625 0.5765625000000002 0.7765625 0.5921875000000002 0.784375 0.5921875000000002
1 0.7765625 0.5750000000000002 0.76875 0.5750000000000002 0.76875 0.5921875000000002 0.7765625 0.5921875000000002
1 0.7671875 0.5750000000000002 0.759375 0.5750000000000002 0.759375 0.5921875000000002 0.7671875 0.5921875000000002
1 0.8265625 0.6031250000000001 0.8203125 0.6031250000000001 0.8203125 0.6171875000000002 0.8265625 0.6171875000000002
1 0.81875 0.6031250000000001 0.8109375 0.6031250000000001 0.8109375 0.6171875000000002 0.81875 0.6171875000000002
1 0.809375 0.6031250000000001 0.8015625 0.6031250000000001 0.8015625 0.6171875000000002 0.809375 0.6171875000000002
1 0.8 0.6031250000000001 0.79375 0.6031250000000001 0.79375 0.6187500000000001 0.8 0.6187500000000001
1 0.7921875 0.6015625000000002 0.784375 0.6015625000000002 0.784375 0.6187500000000001 0.7921875 0.6187500000000001
1 0.7828125 0.6031250000000001 0.7765625 0.6031250000000001 0.7765625 0.6187500000000001 0.7828125 0.6187500000000001
1 0.775 0.6031250000000001 0.7671875 0.6031250000000001 0.7671875 0.6171875000000002 0.775 0.6171875000000002
1 0.7671875 0.6015625000000002 0.759375 0.6015625000000002 0.759375 0.6171875000000002 0.7671875 0.6171875000000002
1 0.8265625 0.6546875000000002 0.8203125 0.6546875000000002 0.8203125 0.6703125000000002 0.8265625 0.6703125000000002
1 0.8171875 0.6546875000000002 0.809375 0.6546875000000002 0.809375 0.6703125000000002 0.8171875 0.6703125000000002
1 0.809375 0.6531250000000002 0.8015625 0.6531250000000002 0.8015625 0.6703125000000002 0.809375 0.6703125000000002
1 0.8015625 0.6546875000000002 0.7921875 0.6546875000000002 0.7921875 0.6703125000000002 0.8015625 0.6703125000000002
1 0.7921875 0.6546875000000002 0.784375 0.6546875000000002 0.784375 0.6687500000000002 0.7921875 0.6687500000000002
1 0.784375 0.6546875000000002 0.775 0.6546875000000002 0.775 0.6687500000000002 0.784375 0.6687500000000002
1 0.775 0.6546875000000002 0.7671875 0.6546875000000002 0.7671875 0.6703125000000002 0.775 0.6703125000000002
1 0.7671875 0.6531250000000002 0.759375 0.6531250000000002 0.759375 0.6703125000000002 0.7671875 0.6703125000000002
1 0.7671875 0.7062500000000002 0.7578125 0.7062500000000002 0.7578125 0.7218750000000002 0.7671875 0.7218750000000002
1 0.7765625 0.7046875000000001 0.76875 0.7046875000000001 0.76875 0.7234375000000002 0.7765625 0.7234375000000002
1 0.784375 0.7062500000000002 0.7765625 0.7062500000000002 0.7765625 0.7218750000000002 0.784375 0.7218750000000002
1 0.7921875 0.7062500000000002 0.784375 0.7062500000000002 0.784375 0.7218750000000002 0.7921875 0.7218750000000002
1 0.8 0.7078125000000002 0.79375 0.7078125000000002 0.79375 0.7234375000000002 0.8 0.7234375000000002
1 0.809375 0.7078125000000002 0.8015625 0.7078125000000002 0.8015625 0.7234375000000002 0.809375 0.7234375000000002
1 0.81875 0.7062500000000002 0.8109375 0.7062500000000002 0.8109375 0.7218750000000002 0.81875 0.7218750000000002
1 0.8265625 0.7062500000000002 0.81875 0.7062500000000002 0.81875 0.7218750000000002 0.8265625 0.7218750000000002
1 0.4234375 0.4453125 0.4171875 0.4453125 0.4171875 0.4609375 0.4234375 0.4609375
1 0.4390625 0.4453125 0.43125 0.4453125 0.43125 0.4609375 0.4390625 0.4609375
1 0.4828125 0.471875 0.4734375 0.471875 0.4734375 0.4875 0.4828125 0.4875
1 0.4578125 0.471875 0.45 0.471875 0.45 0.4875 0.4578125 0.4875
1 0.4671875 0.471875 0.4578125 0.471875 0.4578125 0.4859375 0.4671875 0.4859375
1 0.4484375 0.471875 0.440625 0.471875 0.440625 0.4859375 0.4484375 0.4859375
1 0.7671875000000001 0.8109375 0.7593750000000001 0.8109375 0.7593750000000001 0.8265625 0.7671875000000001 0.8265625
1 0.7671875000000001 0.8625 0.7578125000000002 0.8625 0.7578125000000002 0.8796875 0.7671875000000001 0.8796875
1 0.7765625000000002 0.8125 0.7687500000000002 0.8125 0.7687500000000002 0.8265625 0.7765625000000002 0.8265625
1 0.7750000000000001 0.8640625 0.7687500000000002 0.8640625 0.7687500000000002 0.8796875 0.7750000000000001 0.8796875
1 0.7828125000000001 0.8109375 0.7765625000000002 0.8109375 0.7765625000000002 0.8265625 0.7828125000000001 0.8265625
1 0.7921875000000002 0.8125 0.7843750000000002 0.8125 0.7843750000000002 0.8265625 0.7921875000000002 0.8265625
1 0.8 0.8109375 0.7937500000000002 0.8109375 0.7937500000000002 0.8265625 0.8 0.8265625
1 0.809375 0.8125 0.8015625 0.8125 0.8015625 0.828125 0.809375 0.828125
1 0.8171875 0.8109375 0.809375 0.8109375 0.809375 0.8265625 0.8171875 0.8265625
1 0.8265625 0.8109375 0.81875 0.8109375 0.81875 0.828125 0.8265625 0.828125
1 0.7843750000000002 0.8640625 0.7765625000000002 0.8640625 0.7765625000000002 0.8796875 0.7843750000000002 0.8796875
1 0.7937500000000002 0.8625 0.7843750000000002 0.8625 0.7843750000000002 0.878125 0.7937500000000002 0.878125
1 0.8015625 0.8640625 0.7937500000000002 0.8640625 0.7937500000000002 0.878125 0.8015625 0.878125
1 0.8078125 0.8625 0.8015625 0.8625 0.8015625 0.8796875 0.8078125 0.8796875
1 0.81875 0.8640625 0.8109375 0.8640625 0.8109375 0.8796875 0.81875 0.8796875
1 0.825 0.8625 0.81875 0.8625 0.81875 0.8796875 0.825 0.8796875
1 0.9046875 0.5484375000000001 0.8984375 0.5484375000000001 0.8984375 0.5656250000000002 0.9046875 0.5656250000000002
1 0.9140625 0.5484375000000001 0.9078125 0.5484375000000001 0.9078125 0.5656250000000002 0.9140625 0.5656250000000002
1 0.9140625 0.5750000000000002 0.9078125 0.5750000000000002 0.9078125 0.5921875000000002 0.9140625 0.5921875000000002
1 0.90625 0.5765625000000002 0.8984375 0.5765625000000002 0.8984375 0.5921875000000002 0.90625 0.5921875000000002
1 0.9078125 0.6031250000000001 0.8984375 0.6031250000000001 0.8984375 0.6171875000000002 0.9078125 0.6171875000000002
1 0.915625 0.6015625000000002 0.9078125 0.6015625000000002 0.9078125 0.6187500000000001 0.915625 0.6187500000000001
1 0.915625 0.6546875000000002 0.9078125 0.6546875000000002 0.9078125 0.6687500000000002 0.915625 0.6687500000000002
1 0.90625 0.6546875000000002 0.8984375 0.6546875000000002 0.8984375 0.6703125000000002 0.90625 0.6703125000000002
1 0.9140625 0.7062500000000002 0.90625 0.7062500000000002 0.90625 0.7218750000000002 0.9140625 0.7218750000000002
1 0.90625 0.7078125000000002 0.8984375 0.7078125000000002 0.8984375 0.7218750000000002 0.90625 0.7218750000000002
1 0.915625 0.8109375 0.9078125 0.8109375 0.9078125 0.828125 0.915625 0.828125
1 0.90625 0.8125 0.8984375 0.8125 0.8984375 0.828125 0.90625 0.828125
1 0.9140625 0.8640625 0.9078125 0.8640625 0.9078125 0.878125 0.9140625 0.878125
1 0.90625 0.8640625 0.8984375 0.8640625 0.8984375 0.878125 0.90625 0.878125