0 0.153125 0.09062500000000002 0.103125 0.09062500000000002 0.103125 0.1296875 0.153125 0.1296875
0 0.1875 0.11718750000000003 0.1578125 0.1171875 0.1578125 0.153125 0.1875 0.15312500000000004
0 0.334375 0.13281250000000006 0.284375 0.13281250000000006 0.284375 0.14218750000000005 0.334375 0.14218750000000005
0 0.3578125 0.12968750000000004 0.340625 0.12968750000000004 0.340625 0.14218750000000005 0.3578125 0.14218750000000005
0 0.4796875 0.13593750000000004 0.471875 0.13593750000000004 0.471875 0.2484375000000001 0.4796875 0.2484375000000001
0 0.4515625 0.2734375000000001 0.3859375 0.2734375000000001 0.3859375 0.2843750000000001 0.4515625 0.2843750000000001
0 0.3671875 0.16093750000000004 0.359375 0.16093750000000004 0.359375 0.22500000000000003 0.3671875 0.2250000000000001
0 0.340625 0.2453125 0.234375 0.2453125 0.234375 0.2578125 0.340625 0.2578125
0 0.340625 0.275 0.15625000000000006 0.275 0.15625000000000006 0.284375 0.340625 0.284375
0 0.15468750000000003 0.2734375 0.12500000000000006 0.2734375 0.12500000000000006 0.2859375 0.15468750000000003 0.2859375
0 0.11250000000000002 0.1453125 0.1046875 0.1453125 0.10468750000000002 0.2359375 0.11250000000000004 0.2359375
0 0.15468750000000003 0.3234375 0.10312500000000005 0.3234375 0.10312500000000005 0.35625 0.15468750000000003 0.35625
0 0.11718750000000004 0.3734375 0.10781250000000005 0.3734375 0.10781250000000005 0.4640625 0.11718750000000004 0.4640625
0 0.15937500000000004 0.5 0.12031250000000004 0.5 0.12031250000000004 0.509375 0.15937500000000004 0.509375
0 0.2062500000000001 0.3984375 0.17968750000000006 0.3984375 0.17968750000000006 0.4828125 0.2062500000000001 0.4828125
0 0.17968750000000006 0.403125 0.16718750000000004 0.403125 0.16718750000000004 0.4515625 0.17968750000000006 0.4515625
0 0.3312500000000001 0.5015625 0.2609375000000001 0.5015625 0.2609375000000001 0.5125 0.3312500000000001 0.5125
0 0.35625000000000007 0.3609375 0.3453125 0.3609375 0.3453125 0.478125 0.35625000000000007 0.478125
0 0.440625 0.3578125000000001 0.43125 0.3578125000000001 0.43125 0.48125 0.440625 0.48125
0 0.4296875 0.5015625 0.3828125000000001 0.5015625 0.3828125000000001 0.515625 0.4296875 0.515625
0 0.39531250000000007 0.38750000000000007 0.3859375000000001 0.38750000000000007 0.3859375000000001 0.453125 0.39531250000000007 0.453125
1 0.1359375 0.07343750000000002 0.1265625 0.07343750000000002 0.1265625 0.09218750000000002 0.1359375 0.09218750000000002
1 0.10625000000000002 0.1671875 0.09062500000000002 0.1671875 0.09062500000000002 0.2046875 0.10625000000000004 0.2046875
1 0.14531250000000004 0.259375 0.13437500000000005 0.259375 0.13437500000000005 0.2734375 0.14531250000000004 0.2734375
1 0.253125 0.2609375 0.240625 0.2609375 0.240625 0.2734375 0.253125 0.2734375
1 0.296875 0.2328125 0.278125 0.2328125 0.278125 0.2453125 0.296875 0.2453125
1 0.31875 0.11406250000000004 0.2921875 0.11406250000000004 0.2921875 0.12812500000000004 0.31875 0.12812500000000004
1 0.359375 0.17968750000000006 0.3484375 0.17968750000000006 0.3484375 0.19531250000000006 0.359375 0.19531250000000006
1 0.4265625 0.2531250000000001 0.4109375 0.2531250000000001 0.4109375 0.27031250000000007 0.4265625 0.27031250000000007
1 0.471875 0.17500000000000004 0.459375 0.17500000000000004 0.459375 0.2078125000000001 0.471875 0.2078125000000001
1 0.3640625 0.07343750000000004 0.34375 0.07343750000000004 0.34375 0.09687500000000004 0.3640625 0.09687500000000004
1 0.3390625 0.07500000000000004 0.3078125 0.07500000000000004 0.3078125 0.09843750000000004 0.3390625 0.09843750000000004
1 0.2515625 0.07656250000000002 0.2359375 0.07656250000000002 0.2359375 0.09843750000000002 0.2515625 0.09843750000000002
1 0.2734375 0.07343750000000003 0.25625 0.07343750000000002 0.25625 0.09687500000000003 0.2734375 0.09687500000000004
1 0.3046875 0.3078125 0.2875 0.3078125 0.2875 0.3328125 0.3046875 0.3328125
1 0.2828125 0.3078125 0.253125 0.3078125 0.253125 0.3328125 0.2828125 0.3328125
1 0.2171875 0.3125 0.203125 0.3125 0.203125 0.334375 0.2171875 0.334375
1 0.4234375 0.3062500000000001 0.403125 0.3062500000000001 0.403125 0.33281250000000007 0.4234375 0.33281250000000007
1 0.5125 0.3062500000000001 0.49375 0.3062500000000001 0.49375 0.3296875000000001 0.5125 0.3296875000000001
1 0.4890625 0.3062500000000001 0.459375 0.3062500000000001 0.459375 0.3296875000000001 0.4890625 0.3296875000000001
1 0.10625000000000004 0.403125 0.09531250000000005 0.403125 0.09531250000000005 0.4328125 0.10625000000000004 0.4328125
1 0.14843750000000006 0.48125 0.13593750000000004 0.48125 0.13593750000000004 0.4984375 0.14843750000000006 0.4984375
1 0.17343750000000005 0.39375 0.16406250000000006 0.39375 0.16406250000000006 0.4125 0.17343750000000005 0.4125
1 0.3468750000000001 0.403125 0.3343750000000001 0.403125 0.3343750000000001 0.434375 0.3468750000000001 0.434375
1 0.3000000000000001 0.4828125 0.28593750000000007 0.4828125 0.28593750000000007 0.4984375 0.3000000000000001 0.4984375
1 0.39531250000000007 0.4875 0.38750000000000007 0.4875 0.38750000000000007 0.5015625 0.39531250000000007 0.5015625
1 0.43125 0.4 0.415625 0.4 0.415625 0.4296875 0.43125 0.4296875
0 0.14218750000000008 0.7671875 0.10468750000000009 0.7671875 0.10468750000000009 0.7765625 0.14218750000000008 0.7765625
0 0.2406250000000001 0.7671875 0.1937500000000001 0.7671875 0.1937500000000001 0.775 0.2406250000000001 0.775
0 0.17968750000000008 0.7984375 0.17187500000000008 0.7984375 0.17187500000000008 0.896875 0.17968750000000008 0.896875
0 0.27812500000000007 0.7953125 0.2671875000000001 0.7953125 0.2671875000000001 0.8796875 0.27812500000000007 0.8796875
0 0.3437500000000001 0.8921875 0.2953125000000001 0.8921875 0.2953125000000001 0.9 0.3437500000000001 0.9
0 0.38750000000000007 0.7953125 0.37968750000000007 0.7953125 0.37968750000000007 0.865625 0.38750000000000007 0.865625
1 0.17187500000000008 0.8390625 0.1625000000000001 0.8390625 0.1625000000000001 0.8578125 0.17187500000000008 0.8578125
1 0.1312500000000001 0.75 0.1140625000000001 0.75 0.1140625000000001 0.7640625 0.1312500000000001 0.7640625
1 0.2296875000000001 0.75 0.2078125000000001 0.75 0.2078125000000001 0.7640625 0.2296875000000001 0.7640625
1 0.3593750000000001 0.6578125 0.3500000000000001 0.6578125 0.3500000000000001 0.678125 0.3593750000000001 0.678125
0 0.3687500000000001 0.59375 0.3593750000000001 0.59375 0.3593750000000001 0.7453125 0.3687500000000001 0.7453125
1 0.37968750000000007 0.6828125 0.3671875000000001 0.6828125 0.3671875000000001 0.7046875 0.37968750000000007 0.7046875
1 0.2765625000000001 0.6171875 0.2656250000000001 0.6171875 0.2656250000000001 0.6609375 0.2765625000000001 0.6609375
1 0.37968750000000007 0.8125 0.3671875000000001 0.8125 0.3671875000000001 0.840625 0.37968750000000007 0.840625
1 0.5375 0.6828125 0.5265625 0.6828125 0.5265625 0.7046875 0.5375 0.7046875
1 0.3703125000000001 0.5421875 0.3500000000000001 0.5421875 0.3500000000000001 0.565625 0.3703125000000001 0.565625
1 0.3453125000000001 0.5421875 0.3062500000000001 0.5421875 0.3062500000000001 0.56875 0.3453125000000001 0.56875
0 0.3890625000000001 0.5921875 0.37968750000000007 0.5921875 0.37968750000000007 0.79375 0.3890625000000001 0.79375
0 0.2843750000000001 0.596875 0.2796875000000001 0.596875 0.2796875000000001 0.6703125 0.2843750000000001 0.6703125
0 0.28593750000000007 0.5671875 0.2765625000000001 0.5671875 0.2765625000000001 0.5890625 0.28593750000000007 0.5890625
0 0.4890625 0.565625 0.4421875 0.565625 0.4421875 0.5765625 0.4890625 0.5765625
0 0.5484375000000001 0.5921875 0.5359375 0.5921875 0.5359375000000001 0.79375 0.5484375000000001 0.79375
1 0.2687500000000001 0.8265625 0.2578125000000001 0.8265625 0.2578125000000001 0.8546875 0.2687500000000001 0.8546875
1 0.3312500000000001 0.8734375 0.3109375000000001 0.8734375 0.3109375000000001 0.890625 0.3312500000000001 0.890625
1 0.38750000000000007 0.4015625 0.3734375000000001 0.4015625 0.3734375000000001 0.4296875 0.38750000000000007 0.4296875
0 0.7859375 0.14843750000000008 0.74375 0.14843750000000008 0.74375 0.15781250000000008 0.7859375 0.15781250000000008
1 0.775 0.1296875000000001 0.7609375 0.1296875000000001 0.7609375 0.1468750000000001 0.775 0.1468750000000001
1 0.8640625 0.3078125000000001 0.853125 0.3078125000000001 0.853125 0.3281250000000001 0.8640625 0.3281250000000001
0 0.8703125 0.1828125000000001 0.8640625 0.1828125000000001 0.8640625 0.45312500000000017 0.8703125 0.45312500000000017