0 0.4781250000000001 0.653125 0.3843750000000001 0.653125 0.3843750000000001 0.9421875 0.4781250000000002 0.9421875
0 0.8765625 0.6640625000000001 0.65625 0.6640625 0.65625 0.7000000000000001 0.8765625 0.7000000000000002
0 0.875 0.875 0.6546875000000002 0.875 0.6546875000000002 0.9078125 0.875 0.9078125
0 0.871875 0.6609375000000002 0.76875 0.6609375000000002 0.76875 0.9078125 0.871875 0.9078125
0 0.7937500000000002 0.9125 0.6375000000000002 0.9125 0.6375000000000002 0.996875 0.7937500000000002 0.996875
0 0.6312500000000002 0.9265625 0.5421875000000002 0.9265625 0.5421875000000002 0.9984375 0.6312500000000002 0.9984375
0 0.8359375 0.12031250000000009 0.7578125 0.12031250000000009 0.7578125 0.3046875000000001 0.8359375 0.3046875000000001
0 0.75625 0.35937500000000006 0.2046875 0.359375 0.20468750000000005 0.5000000000000001 0.75625 0.5000000000000002
0 0.759375 0.3609375 0.3390625 0.3609375 0.33906250000000004 0.5000000000000001 0.759375 0.5000000000000002
0 0.7546875 0.3078125000000001 0.4921875 0.3078125000000001 0.4921875 0.42656250000000007 0.7546875 0.4265625000000002
0 0.45625 0.14375000000000004 0.4296875 0.14375000000000004 0.4296875 0.2953125000000001 0.45625 0.2953125000000001
0 0.27968750000000003 0.3296875 0.19687500000000005 0.3296875 0.19687500000000005 0.5015625 0.2796875000000001 0.5015625
0 0.2640625 0.12656250000000005 0.2 0.12656250000000005 0.2 0.3140625 0.2640625 0.3140625
0 0.3625 3.4921568881936244e-17 0.2078125 2.5449691294780934e-17 0.2078125 0.08437500000000003 0.3625 0.08437500000000005
2 0.80625 0.012500000000000098 0.7625 0.012500000000000094 0.7625 0.0828125000000001 0.80625 0.0828125000000001
1 0.434375 0.19218750000000004 0.4109375 0.19218750000000004 0.4109375 0.2078125000000001 0.434375 0.2078125000000001
2 0.3515625000000001 0.5421875 0.3203125000000001 0.5421875 0.3203125000000001 0.5734375 0.3515625000000001 0.5734375
1 0.3968750000000001 0.5328125 0.3703125000000001 0.5328125 0.3703125000000001 0.578125 0.3968750000000001 0.578125
1 0.4296875 0.534375 0.4015625 0.534375 0.4015625 0.578125 0.4296875 0.578125
1 0.453125 0.528125 0.4265625 0.528125 0.4265625 0.578125 0.453125 0.578125
1 0.7734375 0.08593750000000008 0.7453125 0.08593750000000008 0.7453125 0.10781250000000009 0.7734375 0.10781250000000009
1 0.7734375 0.06093750000000009 0.7453125 0.06093750000000009 0.7453125 0.08906250000000009 0.7734375 0.08906250000000009
1 0.7734375 0.02343750000000009 0.740625 0.02343750000000009 0.740625 0.05468750000000009 0.7734375 0.05468750000000009
2 0.7734375 0.05625000000000009 0.7625 0.05625000000000009 0.7625 0.06562500000000009 0.7734375 0.06562500000000009