2 0.54375 0.22031250000000008 0.5171875 0.22031250000000008 0.5171875 0.2578125000000001 0.54375 0.2578125000000001
2 0.2421875 0.2265625 0.19218750000000004 0.2265625 0.19218750000000004 0.278125 0.2421875 0.278125
2 0.284375 0.2859375 0.2671875 0.2859375 0.2671875 0.3078125 0.284375 0.3078125
2 0.2515625000000001 0.4046875 0.24218750000000008 0.4046875 0.24218750000000008 0.434375 0.2515625000000001 0.434375
2 0.5234375 0.6640625 0.4984375 0.6640625 0.4984375 0.69375 0.5234375 0.69375
2 0.5546875 0.6140625 0.521875 0.6140625 0.521875 0.6515625 0.5546875 0.6515625
2 0.5703125 0.621875 0.55 0.621875 0.55 0.6546875 0.5703125 0.6546875
2 0.3203125000000001 0.66875 0.2921875000000001 0.66875 0.2921875000000001 0.6953125 0.3203125000000001 0.6953125
2 0.665625 0.5921875 0.6515625 0.5921875 0.6515625 0.6265625 0.665625 0.6265625
2 0.75625 0.5921875000000002 0.7390625 0.5921875000000002 0.7390625 0.6218750000000002 0.75625 0.6218750000000002
2 0.765625 0.5156250000000002 0.75 0.5156250000000002 0.75 0.5359375000000002 0.765625 0.5359375000000002
2 0.565625 0.22812500000000008 0.5515625 0.22812500000000008 0.5515625 0.2515625000000001 0.565625 0.2515625000000001
2 0.9125 0.2640625000000001 0.88125 0.2640625000000001 0.88125 0.2984375000000001 0.9125 0.2984375000000001
2 0.940625 0.2640625000000001 0.9234375 0.2640625000000001 0.9234375 0.2953125000000001 0.940625 0.2953125000000001