0 0.5718750000000001 0.7265625 0.3687500000000001 0.7265625 0.3687500000000001 0.7390625 0.5718750000000001 0.7390625
0 0.36406250000000007 0.728125 0.3140625000000001 0.728125 0.3140625000000001 0.7375 0.36406250000000007 0.7375
0 0.7875000000000002 0.7312500000000002 0.7421875000000002 0.7312500000000002 0.7421875000000002 0.7406250000000002 0.7875000000000002 0.7406250000000002
1 0.6390625 0.6125 0.621875 0.6125 0.621875 0.628125 0.6390625 0.628125
1 0.33281250000000007 0.6953125 0.3187500000000001 0.6953125 0.3187500000000001 0.721875 0.33281250000000007 0.721875
1 0.44375 0.6890625 0.4296875 0.6890625 0.4296875 0.7203125 0.44375 0.7203125
1 0.45625 0.6890625 0.4453125 0.6890625 0.4453125 0.7203125 0.45625 0.7203125
1 0.778125 0.7015625000000002 0.7671875 0.7015625000000002 0.7671875 0.7250000000000002 0.778125 0.7250000000000002
1 0.2562500000000001 0.6328125 0.2312500000000001 0.6328125 0.2312500000000001 0.64375 0.2562500000000001 0.64375
1 0.2531250000000001 0.609375 0.2312500000000001 0.609375 0.2312500000000001 0.6296875 0.2531250000000001 0.6296875
0 0.2718750000000001 0.534375 0.2609375000000001 0.534375 0.2609375000000001 0.659375 0.2718750000000001 0.659375
0 0.65 0.55625 0.6421875 0.55625 0.6421875 0.6390625 0.65 0.6390625