1 0.221875 0.11093750000000005 0.2140625 0.11093750000000005 0.2140625 0.12968750000000004 0.221875 0.12968750000000004
1 0.2296875 0.10937500000000004 0.221875 0.10937500000000004 0.221875 0.13125000000000003 0.2296875 0.13125000000000003
1 0.2375 0.11093750000000005 0.2296875 0.11093750000000005 0.2296875 0.12968750000000004 0.2375 0.12968750000000004
1 0.2453125 0.10781250000000005 0.2375 0.10781250000000005 0.2375 0.12968750000000004 0.2453125 0.12968750000000004
1 0.253125 0.10937500000000004 0.2453125 0.10937500000000004 0.2453125 0.12968750000000004 0.253125 0.12968750000000004
1 0.3328125 0.14687500000000003 0.328125 0.14687500000000003 0.328125 0.16718750000000004 0.3328125 0.16718750000000004
1 0.3328125 0.17500000000000004 0.3265625 0.17500000000000004 0.3265625 0.19531250000000006 0.3328125 0.19531250000000006
1 0.334375 0.209375 0.3265625 0.209375 0.3265625 0.2296875 0.334375 0.2296875
1 0.2203125 0.25625 0.2109375 0.25625 0.2109375 0.265625 0.2203125 0.265625
1 0.2203125 0.25 0.2109375 0.25 0.2109375 0.2578125 0.2203125 0.2578125
1 0.2875 0.14843750000000006 0.2828125 0.14843750000000006 0.2828125 0.15937500000000004 0.2875 0.15937500000000004
1 0.2921875 0.14843750000000006 0.2875 0.14843750000000006 0.2875 0.16093750000000004 0.2921875 0.16093750000000004
1 0.621875 0.11093750000000009 0.615625 0.11093750000000009 0.615625 0.12343750000000009 0.621875 0.12343750000000009
1 0.6203125 0.1375000000000001 0.6171875 0.1375000000000001 0.6171875 0.14843750000000008 0.6203125 0.14843750000000008
1 0.621875 0.1750000000000001 0.6140625 0.1750000000000001 0.6140625 0.18750000000000008 0.621875 0.18750000000000008
1 0.5703125 0.1140625000000001 0.5671875 0.1140625000000001 0.5671875 0.12500000000000008 0.5703125 0.12500000000000008
1 0.5765625 0.11250000000000009 0.571875 0.11250000000000009 0.571875 0.12656250000000008 0.5765625 0.12656250000000008
1 0.509375 0.19531250000000006 0.5 0.19531250000000006 0.5 0.20468750000000008 0.509375 0.20468750000000008
1 0.5109375 0.18750000000000006 0.5 0.18750000000000006 0.5 0.19531250000000006 0.5109375 0.19531250000000006
1 0.6578125 0.20312500000000008 0.6484375 0.20312500000000008 0.6484375 0.2093750000000001 0.6578125 0.2093750000000001
1 0.6578125 0.1921875000000001 0.646875 0.1921875000000001 0.646875 0.2015625000000001 0.6578125 0.2015625000000001
1 0.7703125 0.1062500000000001 0.765625 0.1062500000000001 0.765625 0.11875000000000009 0.7703125 0.11875000000000009
1 0.8265625 0.10781250000000009 0.8203125 0.10781250000000009 0.8203125 0.12031250000000009 0.8265625 0.12031250000000009
0 0.8671875 0.1390625000000001 0.8375 0.1390625000000001 0.8375 0.2453125000000001 0.8671875 0.2453125000000001
1 0.8578125 0.1843750000000001 0.846875 0.1843750000000001 0.846875 0.1921875000000001 0.8578125 0.1921875000000001
0 0.8453125 0.2453125000000001 0.78125 0.2453125000000001 0.78125 0.2843750000000001 0.8453125 0.2843750000000001
1 0.840625 0.2562500000000001 0.821875 0.2562500000000001 0.821875 0.2718750000000001 0.840625 0.2718750000000001
0 0.7515625 0.31718750000000007 0.6796875 0.31718750000000007 0.6796875 0.34843750000000007 0.7515625 0.34843750000000007
1 0.696875 0.3265625000000001 0.6921875 0.3265625000000001 0.6921875 0.3390625000000001 0.696875 0.3390625000000001
1 0.7015625 0.3265625000000001 0.6953125 0.3265625000000001 0.6953125 0.3375000000000001 0.7015625 0.3375000000000001
0 0.5203125 0.14062500000000006 0.5109375 0.14062500000000006 0.5109375 0.2562500000000001 0.5203125 0.2562500000000001
0 0.584375 0.12656250000000008 0.553125 0.12656250000000008 0.553125 0.14218750000000008 0.584375 0.14218750000000008
0 0.6765625 0.1390625000000001 0.659375 0.1390625000000001 0.659375 0.2640625000000001 0.6765625 0.2640625000000001
0 0.5328125 0.38750000000000007 0.5109375 0.38750000000000007 0.5109375 0.4625 0.5328125 0.4625
0 0.303125 0.16406250000000006 0.26875 0.16406250000000006 0.26875 0.18750000000000006 0.303125 0.18750000000000006
0 0.2453125 0.18750000000000006 0.221875 0.18750000000000006 0.221875 0.33125 0.2453125 0.33125
0 0.2468750000000001 0.396875 0.2250000000000001 0.396875 0.2250000000000001 0.46875 0.2468750000000001 0.46875
1 0.2250000000000001 0.4328125 0.2156250000000001 0.4328125 0.2156250000000001 0.44375 0.2250000000000001 0.44375
1 0.2250000000000001 0.425 0.2140625000000001 0.425 0.2140625000000001 0.434375 0.2250000000000001 0.434375
1 0.35625000000000007 0.3859375 0.3500000000000001 0.3859375 0.3500000000000001 0.3984375 0.35625000000000007 0.3984375
1 0.35625000000000007 0.421875 0.3500000000000001 0.421875 0.3500000000000001 0.4359375 0.35625000000000007 0.4359375
1 0.3578125000000001 0.4046875 0.3500000000000001 0.4046875 0.3500000000000001 0.4171875 0.3578125000000001 0.4171875
1 0.4 0.3859375000000001 0.39531250000000007 0.3859375000000001 0.39531250000000007 0.3984375000000001 0.4 0.3984375000000001
1 0.39531250000000007 0.403125 0.3890625000000001 0.403125 0.3890625000000001 0.4171875 0.39531250000000007 0.4171875
1 0.3968750000000001 0.4234375 0.3921875000000001 0.4234375 0.3921875000000001 0.4359375 0.3968750000000001 0.4359375
1 0.403125 0.425 0.3968750000000001 0.425 0.3968750000000001 0.4359375 0.403125 0.4359375
1 0.403125 0.3843750000000001 0.3984375000000001 0.3843750000000001 0.3984375000000001 0.3984375000000001 0.403125 0.3984375000000001
1 0.415625 0.3843750000000001 0.409375 0.3843750000000001 0.409375 0.3968750000000001 0.415625 0.3968750000000001
1 0.4203125 0.3859375000000001 0.4140625 0.3859375000000001 0.4140625 0.3984375000000001 0.4203125 0.3984375000000001
1 0.409375 0.4046875 0.40625 0.4046875 0.40625 0.4171875 0.409375 0.4171875
1 0.415625 0.403125 0.409375 0.403125 0.409375 0.415625 0.415625 0.415625
1 0.465625 0.3859375000000001 0.459375 0.3859375000000001 0.459375 0.3968750000000001 0.465625 0.3968750000000001
1 0.4734375 0.3859375000000001 0.4671875 0.3859375000000001 0.4671875 0.3968750000000001 0.4734375 0.3968750000000001
1 0.4828125 0.3843750000000001 0.4765625 0.3843750000000001 0.4765625 0.3968750000000001 0.4828125 0.3968750000000001
1 0.4546875 0.4046875 0.4484375 0.4046875 0.4484375 0.415625 0.4546875 0.415625
1 0.459375 0.4046875 0.4546875 0.4046875 0.4546875 0.4171875 0.459375 0.4171875
1 0.4640625 0.4046875 0.459375 0.4046875 0.459375 0.415625 0.4640625 0.415625
1 0.4734375 0.403125 0.4671875 0.403125 0.4671875 0.415625 0.4734375 0.415625
1 0.4796875 0.403125 0.4734375 0.403125 0.4734375 0.4171875 0.4796875 0.4171875
1 0.4890625 0.3859375000000001 0.4828125 0.3859375000000001 0.4828125 0.3984375000000001 0.4890625 0.3984375000000001
1 0.4546875 0.3843750000000001 0.45 0.3843750000000001 0.45 0.3984375000000001 0.4546875 0.3984375000000001
1 0.4484375 0.403125 0.44375 0.403125 0.44375 0.4171875 0.4484375 0.4171875
1 0.4375 0.425 0.4328125 0.425 0.4328125 0.4359375 0.4375 0.4359375
1 0.440625 0.425 0.4375 0.425 0.4375 0.4359375 0.440625 0.4359375
1 0.4453125 0.4234375 0.4390625 0.4234375 0.4390625 0.4359375 0.4453125 0.4359375
1 0.45 0.425 0.4453125 0.425 0.4453125 0.4375 0.45 0.4375
1 0.45625 0.4234375 0.4515625 0.4234375 0.4515625 0.4359375 0.45625 0.4359375
1 0.465625 0.4234375 0.4578125 0.4234375 0.4578125 0.4375 0.465625 0.4375
1 0.471875 0.4234375 0.465625 0.4234375 0.465625 0.4359375 0.471875 0.4359375
1 0.459375 0.3859375000000001 0.4546875 0.3859375000000001 0.4546875 0.3984375000000001 0.459375 0.3984375000000001
1 0.509375 0.425 0.5 0.425 0.5 0.43125 0.509375 0.43125
1 0.509375 0.4171875 0.5 0.4171875 0.5 0.4265625 0.509375 0.4265625
1 0.7046875 0.48125 0.6984375 0.48125 0.6984375 0.496875 0.7046875 0.496875
1 0.6859375 0.515625 0.6796875 0.515625 0.6796875 0.5296875 0.6859375 0.5296875
1 0.7046875 0.5015625 0.6984375 0.5015625 0.6984375 0.515625 0.7046875 0.515625
1 0.7484375 0.4812500000000002 0.74375 0.4812500000000002 0.74375 0.49531250000000016 0.7484375 0.49531250000000016
1 0.753125 0.5015625000000001 0.7484375 0.5015625000000001 0.7484375 0.5156250000000002 0.753125 0.5156250000000002
1 0.753125 0.4812500000000002 0.7484375 0.4812500000000002 0.7484375 0.4968750000000002 0.753125 0.4968750000000002
1 0.7578125 0.5015625000000001 0.7515625 0.5015625000000001 0.7515625 0.5140625000000002 0.7578125 0.5140625000000002
1 0.7625 0.4812500000000002 0.75625 0.4812500000000002 0.75625 0.4968750000000002 0.7625 0.4968750000000002
1 0.7671875 0.4984375000000002 0.7625 0.4984375000000002 0.7625 0.5140625000000002 0.7671875 0.5140625000000002
1 0.76875 0.4812500000000002 0.7625 0.4812500000000002 0.7625 0.49531250000000016 0.76875 0.49531250000000016
1 0.7734375 0.4984375000000002 0.7671875 0.4984375000000002 0.7671875 0.5140625000000002 0.7734375 0.5140625000000002
1 0.7984375 0.4812500000000002 0.7953125 0.4812500000000002 0.7953125 0.4968750000000002 0.7984375 0.4968750000000002
1 0.8046875 0.4984375000000002 0.8 0.4984375000000002 0.8 0.5156250000000002 0.8046875 0.5156250000000002
1 0.8046875 0.4812500000000002 0.7984375 0.4812500000000002 0.7984375 0.49531250000000016 0.8046875 0.49531250000000016
1 0.809375 0.4812500000000002 0.8046875 0.4812500000000002 0.8046875 0.4968750000000002 0.809375 0.4968750000000002
1 0.815625 0.4812500000000002 0.8078125 0.4812500000000002 0.8078125 0.4968750000000002 0.815625 0.4968750000000002
1 0.821875 0.4828125000000002 0.815625 0.4828125000000002 0.815625 0.49531250000000016 0.821875 0.49531250000000016
1 0.83125 0.4812500000000002 0.8265625 0.4812500000000002 0.8265625 0.4968750000000002 0.83125 0.4968750000000002
1 0.8375 0.4812500000000002 0.83125 0.4812500000000002 0.83125 0.49531250000000016 0.8375 0.49531250000000016
1 0.809375 0.5015625000000001 0.8046875 0.5015625000000001 0.8046875 0.5156250000000002 0.809375 0.5156250000000002
1 0.8125 0.5000000000000002 0.8078125 0.5000000000000002 0.8078125 0.5140625000000002 0.8125 0.5140625000000002
1 0.8203125 0.5000000000000002 0.815625 0.5000000000000002 0.815625 0.5125000000000002 0.8203125 0.5125000000000002
1 0.8296875 0.5015625000000001 0.8234375 0.5015625000000001 0.8234375 0.5156250000000002 0.8296875 0.5156250000000002
1 0.8375 0.4984375000000002 0.83125 0.4984375000000002 0.83125 0.5156250000000002 0.8375 0.5156250000000002
2 0.8515625 0.5328125000000001 0.834375 0.5328125000000001 0.834375 0.5484375000000001 0.8515625 0.5484375000000001
1 0.80625 0.5328125000000001 0.7984375 0.5328125000000001 0.7984375 0.5453125000000002 0.80625 0.5453125000000002
1 0.8125 0.5328125000000001 0.80625 0.5328125000000001 0.80625 0.5453125000000002 0.8125 0.5453125000000002
1 0.7828125 0.5328125000000001 0.778125 0.5328125000000001 0.778125 0.5453125000000002 0.7828125 0.5453125000000002
1 0.7890625 0.5328125000000001 0.784375 0.5328125000000001 0.784375 0.5453125000000002 0.7890625 0.5453125000000002
1 0.796875 0.5328125000000001 0.7890625 0.5328125000000001 0.7890625 0.5453125000000002 0.796875 0.5453125000000002
1 0.778125 0.5328125000000001 0.771875 0.5328125000000001 0.771875 0.5453125000000002 0.778125 0.5453125000000002
1 0.8296875 0.5328125000000001 0.8234375 0.5328125000000001 0.8234375 0.5453125000000002 0.8296875 0.5453125000000002
1 0.3968750000000001 0.465625 0.3937500000000001 0.465625 0.3937500000000001 0.478125 0.3968750000000001 0.478125
1 0.39531250000000007 0.4859375 0.3906250000000001 0.4859375 0.3906250000000001 0.496875 0.39531250000000007 0.496875
1 0.4 0.4859375 0.3937500000000001 0.4859375 0.3937500000000001 0.496875 0.4 0.496875
1 0.403125 0.465625 0.3968750000000001 0.465625 0.3968750000000001 0.4765625 0.403125 0.4765625
1 0.4375 0.465625 0.43125 0.465625 0.43125 0.478125 0.4375 0.478125
1 0.4328125 0.484375 0.428125 0.484375 0.428125 0.4984375 0.4328125 0.4984375
1 0.4375 0.484375 0.434375 0.484375 0.434375 0.4984375 0.4375 0.4984375
1 0.440625 0.4859375 0.4359375 0.4859375 0.4359375 0.496875 0.440625 0.496875
1 0.446875 0.4859375 0.4390625 0.4859375 0.4390625 0.496875 0.446875 0.496875
1 0.4515625 0.4859375 0.4484375 0.4859375 0.4484375 0.4984375 0.4515625 0.4984375
1 0.4609375 0.4859375 0.45625 0.4859375 0.45625 0.4984375 0.4609375 0.4984375
1 0.4625 0.4640625 0.45625 0.4640625 0.45625 0.4765625 0.4625 0.4765625
1 0.4421875 0.465625 0.4359375 0.465625 0.4359375 0.478125 0.4421875 0.478125
1 0.446875 0.465625 0.44375 0.465625 0.44375 0.4796875 0.446875 0.4796875
1 0.4546875 0.465625 0.446875 0.465625 0.446875 0.478125 0.4546875 0.478125
1 0.46875 0.465625 0.4625 0.465625 0.4625 0.478125 0.46875 0.478125
1 0.4671875 0.4859375 0.4609375 0.4859375 0.4609375 0.4984375 0.4671875 0.4984375
1 0.4984375 0.5046875 0.49375 0.5046875 0.49375 0.515625 0.4984375 0.515625
1 0.50625 0.5046875 0.5 0.5046875 0.5 0.515625 0.50625 0.515625
1 0.4828125 0.503125 0.478125 0.503125 0.478125 0.515625 0.4828125 0.515625
1 0.4890625 0.5046875 0.484375 0.5046875 0.484375 0.5171875 0.4890625 0.5171875
1 0.4671875 0.5046875 0.459375 0.5046875 0.459375 0.515625 0.4671875 0.515625
1 0.4734375 0.503125 0.4671875 0.503125 0.4671875 0.515625 0.4734375 0.515625
1 0.478125 0.5046875 0.471875 0.5046875 0.471875 0.515625 0.478125 0.515625
1 0.4265625 0.5046875 0.4203125 0.5046875 0.4203125 0.5171875 0.4265625 0.5171875
1 0.4328125 0.5046875 0.4265625 0.5046875 0.4265625 0.515625 0.4328125 0.515625
1 0.4109375 0.503125 0.40625 0.503125 0.40625 0.515625 0.4109375 0.515625
1 0.4171875 0.5046875 0.4109375 0.5046875 0.4109375 0.515625 0.4171875 0.515625
0 0.3281250000000001 0.5296875 0.2968750000000001 0.5296875 0.2968750000000001 0.565625 0.3281250000000001 0.565625
0 0.5765625 0.5078125 0.54375 0.5078125 0.54375 0.5453125 0.5765625 0.5453125
1 0.3531250000000001 0.465625 0.3468750000000001 0.465625 0.3468750000000001 0.478125 0.3531250000000001 0.478125
1 0.3546875000000001 0.484375 0.3453125000000001 0.484375 0.3453125000000001 0.4984375 0.3546875000000001 0.4984375
1 0.3531250000000001 0.503125 0.3453125000000001 0.503125 0.3453125000000001 0.5171875 0.3531250000000001 0.5171875
0 0.73125 0.5625000000000001 0.709375 0.5625 0.709375 0.6265625000000001 0.73125 0.6265625000000001
0 0.84375 0.5671875000000002 0.8140625 0.5671875000000002 0.8140625 0.6156250000000002 0.84375 0.6156250000000002
0 0.765625 0.5500000000000002 0.7375 0.5500000000000002 0.7375 0.5953125000000001 0.765625 0.5953125000000001
0 0.84375 0.6796875000000002 0.81875 0.6796875000000002 0.81875 0.7093750000000002 0.84375 0.7093750000000002
0 0.6921875 0.5515625 0.6453125 0.5515625 0.6453125 0.5671875 0.6921875 0.5671875
0 0.60625 0.5546875 0.5640625 0.5546875 0.5640625 0.5671875 0.60625 0.5671875
0 0.540625 0.5859375 0.53125 0.5859375 0.53125 0.653125 0.540625 0.653125
0 0.575 0.68125 0.54375 0.68125 0.54375 0.71875 0.575 0.71875
0 0.3968750000000001 0.5984375 0.36406250000000007 0.5984375 0.36406250000000007 0.6296875 0.3968750000000001 0.6296875
0 0.2296875000000001 0.6265625 0.2078125000000001 0.6265625 0.2078125000000001 0.6953125 0.2296875000000001 0.6953125
0 0.3296875000000001 0.7453125 0.2984375000000001 0.7453125 0.2984375000000001 0.7796875 0.3296875000000001 0.7796875
1 0.30937500000000007 0.790625 0.3000000000000001 0.790625 0.3000000000000001 0.803125 0.30937500000000007 0.803125
1 0.20468750000000008 0.6234375 0.1921875000000001 0.6234375 0.1921875000000001 0.653125 0.20468750000000008 0.653125
1 0.2328125000000001 0.565625 0.22812500000000008 0.565625 0.22812500000000008 0.5796875 0.2328125000000001 0.5796875
1 0.2593750000000001 0.5703125 0.2515625000000001 0.5703125 0.2515625000000001 0.58125 0.2593750000000001 0.58125
1 0.2921875000000001 0.565625 0.2843750000000001 0.565625 0.2843750000000001 0.5828125 0.2921875000000001 0.5828125
1 0.30937500000000007 0.5203125 0.3000000000000001 0.5203125 0.3000000000000001 0.534375 0.30937500000000007 0.534375
1 0.6578125 0.5390625 0.6515625 0.5390625 0.6515625 0.55 0.6578125 0.55
1 0.6609375 0.5375 0.65625 0.5375 0.65625 0.55 0.6609375 0.55
1 0.6359375 0.528125 0.6296875 0.528125 0.6296875 0.540625 0.6359375 0.540625
1 0.5828125 0.540625 0.5765625 0.540625 0.5765625 0.553125 0.5828125 0.553125
1 0.5875 0.5390625 0.5828125 0.5390625 0.5828125 0.553125 0.5875 0.553125
1 0.48125 0.5640625 0.4734375 0.5640625 0.4734375 0.578125 0.48125 0.578125
1 0.4703125 0.5640625 0.4609375 0.5640625 0.4609375 0.578125 0.4703125 0.578125
1 0.38750000000000007 0.5859375 0.37968750000000007 0.5859375 0.37968750000000007 0.5984375 0.38750000000000007 0.5984375
1 0.39531250000000007 0.5859375 0.3890625000000001 0.5859375 0.3890625000000001 0.5984375 0.39531250000000007 0.5984375
1 0.6140625 0.69375 0.609375 0.69375 0.609375 0.7078125 0.6140625 0.7078125
1 0.659375 0.696875 0.65625 0.696875 0.65625 0.709375 0.659375 0.709375
1 0.6640625 0.696875 0.6578125 0.696875 0.6578125 0.7078125 0.6640625 0.7078125
1 0.6765625 0.6953125 0.6703125 0.6953125 0.6703125 0.7078125 0.6765625 0.7078125
1 0.6859375 0.6953125 0.68125 0.6953125 0.68125 0.709375 0.6859375 0.709375
1 0.6921875 0.6953125 0.6859375 0.6953125 0.6859375 0.7078125 0.6921875 0.7078125
1 0.721875 0.696875 0.7171875 0.696875 0.7171875 0.709375 0.721875 0.709375
1 0.728125 0.6953125000000001 0.721875 0.6953125 0.721875 0.7093750000000001 0.728125 0.7093750000000002
1 0.7328125 0.6968750000000001 0.728125 0.6968750000000001 0.728125 0.7078125000000002 0.7328125 0.7078125000000002
1 0.7375 0.6953125000000002 0.7328125 0.6953125000000002 0.7328125 0.7093750000000002 0.7375 0.7093750000000002
1 0.7453125 0.6953125000000002 0.7390625 0.6953125000000002 0.7390625 0.7078125000000002 0.7453125 0.7078125000000002
1 0.7546875 0.6953125000000002 0.75 0.6953125000000002 0.75 0.7093750000000002 0.7546875 0.7093750000000002
1 0.7625 0.6953125000000002 0.75625 0.6953125000000002 0.75625 0.7078125000000002 0.7625 0.7078125000000002
1 0.5328125 0.596875 0.5203125 0.596875 0.5203125 0.6296875 0.5328125 0.6296875
1 0.6734375 0.515625 0.665625 0.515625 0.665625 0.5296875 0.6734375 0.5296875
1 0.803125 0.7312500000000002 0.7953125000000002 0.7312500000000002 0.7953125000000002 0.7515625000000001 0.803125 0.7515625000000001
1 0.8125 0.7343750000000002 0.803125 0.7343750000000002 0.803125 0.7546875000000002 0.8125 0.7546875000000002
1 0.8203125 0.7328125000000002 0.8125 0.7328125000000002 0.8125 0.7531250000000002 0.8203125 0.7531250000000002
1 0.7968750000000002 0.7328125000000002 0.7890625000000002 0.7328125000000002 0.7890625000000002 0.7546875000000002 0.7968750000000002 0.7546875000000002