0 0.2484375000000001 0.4125 0.19062500000000004 0.4125 0.19062500000000004 0.421875 0.2484375000000001 0.421875
0 0.571875 0.4140625 0.2468750000000001 0.4140625 0.2468750000000001 0.4203125 0.571875 0.4203125
0 0.5734375 0.3468750000000001 0.3796875 0.3468750000000001 0.3796875 0.35625000000000007 0.5734375 0.35625000000000007
0 0.621875 0.16406250000000008 0.6140625 0.16406250000000008 0.6140625 0.2906250000000001 0.621875 0.2906250000000001
0 0.3484375 0.16093750000000004 0.3390625 0.16093750000000004 0.3390625 0.2921875 0.3484375 0.2921875
0 0.3890625 0.12812500000000004 0.2484375 0.12812500000000004 0.2484375 0.13593750000000004 0.3890625 0.13593750000000004
0 0.8359375 0.41093750000000007 0.6890625 0.4109375 0.6890625 0.4218750000000001 0.8359375 0.42187500000000017
0 1 0.4125000000000002 0.8375 0.4125000000000002 0.8375 0.4203125000000002 1 0.4203125000000002
0 0.8984375 0.09843750000000011 0.8921875 0.09843750000000011 0.8921875 0.3468750000000001 0.8984375 0.3468750000000001
1 0.09218750000000005 0.3828125 0.08125000000000004 0.3828125 0.08125000000000004 0.4078125 0.09218750000000005 0.4078125
1 0.08437500000000005 0.3796875 0.07656250000000005 0.3796875 0.07656250000000005 0.4109375 0.08437500000000005 0.4109375
1 0.10937500000000004 0.3828125 0.10312500000000005 0.3828125 0.10312500000000005 0.4109375 0.10937500000000004 0.4109375
1 0.12031250000000004 0.384375 0.10781250000000005 0.384375 0.10781250000000005 0.4078125 0.12031250000000004 0.4078125
1 0.13906250000000003 0.3828125 0.12812500000000004 0.3828125 0.12812500000000004 0.4078125 0.13906250000000003 0.4078125
1 0.15156250000000004 0.3828125 0.14218750000000005 0.3828125 0.14218750000000005 0.409375 0.15156250000000004 0.409375
1 0.16250000000000003 0.3828125 0.15156250000000004 0.3828125 0.15156250000000004 0.409375 0.16250000000000003 0.409375
1 0.37187500000000007 0.38281250000000006 0.3625000000000001 0.3828125 0.3625000000000001 0.4078125 0.37187500000000007 0.4078125
1 0.3765625000000001 0.3828125000000001 0.37187500000000007 0.3828125000000001 0.37187500000000007 0.409375 0.3765625000000001 0.409375
1 0.465625 0.3187500000000001 0.4546875 0.3187500000000001 0.4546875 0.3437500000000001 0.465625 0.3437500000000001
1 0.4765625 0.3156250000000001 0.4640625 0.3156250000000001 0.4640625 0.3437500000000001 0.4765625 0.3437500000000001
1 0.434375 0.3812500000000001 0.4265625 0.3812500000000001 0.4265625 0.409375 0.434375 0.409375
1 0.44375 0.3812500000000001 0.4359375 0.3812500000000001 0.4359375 0.40625 0.44375 0.40625
1 0.4546875 0.3812500000000001 0.4421875 0.3812500000000001 0.4421875 0.4078125 0.4546875 0.4078125
1 0.3890625000000001 0.3828125000000001 0.3750000000000001 0.3828125000000001 0.3750000000000001 0.4078125 0.3890625000000001 0.4078125
1 0.4046875 0.3828125000000001 0.3968750000000001 0.3828125000000001 0.3968750000000001 0.40625 0.4046875 0.40625
1 0.4140625 0.3828125000000001 0.4046875 0.3828125000000001 0.4046875 0.4109375 0.4140625 0.4109375
1 0.3359375 0.10000000000000005 0.325 0.10000000000000005 0.325 0.12656250000000005 0.3359375 0.12656250000000005
1 0.3484375 0.10000000000000005 0.3390625 0.10000000000000005 0.3390625 0.12656250000000005 0.3484375 0.12656250000000005
1 0.3703125 0.028125000000000046 0.3609375 0.028125000000000046 0.3609375 0.05468750000000004 0.3703125 0.05468750000000004
1 0.3796875 0.028125000000000046 0.371875 0.028125000000000046 0.371875 0.05468750000000004 0.3796875 0.05468750000000004
1 0.3953125 0.029687500000000044 0.3890625 0.029687500000000044 0.3890625 0.05625000000000004 0.3953125 0.05625000000000004
1 0.403125 0.029687500000000044 0.396875 0.029687500000000044 0.396875 0.05312500000000005 0.403125 0.05312500000000005