0 0.7578125000000001 0.675 0.65 0.675 0.6500000000000001 0.7578125000000001 0.7578125000000002 0.7578125000000002
0 0.796875 0.4187500000000002 0.753125 0.4187500000000002 0.753125 0.5515625000000002 0.796875 0.5515625000000002
0 0.796875 0.3859375000000001 0.7296875 0.3859375000000001 0.7296875 0.4968750000000002 0.796875 0.4968750000000002
0 0.653125 0.3937500000000001 0.61875 0.3937500000000001 0.61875 0.5296875 0.653125 0.5296875
0 0.7265625 0.2296875000000001 0.6796875 0.2296875000000001 0.6796875 0.2828125000000001 0.7265625 0.2828125000000001
0 0.45625 0.23125000000000004 0.2640625 0.23125 0.2640625 0.28437500000000004 0.45625 0.2843750000000001
2 0.5359375 0.34843750000000007 0.4890625 0.34843750000000007 0.4890625 0.5375 0.5359375 0.5375
0 0.4984375 0.41875 0.45625 0.41875 0.45625 0.5109375 0.4984375 0.5109375
0 0.4984375 0.5578125 0.4171875 0.5578125 0.4171875 0.68125 0.4984375 0.68125
0 0.4234375 0.5875 0.3828125000000001 0.5875 0.3828125000000001 0.684375 0.4234375 0.684375
0 0.496875 0.5015625 0.4375 0.5015625 0.4375 0.5625 0.496875 0.5625
2 0.446875 0.5625 0.428125 0.5625 0.428125 0.59375 0.446875 0.59375
1 0.4421875 0.58125 0.434375 0.58125 0.434375 0.5984375 0.4421875 0.5984375
1 0.4546875 0.58125 0.44375 0.58125 0.44375 0.6 0.4546875 0.6
1 0.4796875 0.6 0.4640625 0.6 0.4640625 0.6125 0.4796875 0.6125
1 0.4796875 0.584375 0.4640625 0.584375 0.4640625 0.603125 0.4796875 0.603125
1 0.478125 0.6390625 0.4640625 0.6390625 0.4640625 0.653125 0.478125 0.653125
1 0.478125 0.6234375 0.4625 0.6234375 0.4625 0.6421875 0.478125 0.6421875
1 0.409375 0.6328125 0.3906250000000001 0.6328125 0.3906250000000001 0.64375 0.409375 0.64375
1 0.4109375 0.6203125 0.4015625 0.6203125 0.4015625 0.634375 0.4109375 0.634375
0 0.4156250000000001 0.6796875 0.3078125000000001 0.6796875 0.3078125000000001 0.7640625 0.4156250000000002 0.7640625
1 0.3218750000000001 0.71875 0.3109375000000001 0.71875 0.3109375000000001 0.7296875 0.3218750000000001 0.7296875
1 0.3218750000000001 0.7 0.30937500000000007 0.7 0.30937500000000007 0.7140625 0.3218750000000001 0.7140625
1 0.3656250000000001 0.7171875 0.3515625000000001 0.7171875 0.3515625000000001 0.7359375 0.3656250000000001 0.7359375
1 0.2906250000000001 0.59375 0.2796875000000001 0.59375 0.2796875000000001 0.6140625 0.2906250000000001 0.6140625
2 0.3062500000000001 0.584375 0.2906250000000001 0.584375 0.2906250000000001 0.6140625 0.3062500000000001 0.6140625
1 0.2968750000000001 0.5796875 0.2875000000000001 0.5796875 0.2875000000000001 0.5984375 0.2968750000000001 0.5984375
1 0.2734375000000001 0.540625 0.2609375000000001 0.540625 0.2609375000000001 0.559375 0.2734375000000001 0.559375
1 0.2765625000000001 0.5484375 0.2671875000000001 0.5484375 0.2671875000000001 0.565625 0.2765625000000001 0.565625
0 0.3984375000000001 0.38125000000000003 0.3203125000000001 0.38125 0.3203125000000001 0.4640625 0.3984375000000001 0.4640625
1 0.3750000000000001 0.3734375000000001 0.36406250000000007 0.3734375000000001 0.36406250000000007 0.4015625 0.3750000000000001 0.4015625
1 0.3828125000000001 0.3781250000000001 0.3750000000000001 0.3781250000000001 0.3750000000000001 0.3968750000000001 0.3828125000000001 0.3968750000000001
1 0.36875 0.21406250000000004 0.3546875 0.2140625 0.3546875 0.23906250000000004 0.36875 0.2390625000000001
1 0.3765625 0.2250000000000001 0.3703125 0.2250000000000001 0.3703125 0.24218750000000008 0.3765625 0.24218750000000008
1 0.4796875 0.4578125 0.4640625 0.4578125 0.4640625 0.478125 0.4796875 0.478125
1 0.27812500000000007 0.628125 0.2640625000000001 0.628125 0.2640625000000001 0.6453125 0.27812500000000007 0.6453125
2 0.3375000000000001 0.6890625 0.31718750000000007 0.6890625 0.31718750000000007 0.721875 0.3375000000000001 0.721875
1 0.6171875 0.3937500000000001 0.6 0.3937500000000001 0.6 0.4125 0.6171875 0.4125
1 0.61875 0.409375 0.6015625 0.409375 0.6015625 0.425 0.61875 0.425
1 0.6171875 0.434375 0.6 0.434375 0.6 0.4484375 0.6171875 0.4484375
2 0.6203125 0.453125 0.6015625 0.453125 0.6015625 0.5 0.6203125 0.5
1 0.7171875 0.22031250000000008 0.7078125 0.22031250000000008 0.7078125 0.2375000000000001 0.7171875 0.2375000000000001
1 0.709375 0.21093750000000008 0.6953125 0.21093750000000008 0.6953125 0.2328125000000001 0.709375 0.2328125000000001
1 0.871875 0.2234375000000001 0.8640625 0.2234375000000001 0.8640625 0.2406250000000001 0.871875 0.2406250000000001
1 0.840625 0.2718750000000001 0.834375 0.2718750000000001 0.834375 0.2875000000000001 0.840625 0.2875000000000001
1 0.8828125 0.2765625000000001 0.8734375 0.2765625000000001 0.8734375 0.2984375000000001 0.8828125 0.2984375000000001
1 0.8890625 0.2515625000000001 0.88125 0.2515625000000001 0.88125 0.2687500000000001 0.8890625 0.2687500000000001
1 0.8796875 0.24218750000000008 0.86875 0.24218750000000008 0.86875 0.2656250000000001 0.8796875 0.2656250000000001
1 0.865625 0.2171875000000001 0.85625 0.2171875000000001 0.85625 0.23593750000000008 0.865625 0.23593750000000008
1 0.834375 0.2218750000000001 0.8234375 0.2218750000000001 0.8234375 0.23593750000000008 0.834375 0.23593750000000008
1 0.83125 0.2687500000000001 0.8234375 0.2687500000000001 0.8234375 0.2843750000000001 0.83125 0.2843750000000001
1 0.8515625 0.21875000000000008 0.8375 0.21875000000000008 0.8375 0.2328125000000001 0.8515625 0.2328125000000001
1 0.8609375 0.2687500000000001 0.8484375 0.2687500000000001 0.8484375 0.2812500000000001 0.8609375 0.2812500000000001
1 0.775 0.3656250000000001 0.7625 0.3656250000000001 0.7625 0.3843750000000001 0.775 0.3843750000000001