1 0.6765625 0.540625 0.659375 0.540625 0.659375 0.5578125 0.6765625 0.5578125
1 0.684375 0.5140625 0.65625 0.5140625 0.65625 0.5328125 0.684375 0.5328125
1 0.678125 0.5671875 0.6609375 0.5671875 0.6609375 0.58125 0.678125 0.58125
1 0.678125 0.5921875 0.6609375 0.5921875 0.6609375 0.6109375 0.678125 0.6109375
1 0.6765625 0.6171875 0.659375 0.6171875 0.659375 0.6359375 0.6765625 0.6359375
1 0.678125 0.6421875 0.6609375 0.6421875 0.6609375 0.6625 0.678125 0.6625
1 0.6671875 0.66875 0.659375 0.66875 0.659375 0.6859375 0.6671875 0.6859375
1 0.7828125 0.5125000000000002 0.7625 0.5125000000000002 0.7625 0.5296875000000002 0.7828125 0.5296875000000002
1 0.7890625 0.5406250000000001 0.7609375 0.5406250000000001 0.7609375 0.5578125000000002 0.7890625 0.5578125000000002
1 0.79375 0.5656250000000002 0.7640625 0.5656250000000002 0.7640625 0.5828125000000002 0.79375 0.5828125000000002
1 0.8125 0.5921875000000002 0.765625 0.5921875000000002 0.765625 0.6093750000000002 0.8125 0.6093750000000002
1 0.8234375 0.6437500000000002 0.7640625 0.6437500000000002 0.7640625 0.6640625000000002 0.8234375 0.6640625000000002
0 0.5937500000000001 0.4734375 0.5859375 0.4734375 0.5859375000000001 0.7484375 0.5937500000000002 0.7484375
0 0.5296875 0.4546875 0.37968750000000007 0.4546875 0.37968750000000007 0.4625 0.5296875 0.4625
0 0.4953125 0.2890625000000001 0.4125 0.2890625000000001 0.4125 0.3000000000000001 0.4953125 0.3000000000000001
0 0.5734375 0.009375000000000069 0.5671875 0.009375000000000069 0.5671875 0.21093750000000008 0.5734375 0.21093750000000008
1 0.36406250000000007 0.934375 0.3500000000000001 0.934375 0.3500000000000001 0.95 0.36406250000000007 0.95
1 0.3656250000000001 0.9125 0.34843750000000007 0.9125 0.34843750000000007 0.9265625 0.3656250000000001 0.9265625
1 0.3656250000000001 0.890625 0.3515625000000001 0.890625 0.3515625000000001 0.9078125 0.3656250000000001 0.9078125
1 0.3656250000000001 0.8703125 0.34843750000000007 0.8703125 0.34843750000000007 0.8859375 0.3656250000000001 0.8859375
1 0.3656250000000001 0.85 0.34843750000000007 0.85 0.34843750000000007 0.8640625 0.3656250000000001 0.8640625
1 0.40625000000000017 0.934375 0.3937500000000001 0.934375 0.3937500000000001 0.946875 0.40625000000000017 0.946875
1 0.40937500000000016 0.9109375 0.3937500000000001 0.9109375 0.3937500000000001 0.925 0.40937500000000016 0.925
1 0.40625000000000017 0.8890625 0.3906250000000001 0.8890625 0.3906250000000001 0.9046875 0.40625000000000017 0.9046875
1 0.40625000000000017 0.8671875 0.3921875000000001 0.8671875 0.3921875000000001 0.8859375 0.40625000000000017 0.8859375
1 0.40625000000000017 0.85 0.3921875000000001 0.85 0.3921875000000001 0.8640625 0.40625000000000017 0.8640625
1 0.4390625000000002 0.9328125 0.42500000000000016 0.9328125 0.42500000000000016 0.946875 0.4390625000000002 0.946875
1 0.44062500000000016 0.909375 0.4265625000000002 0.909375 0.4265625000000002 0.9265625 0.44062500000000016 0.9265625
1 0.4421875000000002 0.890625 0.4265625000000002 0.890625 0.4265625000000002 0.9046875 0.4421875000000002 0.9046875
1 0.4390625000000002 0.8703125 0.42500000000000016 0.8703125 0.42500000000000016 0.8859375 0.4390625000000002 0.8859375
1 0.4421875000000002 0.8515625 0.4265625000000002 0.8515625 0.4265625000000002 0.8640625 0.4421875000000002 0.8640625
1 0.47656250000000017 0.9328125 0.4593750000000002 0.9328125 0.4593750000000002 0.95 0.47656250000000017 0.95
1 0.4781250000000002 0.9125 0.4625000000000002 0.9125 0.4625000000000002 0.9265625 0.4781250000000002 0.9265625
1 0.4703125000000002 0.8921875 0.46093750000000017 0.8921875 0.46093750000000017 0.90625 0.4703125000000002 0.90625
1 0.47968750000000016 0.871875 0.46093750000000017 0.871875 0.46093750000000017 0.884375 0.47968750000000016 0.884375
1 0.4703125000000002 0.85 0.46093750000000017 0.85 0.46093750000000017 0.8640625 0.4703125000000002 0.8640625
1 0.5125000000000002 0.9328125 0.5000000000000002 0.9328125 0.5000000000000002 0.9484375 0.5125000000000002 0.9484375
1 0.5046875000000002 0.9125 0.49531250000000016 0.9125 0.49531250000000016 0.9265625 0.5046875000000002 0.9265625
1 0.5031250000000002 0.8921875 0.4968750000000002 0.8921875 0.4968750000000002 0.90625 0.5031250000000002 0.90625
1 0.5046875000000002 0.8703125 0.4937500000000002 0.8703125 0.4937500000000002 0.884375 0.5046875000000002 0.884375
1 0.5046875000000002 0.8515625 0.4968750000000002 0.8515625 0.4968750000000002 0.8640625 0.5046875000000002 0.8640625
1 0.5937500000000002 0.934375 0.5812500000000002 0.934375 0.5812500000000002 0.946875 0.5937500000000002 0.946875
1 0.5937500000000002 0.9125 0.5796875000000001 0.9125 0.5796875000000001 0.928125 0.5937500000000002 0.928125
1 0.5937500000000002 0.8921875 0.5781250000000002 0.8921875 0.5781250000000002 0.90625 0.5937500000000002 0.90625
1 0.5953125000000001 0.871875 0.5796875000000001 0.871875 0.5796875000000001 0.8859375 0.5953125000000001 0.8859375
1 0.5953125000000001 0.85 0.5765625000000002 0.85 0.5765625000000002 0.865625 0.5953125000000001 0.865625
1 0.6265625000000001 0.934375 0.6140625000000002 0.934375 0.6140625000000002 0.95 0.6265625000000001 0.95
1 0.6296875000000002 0.9140625 0.6140625000000002 0.9140625 0.6140625000000002 0.9296875 0.6296875000000002 0.9296875
1 0.6281250000000002 0.89375 0.6140625000000002 0.89375 0.6140625000000002 0.9078125 0.6281250000000002 0.9078125
1 0.6281250000000002 0.8734375 0.6125000000000002 0.8734375 0.6125000000000002 0.8875 0.6281250000000002 0.8875
1 0.6281250000000002 0.8515625 0.6125000000000002 0.8515625 0.6125000000000002 0.865625 0.6281250000000002 0.865625
1 0.6625000000000002 0.934375 0.6468750000000002 0.934375 0.6468750000000002 0.9484375 0.6625000000000002 0.9484375
1 0.6640625000000002 0.9125 0.6453125000000002 0.9125 0.6453125000000002 0.9296875 0.6640625000000002 0.9296875
1 0.6625000000000002 0.89375 0.6484375000000002 0.89375 0.6484375000000002 0.909375 0.6625000000000002 0.909375
1 0.6625000000000002 0.871875 0.6468750000000002 0.871875 0.6468750000000002 0.8859375 0.6625000000000002 0.8859375
1 0.6609375000000002 0.85 0.6468750000000002 0.85 0.6468750000000002 0.8671875 0.6609375000000002 0.8671875
1 0.6937500000000002 0.9359375 0.6812500000000001 0.9359375 0.6812500000000001 0.9515625 0.6937500000000002 0.9515625
1 0.6984375000000002 0.9140625 0.6828125000000002 0.9140625 0.6828125000000002 0.928125 0.6984375000000002 0.928125
1 0.6906250000000002 0.89375 0.6812500000000001 0.89375 0.6812500000000001 0.9078125 0.6906250000000002 0.9078125
1 0.7000000000000002 0.8734375 0.6796875000000002 0.8734375 0.6796875000000002 0.8890625 0.7000000000000002 0.8890625
1 0.6984375000000002 0.853125 0.6812500000000001 0.853125 0.6812500000000001 0.8640625 0.6984375000000002 0.8640625