0 0.4953125 0.5828125 0.3609375000000001 0.5828125 0.3609375000000001 0.628125 0.4953125 0.628125
0 0.3609375000000001 0.51875 0.3265625000000001 0.51875 0.3265625000000001 0.584375 0.3609375000000001 0.584375
0 0.571875 0.3046875000000001 0.5421875 0.3046875000000001 0.5421875 0.3546875000000001 0.571875 0.3546875000000001
0 0.3140625 0.30625 0.284375 0.30625 0.28437500000000004 0.3875 0.3140625000000001 0.3875
0 0.3953125 0.12031250000000004 0.2890625 0.12031250000000004 0.2890625 0.17968750000000006 0.3953125 0.17968750000000006
0 0.3703125 0.17656250000000004 0.284375 0.17656250000000004 0.284375 0.21718750000000003 0.3703125 0.2171875000000001
0 0.4625 0.10781250000000005 0.39375 0.10781250000000005 0.39375 0.14062500000000006 0.4625 0.14062500000000006
0 0.4578125 0.13906250000000003 0.4 0.13906250000000003 0.4 0.17343750000000005 0.4578125 0.17343750000000005
0 0.4640625 0.453125 0.3937500000000001 0.453125 0.3937500000000001 0.4609375 0.4640625 0.4609375
1 0.4359375 0.12656250000000005 0.425 0.12656250000000005 0.425 0.14375000000000004 0.4359375 0.14375000000000004
1 0.4421875 0.12500000000000006 0.4359375 0.12500000000000006 0.4359375 0.14218750000000005 0.4421875 0.14218750000000005
1 0.425 0.09531250000000005 0.4140625 0.09531250000000005 0.4140625 0.10937500000000004 0.425 0.10937500000000004
1 0.421875 0.12500000000000006 0.415625 0.12500000000000006 0.415625 0.14218750000000005 0.421875 0.14218750000000005
1 0.428125 0.4359375 0.421875 0.4359375 0.421875 0.453125 0.428125 0.453125
1 0.4390625 0.4375 0.4328125 0.4375 0.4328125 0.4515625 0.4390625 0.4515625
1 0.446875 0.4375 0.4390625 0.4375 0.4390625 0.453125 0.446875 0.453125
1 0.3265625000000001 0.5578125 0.3140625000000001 0.5578125 0.3140625000000001 0.56875 0.3265625000000001 0.56875
1 0.32500000000000007 0.5421875 0.3140625000000001 0.5421875 0.3140625000000001 0.5515625 0.32500000000000007 0.5515625
1 0.3265625000000001 0.53125 0.3156250000000001 0.53125 0.3156250000000001 0.540625 0.3265625000000001 0.540625
2 0.3265625000000001 0.553125 0.3218750000000001 0.553125 0.3218750000000001 0.5578125 0.3265625000000001 0.5578125
1 0.4375 0.6046875 0.4296875 0.6046875 0.4296875 0.61875 0.4375 0.61875
1 0.428125 0.603125 0.4203125 0.603125 0.4203125 0.6171875 0.428125 0.6171875
0 0.3578125 0.2125 0.2859375 0.2125 0.2859375 0.29375 0.3578125 0.29375
1 0.2859375 0.2453125 0.275 0.2453125 0.275 0.25625 0.2859375 0.25625
1 0.2859375 0.234375 0.275 0.234375 0.275 0.24375 0.2859375 0.24375
1 0.2859375 0.15312500000000004 0.2765625 0.15312500000000004 0.2765625 0.16093750000000004 0.2859375 0.16093750000000004
1 0.284375 0.2640625 0.275 0.2640625 0.275 0.275 0.284375 0.275
2 0.2875 0.2578125 0.2828125 0.2578125 0.2828125 0.2640625 0.2875 0.2640625
2 0.2875 0.14531250000000004 0.2828125 0.14531250000000004 0.2828125 0.15156250000000004 0.2875 0.15156250000000004
1 0.2875 0.13281250000000006 0.275 0.13281250000000006 0.275 0.14531250000000004 0.2875 0.14531250000000004
1 0.2859375 0.12031250000000004 0.275 0.12031250000000004 0.275 0.13281250000000006 0.2859375 0.13281250000000006
1 0.5906250000000002 0.8765625 0.5765625000000002 0.8765625 0.5765625000000002 0.8859375 0.5906250000000002 0.8859375
1 0.5921875000000002 0.8578125 0.5781250000000002 0.8578125 0.5781250000000002 0.871875 0.5921875000000002 0.871875
1 0.5921875000000002 0.8453125 0.5828125000000002 0.8453125 0.5828125000000002 0.859375 0.5921875000000002 0.859375
0 0.7031250000000002 0.85625 0.6312500000000002 0.85625 0.6312500000000002 0.896875 0.7031250000000002 0.896875
1 0.6703125000000002 0.8734375 0.6609375000000002 0.8734375 0.6609375000000002 0.8875 0.6703125000000002 0.8875
1 0.6796875000000002 0.8703125 0.6718750000000002 0.8703125 0.6718750000000002 0.8875 0.6796875000000002 0.8875
0 0.6687500000000002 0.8078125 0.6328125000000002 0.8078125 0.6328125000000002 0.8640625 0.6687500000000002 0.8640625
1 0.6453125000000002 0.840625 0.6375000000000002 0.840625 0.6375000000000002 0.8515625 0.6453125000000002 0.8515625
1 0.6625000000000002 0.8359375 0.6546875000000002 0.8359375 0.6546875000000002 0.8515625 0.6625000000000002 0.8515625
0 0.6140625000000002 0.7546875 0.6015625000000002 0.7546875 0.6015625000000002 0.80625 0.6140625000000002 0.80625
0 0.8078125 0.3828125000000001 0.7515625 0.3828125000000001 0.7515625 0.5187500000000002 0.8078125 0.5187500000000002
0 0.8078125 0.3031250000000001 0.7484375 0.3031250000000001 0.7484375 0.38750000000000007 0.8078125 0.38750000000000007
0 0.7390625 0.30937500000000007 0.590625 0.30937500000000007 0.590625 0.35625000000000007 0.7390625 0.35625000000000007
0 0.71875 0.14062500000000008 0.6078125 0.14062500000000008 0.6078125 0.17343750000000008 0.71875 0.17343750000000008
0 0.7453125 0.1531250000000001 0.7171875 0.1531250000000001 0.7171875 0.2734375000000001 0.7453125 0.2734375000000001
2 0.740625 0.2375000000000001 0.73125 0.2375000000000001 0.73125 0.2500000000000001 0.740625 0.2500000000000001
1 0.7390625 0.2250000000000001 0.728125 0.2250000000000001 0.728125 0.23593750000000008 0.7390625 0.23593750000000008
1 0.7390625 0.21250000000000008 0.7265625 0.21250000000000008 0.7265625 0.2234375000000001 0.7390625 0.2234375000000001
1 0.7390625 0.2484375000000001 0.728125 0.2484375000000001 0.728125 0.2578125000000001 0.7390625 0.2578125000000001
1 0.7390625 0.2640625000000001 0.728125 0.2640625000000001 0.728125 0.2734375000000001 0.7390625 0.2734375000000001
2 0.740625 0.2578125000000001 0.734375 0.2578125000000001 0.734375 0.26250000000000007 0.740625 0.26250000000000007
1 0.6375 0.3296875000000001 0.628125 0.3296875000000001 0.628125 0.3468750000000001 0.6375 0.3468750000000001
2 0.6421875 0.34062500000000007 0.6375 0.34062500000000007 0.6375 0.3468750000000001 0.6421875 0.3468750000000001
1 0.65 0.3281250000000001 0.640625 0.3281250000000001 0.640625 0.3468750000000001 0.65 0.3468750000000001
1 0.6578125 0.3281250000000001 0.65 0.3281250000000001 0.65 0.3468750000000001 0.6578125 0.3468750000000001
1 0.6609375 0.1281250000000001 0.65625 0.1281250000000001 0.65625 0.1437500000000001 0.6609375 0.1437500000000001
1 0.6734375 0.12656250000000008 0.665625 0.12656250000000008 0.665625 0.14062500000000008 0.6734375 0.14062500000000008
1 0.68125 0.12656250000000008 0.675 0.12656250000000008 0.675 0.14218750000000008 0.68125 0.14218750000000008
1 0.690625 0.1281250000000001 0.6828125 0.1281250000000001 0.6828125 0.14218750000000008 0.690625 0.14218750000000008
0 0.628125 0.2234375000000001 0.615625 0.2234375000000001 0.615625 0.26250000000000007 0.628125 0.26250000000000007