0 0.5265625 0.36718750000000006 0.3359375000000001 0.3671875 0.3359375000000001 0.4234375 0.5265625 0.4234375
0 0.3390625000000001 0.3734375 0.3046875000000001 0.3734375 0.3046875000000001 0.4234375 0.3390625000000001 0.4234375
0 0.5609375 0.28593750000000007 0.5265625 0.28593750000000007 0.5265625 0.34843750000000007 0.5609375 0.34843750000000007
0 0.7140625 0.37187500000000007 0.646875 0.37187500000000007 0.646875 0.4578125 0.7140625 0.4578125
0 0.753125 0.2671875000000001 0.7125 0.2671875000000001 0.7125 0.3781250000000001 0.753125 0.3781250000000001
1 0.340625 0.2 0.33125 0.2 0.33125 0.21875 0.340625 0.21875
1 0.346875 0.2 0.340625 0.2 0.340625 0.2203125 0.346875 0.2203125
1 0.359375 0.19843750000000004 0.3484375 0.19843750000000004 0.3484375 0.2203125 0.359375 0.2203125
1 0.4125 0.19687500000000005 0.4046875 0.19687500000000005 0.4046875 0.21875000000000008 0.4125 0.21875000000000008
1 0.425 0.2000000000000001 0.415625 0.2000000000000001 0.415625 0.21875000000000008 0.425 0.21875000000000008
1 0.4328125 0.19687500000000005 0.425 0.19687500000000005 0.425 0.21875000000000008 0.4328125 0.21875000000000008
1 0.4421875 0.19843750000000004 0.434375 0.19843750000000004 0.434375 0.21875000000000008 0.4421875 0.21875000000000008
1 0.4421875 0.3921875000000001 0.428125 0.3921875000000001 0.428125 0.415625 0.4421875 0.415625
1 0.32500000000000007 0.390625 0.3156250000000001 0.390625 0.3156250000000001 0.4125 0.32500000000000007 0.4125
1 0.55625 0.3078125000000001 0.5421875 0.3078125000000001 0.5421875 0.31718750000000007 0.55625 0.31718750000000007
1 0.3375000000000001 0.5859375 0.3296875000000001 0.5859375 0.3296875000000001 0.6046875 0.3375000000000001 0.6046875
1 0.4078125 0.5875 0.3968750000000001 0.5875 0.3968750000000001 0.603125 0.4078125 0.603125
1 0.478125 0.5875 0.46875 0.5875 0.46875 0.6046875 0.478125 0.6046875
1 0.5484375 0.5875 0.5375 0.5875 0.5375 0.60625 0.5484375 0.60625
1 0.61875 0.5875 0.609375 0.5875 0.609375 0.603125 0.61875 0.603125
1 0.3156250000000001 0.6140625 0.30937500000000007 0.6140625 0.30937500000000007 0.6328125 0.3156250000000001 0.6328125
1 0.32500000000000007 0.6171875 0.3156250000000001 0.6171875 0.3156250000000001 0.634375 0.32500000000000007 0.634375
1 0.3234375000000001 0.646875 0.3156250000000001 0.646875 0.3156250000000001 0.665625 0.3234375000000001 0.665625
1 0.3359375000000001 0.646875 0.3281250000000001 0.646875 0.3281250000000001 0.6640625 0.3359375000000001 0.6640625
1 0.3437500000000001 0.6453125 0.3375000000000001 0.6453125 0.3375000000000001 0.6625 0.3437500000000001 0.6625
1 0.32500000000000007 0.6734375 0.3156250000000001 0.6734375 0.3156250000000001 0.69375 0.32500000000000007 0.69375
1 0.3234375000000001 0.703125 0.3156250000000001 0.703125 0.3156250000000001 0.7234375 0.3234375000000001 0.7234375
1 0.3359375000000001 0.70625 0.3281250000000001 0.70625 0.3281250000000001 0.7234375 0.3359375000000001 0.7234375
1 0.3156250000000001 0.734375 0.3078125000000001 0.734375 0.3078125000000001 0.75 0.3156250000000001 0.75
1 0.3234375000000001 0.7328125 0.3140625000000001 0.7328125 0.3140625000000001 0.7515625 0.3234375000000001 0.7515625
1 0.3312500000000001 0.734375 0.3234375000000001 0.734375 0.3234375000000001 0.7515625 0.3312500000000001 0.7515625
1 0.34062500000000007 0.734375 0.3312500000000001 0.734375 0.3312500000000001 0.753125 0.34062500000000007 0.753125
1 0.3937500000000001 0.70625 0.3843750000000001 0.70625 0.3843750000000001 0.7265625 0.3937500000000001 0.7265625
1 0.3843750000000001 0.734375 0.3781250000000001 0.734375 0.3781250000000001 0.7515625 0.3843750000000001 0.7515625
1 0.3937500000000001 0.73125 0.38750000000000007 0.73125 0.38750000000000007 0.75 0.3937500000000001 0.75
1 0.3843750000000001 0.6171875 0.3765625000000001 0.6171875 0.3765625000000001 0.6359375 0.3843750000000001 0.6359375
1 0.3937500000000001 0.6140625 0.3859375000000001 0.6140625 0.3859375000000001 0.6328125 0.3937500000000001 0.6328125
1 0.3937500000000001 0.6453125 0.3843750000000001 0.6453125 0.3843750000000001 0.6640625 0.3937500000000001 0.6640625
1 0.3921875000000001 0.6734375 0.3843750000000001 0.6734375 0.3843750000000001 0.6921875 0.3921875000000001 0.6921875
1 0.40625 0.675 0.3984375000000001 0.675 0.3984375000000001 0.69375 0.40625 0.69375
1 0.40156250000000016 0.7359375 0.3937500000000001 0.7359375 0.3937500000000001 0.753125 0.40156250000000016 0.753125
1 0.40937500000000016 0.734375 0.4031250000000002 0.734375 0.4031250000000002 0.7515625 0.40937500000000016 0.7515625
1 0.4046875 0.6453125 0.3968750000000001 0.6453125 0.3968750000000001 0.6640625 0.4046875 0.6640625
1 0.4125 0.6453125 0.40625 0.6453125 0.40625 0.6640625 0.4125 0.6640625
1 0.4546875 0.6140625 0.4484375 0.6140625 0.4484375 0.6359375 0.4546875 0.6359375
1 0.465625 0.6171875 0.45625 0.6171875 0.45625 0.634375 0.465625 0.634375
1 0.4640625 0.6453125 0.4546875 0.6453125 0.4546875 0.6640625 0.4640625 0.6640625
1 0.475 0.64375 0.465625 0.64375 0.465625 0.6625 0.475 0.6625
1 0.484375 0.6453125 0.475 0.6453125 0.475 0.6625 0.484375 0.6625
1 0.4640625 0.675 0.4546875 0.675 0.4546875 0.69375 0.4640625 0.69375
1 0.475 0.6734375 0.4671875 0.6734375 0.4671875 0.690625 0.475 0.690625
1 0.4640625 0.703125 0.4546875 0.703125 0.4546875 0.721875 0.4640625 0.721875
1 0.4546875000000002 0.734375 0.44843750000000016 0.734375 0.44843750000000016 0.7515625 0.4546875000000002 0.7515625
1 0.4625000000000002 0.734375 0.4546875000000002 0.734375 0.4546875000000002 0.7515625 0.4625000000000002 0.7515625
1 0.47187500000000016 0.734375 0.4625000000000002 0.734375 0.4625000000000002 0.7515625 0.47187500000000016 0.7515625
1 0.47968750000000016 0.7359375 0.4734375000000002 0.7359375 0.4734375000000002 0.753125 0.47968750000000016 0.753125
1 0.525 0.615625 0.51875 0.615625 0.51875 0.634375 0.525 0.634375
1 0.525 0.64375 0.5171875 0.64375 0.5171875 0.665625 0.525 0.665625
1 0.534375 0.675 0.525 0.675 0.525 0.6921875 0.534375 0.6921875
1 0.525 0.7046875 0.51875 0.7046875 0.51875 0.721875 0.525 0.721875
1 0.5250000000000001 0.7359375 0.5171875000000001 0.7359375 0.5171875000000001 0.753125 0.5250000000000001 0.753125
1 0.5328125000000001 0.7328125 0.5265625000000002 0.7328125 0.5265625000000002 0.7546875 0.5328125000000001 0.7546875
1 0.534375 0.7046875 0.5265625 0.7046875 0.5265625 0.725 0.534375 0.725
1 0.534375 0.6453125 0.528125 0.6453125 0.528125 0.6640625 0.534375 0.6640625
1 0.5328125 0.615625 0.5265625 0.615625 0.5265625 0.634375 0.5328125 0.634375
1 0.5453125 0.6453125 0.5375 0.6453125 0.5375 0.6640625 0.5453125 0.6640625
1 0.5406250000000001 0.7359375 0.5343750000000002 0.7359375 0.5343750000000002 0.753125 0.5406250000000001 0.753125
1 0.5500000000000002 0.7328125 0.5421875000000002 0.7328125 0.5421875000000002 0.753125 0.5500000000000002 0.753125
1 0.5593750000000002 0.734375 0.5515625000000002 0.734375 0.5515625000000002 0.7515625 0.5593750000000002 0.7515625
1 0.5546875 0.64375 0.546875 0.64375 0.546875 0.6640625 0.5546875 0.6640625
1 0.596875 0.6171875 0.5875 0.6171875 0.5875 0.634375 0.596875 0.634375
1 0.6046875 0.6171875 0.596875 0.6171875 0.596875 0.634375 0.6046875 0.634375
1 0.5953125 0.6453125 0.5890625 0.6453125 0.5890625 0.6640625 0.5953125 0.6640625
1 0.6046875 0.6453125 0.596875 0.6453125 0.596875 0.6625 0.6046875 0.6625
1 0.615625 0.6453125 0.60625 0.6453125 0.60625 0.6625 0.615625 0.6625
1 0.625 0.646875 0.615625 0.646875 0.615625 0.6625 0.625 0.6625
1 0.6046875 0.6734375 0.5953125 0.6734375 0.5953125 0.6921875 0.6046875 0.6921875
1 0.6171875 0.675 0.6078125 0.675 0.6078125 0.690625 0.6171875 0.690625
1 0.5953125 0.703125 0.5890625 0.703125 0.5890625 0.7234375 0.5953125 0.7234375
1 0.6046875 0.70625 0.5953125 0.70625 0.5953125 0.7234375 0.6046875 0.7234375
1 0.5968750000000002 0.7359375 0.5875000000000001 0.7359375 0.5875000000000001 0.753125 0.5968750000000002 0.753125
1 0.6031250000000001 0.7359375 0.5968750000000002 0.7359375 0.5968750000000002 0.753125 0.6031250000000001 0.753125
1 0.6109375000000001 0.734375 0.6031250000000001 0.734375 0.6031250000000001 0.753125 0.6109375000000001 0.753125
1 0.6203125000000002 0.734375 0.6125000000000002 0.734375 0.6125000000000002 0.7515625 0.6203125000000002 0.7515625
1 0.6281250000000002 0.734375 0.6203125000000002 0.734375 0.6203125000000002 0.753125 0.6281250000000002 0.753125
1 0.6828125 0.5875 0.675 0.5875 0.675 0.6046875 0.6828125 0.6046875
1 0.6921875 0.5875 0.684375 0.5875 0.684375 0.603125 0.6921875 0.603125
1 0.665625 0.6171875 0.65625 0.6171875 0.65625 0.6328125 0.665625 0.6328125
1 0.6734375 0.6140625 0.665625 0.6140625 0.665625 0.6328125 0.6734375 0.6328125
1 0.665625 0.646875 0.659375 0.646875 0.659375 0.6640625 0.665625 0.6640625
1 0.6734375 0.64375 0.665625 0.64375 0.665625 0.6625 0.6734375 0.6625
1 0.6859375 0.6453125 0.678125 0.6453125 0.678125 0.6625 0.6859375 0.6625
1 0.675 0.6734375 0.6671875 0.6734375 0.6671875 0.6921875 0.675 0.6921875
1 0.6875 0.6734375 0.678125 0.6734375 0.678125 0.6921875 0.6875 0.6921875
1 0.665625 0.70625 0.6609375 0.70625 0.6609375 0.7234375 0.665625 0.7234375
1 0.6734375 0.70625 0.6671875 0.70625 0.6671875 0.7234375 0.6734375 0.7234375
1 0.6796875 0.70625 0.6734375 0.70625 0.6734375 0.721875 0.6796875 0.721875
1 0.6859375 0.70625 0.6796875 0.70625 0.6796875 0.7234375 0.6859375 0.7234375
1 0.6953125 0.70625 0.6875 0.70625 0.6875 0.7234375 0.6953125 0.7234375
1 0.6671875000000002 0.734375 0.6593750000000002 0.734375 0.6593750000000002 0.753125 0.6671875000000002 0.753125
1 0.6734375000000001 0.734375 0.6671875000000002 0.734375 0.6671875000000002 0.7515625 0.6734375000000001 0.7515625
1 0.6812500000000001 0.734375 0.6734375000000001 0.734375 0.6734375000000001 0.7515625 0.6812500000000001 0.7515625
1 0.6906250000000002 0.7328125 0.6828125000000002 0.7328125 0.6828125000000002 0.753125 0.6906250000000002 0.753125
1 0.7000000000000002 0.734375 0.6890625000000001 0.734375 0.6890625000000001 0.753125 0.7000000000000002 0.753125
1 0.753125 0.5875000000000001 0.7453125 0.5875000000000001 0.7453125 0.6046875000000002 0.753125 0.6046875000000002
1 0.7625 0.5859375000000002 0.7546875 0.5859375000000002 0.7546875 0.6046875000000002 0.7625 0.6046875000000002
1 0.7359375 0.6156250000000002 0.728125 0.6156250000000002 0.728125 0.6328125000000002 0.7359375 0.6328125000000002
1 0.7453125 0.6171875000000002 0.7375 0.6171875000000002 0.7375 0.6328125000000002 0.7453125 0.6328125000000002
1 0.7375 0.6453125000000002 0.728125 0.6453125000000002 0.728125 0.6625000000000002 0.7375 0.6625000000000002
1 0.74375 0.6453125000000002 0.7375 0.6453125000000002 0.7375 0.6625000000000002 0.74375 0.6625000000000002
1 0.75625 0.6453125000000002 0.75 0.6453125000000002 0.75 0.6625000000000002 0.75625 0.6625000000000002
1 0.74375 0.6734375000000001 0.7359375 0.6734375000000001 0.7359375 0.6921875000000002 0.74375 0.6921875000000002
1 0.7578125 0.6734375000000001 0.75 0.6734375000000001 0.75 0.6921875000000002 0.7578125 0.6921875000000002
1 0.7359375 0.7062500000000002 0.7296875 0.7062500000000002 0.7296875 0.7234375000000002 0.7359375 0.7234375000000002
1 0.7359375000000001 0.7343750000000002 0.7281250000000001 0.7343750000000002 0.7281250000000001 0.7515625000000001 0.7359375000000001 0.7515625000000001
1 0.7437500000000001 0.7343750000000002 0.7375000000000002 0.7343750000000002 0.7375000000000002 0.7515625000000001 0.7437500000000001 0.7515625000000001
1 0.7531250000000002 0.7359375000000001 0.7453125000000002 0.7359375000000001 0.7453125000000002 0.7515625000000001 0.7531250000000002 0.7515625000000001
1 0.7593750000000001 0.7343750000000002 0.7531250000000002 0.7343750000000002 0.7531250000000002 0.7515625000000001 0.7593750000000001 0.7515625000000001
1 0.7671875000000001 0.7343750000000002 0.7609375000000002 0.7343750000000002 0.7609375000000002 0.7515625000000001 0.7671875000000001 0.7515625000000001
1 0.7453125 0.7062500000000002 0.7375 0.7062500000000002 0.7375 0.7234375000000002 0.7453125 0.7234375000000002
1 0.7546875 0.7062500000000002 0.7484375 0.7062500000000002 0.7484375 0.7234375000000002 0.7546875 0.7234375000000002
1 0.765625 0.7031250000000002 0.75625 0.7031250000000002 0.75625 0.7250000000000002 0.765625 0.7250000000000002
2 0.76875 0.7062500000000002 0.7640625 0.7062500000000002 0.7640625 0.7125000000000001 0.76875 0.7125000000000001
1 0.821875 0.5859375000000002 0.8140625 0.5859375000000002 0.8140625 0.6046875000000002 0.821875 0.6046875000000002
1 0.834375 0.5859375000000002 0.8234375 0.5859375000000002 0.8234375 0.6046875000000002 0.834375 0.6046875000000002
1 0.8046875 0.6156250000000002 0.7984375 0.6156250000000002 0.7984375 0.6328125000000002 0.8046875 0.6328125000000002
1 0.8140625 0.6156250000000002 0.80625 0.6156250000000002 0.80625 0.6343750000000001 0.8140625 0.6343750000000001
1 0.80625 0.6453125000000002 0.7984375 0.6453125000000002 0.7984375 0.6640625000000002 0.80625 0.6640625000000002
1 0.815625 0.6453125000000002 0.8078125 0.6453125000000002 0.8078125 0.6609375000000002 0.815625 0.6609375000000002
1 0.825 0.6453125000000002 0.81875 0.6453125000000002 0.81875 0.6625000000000002 0.825 0.6625000000000002
1 0.834375 0.6453125000000002 0.8265625 0.6453125000000002 0.8265625 0.6625000000000002 0.834375 0.6625000000000002
1 0.80625 0.6750000000000002 0.8 0.6750000000000002 0.8 0.6921875000000002 0.80625 0.6921875000000002
1 0.8078125 0.7062500000000002 0.8 0.7062500000000002 0.8 0.7234375000000002 0.8078125 0.7234375000000002
1 0.80625 0.7343750000000002 0.7984375000000001 0.7343750000000002 0.7984375000000001 0.7515625000000001 0.80625 0.7515625000000001
1 0.8140625 0.7359375000000001 0.8078125 0.7359375000000001 0.8078125 0.7515625000000001 0.8140625 0.7515625000000001
1 0.8140625 0.7062500000000002 0.8078125 0.7062500000000002 0.8078125 0.7218750000000002 0.8140625 0.7218750000000002
1 0.815625 0.6750000000000002 0.80625 0.6750000000000002 0.80625 0.6906250000000002 0.815625 0.6906250000000002
1 0.821875 0.7343750000000002 0.815625 0.7343750000000002 0.815625 0.7515625000000001 0.821875 0.7515625000000001
1 0.8296875 0.7343750000000002 0.821875 0.7343750000000002 0.821875 0.7515625000000001 0.8296875 0.7515625000000001
1 0.8375 0.7343750000000002 0.8296875 0.7343750000000002 0.8296875 0.7515625000000001 0.8375 0.7515625000000001
1 0.8765625 0.6156250000000002 0.86875 0.6156250000000002 0.86875 0.6343750000000001 0.8765625 0.6343750000000001
1 0.89375 0.5875000000000001 0.884375 0.5875000000000001 0.884375 0.6031250000000001 0.89375 0.6031250000000001
1 0.9046875 0.5859375000000002 0.8953125 0.5859375000000002 0.8953125 0.6031250000000001 0.9046875 0.6031250000000001
1 0.884375 0.6156250000000002 0.8765625 0.6156250000000002 0.8765625 0.6343750000000001 0.884375 0.6343750000000001
1 0.8765625 0.6468750000000002 0.86875 0.6468750000000002 0.86875 0.6640625000000002 0.8765625 0.6640625000000002
1 0.8765625 0.6750000000000002 0.8703125 0.6750000000000002 0.8703125 0.6921875000000002 0.8765625 0.6921875000000002
1 0.8765625 0.7062500000000002 0.86875 0.7062500000000002 0.86875 0.7234375000000002 0.8765625 0.7234375000000002
1 0.8765625 0.7343750000000002 0.8703125 0.7343750000000002 0.8703125 0.7531250000000002 0.8765625 0.7531250000000002
1 0.884375 0.7046875000000001 0.8765625 0.7046875000000001 0.8765625 0.7234375000000002 0.884375 0.7234375000000002
1 0.8859375 0.6453125000000002 0.8765625 0.6453125000000002 0.8765625 0.6625000000000002 0.8859375 0.6625000000000002
1 0.8953125 0.6453125000000002 0.8890625 0.6453125000000002 0.8890625 0.6625000000000002 0.8953125 0.6625000000000002
1 0.9046875 0.6453125000000002 0.896875 0.6453125000000002 0.896875 0.6625000000000002 0.9046875 0.6625000000000002
1 0.896875 0.6750000000000002 0.8890625 0.6750000000000002 0.8890625 0.6906250000000002 0.896875 0.6906250000000002
1 0.884375 0.6750000000000002 0.8765625 0.6750000000000002 0.8765625 0.6921875000000002 0.884375 0.6921875000000002
1 0.884375 0.7359375000000001 0.8765625 0.7359375000000001 0.8765625 0.7515625000000001 0.884375 0.7515625000000001
1 0.8921875 0.7343750000000002 0.884375 0.7343750000000002 0.884375 0.7515625000000001 0.8921875 0.7515625000000001
1 0.9 0.7359375000000001 0.8921875 0.7359375000000001 0.8921875 0.7515625000000001 0.9 0.7515625000000001
1 0.909375 0.7343750000000002 0.9015625 0.7343750000000002 0.9015625 0.7515625000000001 0.909375 0.7515625000000001
1 0.9171875 0.7343750000000002 0.909375 0.7343750000000002 0.909375 0.7515625000000001 0.9171875 0.7515625000000001
1 0.17187500000000008 0.5875 0.1671875000000001 0.5875 0.1671875000000001 0.603125 0.17187500000000008 0.603125