1 0.4953125 0.5296875 0.4015625 0.5296875 0.4015625 0.575 0.4953125 0.575
0 0.5703125000000002 0.9734375 0.41718750000000016 0.9734375 0.41718750000000016 0.9953125 0.5703125000000002 0.9953125
0 0.6421875000000001 0.609375 0.6234375 0.609375 0.6234375000000001 0.859375 0.6421875000000001 0.859375
0 0.3234375000000001 0.4640625 0.2609375000000001 0.4640625 0.2609375000000001 0.5015625 0.3234375000000001 0.5015625
0 0.7359375 0.4531250000000001 0.3906250000000001 0.453125 0.3906250000000001 0.4937500000000001 0.7359375 0.4937500000000002
0 0.740625 0.3703125000000001 0.5328125 0.3703125000000001 0.5328125 0.3968750000000001 0.740625 0.3968750000000001
0 0.8046875 0.15625000000000008 0.778125 0.15625000000000008 0.778125 0.3031250000000001 0.8046875 0.3031250000000001
0 0.3015625 0.16093750000000004 0.2765625 0.16093750000000004 0.2765625 0.3015625 0.3015625 0.3015625
1 0.4828125 0.07343750000000006 0.4296875 0.07343750000000004 0.4296875 0.11875000000000005 0.4828125 0.11875000000000005
1 0.7625 0.050000000000000086 0.73125 0.050000000000000086 0.73125 0.13437500000000008 0.7625 0.13437500000000008
1 0.246875 0.0046875000000000284 0.2203125 0.004687500000000027 0.2203125 0.06562500000000002 0.246875 0.06562500000000002
0 0.4109375 0.01562500000000004 0.265625 0.015625000000000035 0.265625 0.13593750000000004 0.4109375 0.13593750000000004
0 0.425 0.3609375000000001 0.390625 0.3609375000000001 0.39062500000000006 0.4453125 0.425 0.4453125
0 0.7921875 0.050000000000000086 0.7578125 0.050000000000000086 0.7578125 0.11562500000000009 0.7921875 0.11562500000000009