0 0.15000000000000005 0.4296875 0.06718750000000004 0.4296875 0.06718750000000004 0.453125 0.15000000000000005 0.453125
0 0.36406250000000007 0.05468750000000004 0.3515625 0.05468750000000004 0.35156250000000006 0.4984375 0.36406250000000007 0.4984375
1 0.2765625 0.056250000000000036 0.246875 0.05625000000000002 0.246875 0.08437500000000003 0.2765625 0.08437500000000005
0 0.284375 3.406048910128576e-17 0.271875 3.329508485181867e-17 0.271875 0.05000000000000003 0.284375 0.050000000000000044
1 0.2734375 0.11718750000000004 0.234375 0.11718750000000004 0.234375 0.15781250000000005 0.2734375 0.15781250000000005
0 0.2890625 0.09687500000000003 0.271875 0.09687500000000002 0.271875 0.18125000000000005 0.2890625 0.18125000000000005
0 0.2875 0.21875 0.2734375 0.21875 0.2734375 0.3625 0.2875 0.3625
0 0.2890625000000001 0.3765625 0.27031250000000007 0.3765625 0.27031250000000007 0.49375 0.2890625000000001 0.49375
1 0.27031250000000007 0.525 0.2375000000000001 0.525 0.2375000000000001 0.5625 0.27031250000000007 0.5625
0 0.2875000000000001 0.503125 0.27031250000000007 0.503125 0.27031250000000007 0.5859375 0.2875000000000001 0.5859375
1 0.14062500000000006 0.375 0.09375000000000004 0.375 0.09375000000000004 0.428125 0.14062500000000006 0.428125
1 0.2734375 0.278125 0.2453125 0.278125 0.2453125 0.328125 0.2734375 0.328125
1 0.2640625000000001 0.4046875 0.2468750000000001 0.4046875 0.2468750000000001 0.4578125 0.2640625000000001 0.4578125
1 0.3484375 0.2765625 0.3125 0.2765625 0.3125 0.3109375 0.3484375 0.3109375
1 0.275 0.19531250000000006 0.2359375 0.19531250000000006 0.2359375 0.215625 0.275 0.215625
1 0.43437500000000007 0.6765625 0.38750000000000007 0.6765625 0.38750000000000007 0.7359375 0.4343750000000002 0.7359375
1 0.45312500000000017 0.7484375 0.3890625000000001 0.7484375 0.3890625000000001 0.80625 0.45312500000000017 0.80625
1 0.46093750000000017 0.884375 0.3890625000000001 0.884375 0.3890625000000001 0.94375 0.46093750000000017 0.94375
1 0.4625000000000002 0.8203125 0.3921875000000001 0.8203125 0.3921875000000001 0.88125 0.4625000000000002 0.88125
1 0.4671875000000002 0.959375 0.3859375000000001 0.959375 0.3859375000000001 1 0.4671875000000002 1
1 0.7656250000000001 0.6765625000000001 0.665625 0.6765625 0.6656250000000001 0.7328125000000001 0.7656250000000002 0.7328125000000002
1 0.7437500000000001 0.753125 0.6781250000000002 0.753125 0.6781250000000002 0.815625 0.7437500000000001 0.815625
1 0.7250000000000002 0.821875 0.6765625000000002 0.821875 0.6765625000000002 0.8734375 0.7250000000000002 0.8734375
1 0.7390625000000002 0.884375 0.6656250000000001 0.884375 0.6656250000000001 0.9484375 0.7390625000000002 0.9484375
1 0.8515625 0.88125 0.7687500000000002 0.88125 0.7687500000000002 0.9546875 0.8515625 0.9546875
2 0.7734375000000002 0.8953125 0.7375000000000002 0.8953125 0.7375000000000002 0.9375 0.7734375000000002 0.9375
2 0.7468750000000002 0.8328125 0.7265625000000002 0.8328125 0.7265625000000002 0.8625 0.7468750000000002 0.8625
1 0.7765625000000002 0.8203125 0.7468750000000002 0.8203125 0.7468750000000002 0.8796875 0.7765625000000002 0.8796875
1 0.7640625000000002 0.9578125 0.6890625000000001 0.9578125 0.6890625000000001 1 0.7640625000000002 1
2 0.3859375000000001 0.690625 0.34843750000000007 0.690625 0.34843750000000007 0.7234375 0.3859375000000001 0.7234375
2 0.66875 0.696875 0.621875 0.696875 0.621875 0.7234375 0.66875 0.7234375
2 0.6703125000000002 0.771875 0.6281250000000002 0.771875 0.6281250000000002 0.7921875 0.6703125000000002 0.7921875
2 0.6703125000000002 0.8421875 0.6281250000000002 0.8421875 0.6281250000000002 0.871875 0.6703125000000002 0.871875
2 0.6656250000000001 0.9046875 0.6265625000000001 0.9046875 0.6265625000000001 0.9296875 0.6656250000000001 0.9296875
2 0.6812500000000001 0.9765625 0.6421875000000001 0.9765625 0.6421875000000001 0.9984375 0.6812500000000001 0.9984375
2 0.3859375000000001 0.771875 0.3515625000000001 0.771875 0.3515625000000001 0.7875 0.3859375000000001 0.7875
2 0.3890625000000001 0.8375 0.3500000000000001 0.8375 0.3500000000000001 0.8609375 0.3890625000000001 0.8609375
2 0.3906250000000001 0.9015625 0.34843750000000007 0.9015625 0.34843750000000007 0.9265625 0.3906250000000001 0.9265625
2 0.37968750000000007 0.971875 0.3421875000000001 0.971875 0.3421875000000001 0.990625 0.37968750000000007 0.990625