0 0.478125 0.33906250000000004 0.346875 0.3390625 0.346875 0.34843750000000007 0.478125 0.34843750000000007
0 0.3203125 0.3359375 0.303125 0.3359375 0.303125 0.3484375 0.3203125 0.3484375
0 0.3140625 0.23125 0.30625 0.23125 0.30625 0.2828125 0.3140625 0.2828125
0 0.478125 0.30937500000000007 0.396875 0.30937500000000007 0.396875 0.3203125000000001 0.478125 0.3203125000000001
0 0.384375 0.23437500000000008 0.3765625 0.23437500000000008 0.3765625 0.27812500000000007 0.384375 0.27812500000000007
0 0.5015625 0.2312500000000001 0.4953125 0.2312500000000001 0.4953125 0.2812500000000001 0.5015625 0.2812500000000001
0 0.3515625 0.18125000000000005 0.30625 0.18125000000000005 0.30625 0.2125 0.3515625 0.2125
1 0.4859375 0.19062500000000004 0.475 0.19062500000000004 0.475 0.2218750000000001 0.4859375 0.2218750000000001
1 0.3859375 0.19843750000000004 0.36875 0.19843750000000004 0.36875 0.2140625000000001 0.3859375 0.2140625000000001
1 0.303125 0.17031250000000003 0.290625 0.17031250000000003 0.290625 0.19687500000000005 0.303125 0.19687500000000005
1 0.3234375 0.16093750000000004 0.3046875 0.16093750000000004 0.3046875 0.18437500000000004 0.3234375 0.18437500000000004
2 0.3625 0.303125 0.3484375 0.303125 0.3484375 0.328125 0.3625 0.328125
1 0.3703125 0.30156250000000007 0.359375 0.3015625 0.359375 0.32812500000000006 0.3703125 0.3281250000000001
1 0.4234375 0.3218750000000001 0.4140625 0.3218750000000001 0.4140625 0.3421875000000001 0.4234375 0.3421875000000001
1 0.4421875 0.2921875000000001 0.4296875 0.2921875000000001 0.4296875 0.3125000000000001 0.4421875 0.3125000000000001
1 0.3140625 0.3234375 0.3015625 0.3234375 0.3015625 0.3375 0.3140625 0.3375
1 0.309375 0.246875 0.2921875 0.246875 0.2921875 0.2671875 0.309375 0.2671875
0 0.5640625 0.3390625000000001 0.5171875 0.3390625000000001 0.5171875 0.3500000000000001 0.5640625 0.3500000000000001
1 0.54375 0.3218750000000001 0.534375 0.3218750000000001 0.534375 0.34062500000000007 0.54375 0.34062500000000007
1 0.5828125 0.24375000000000008 0.5734375 0.24375000000000008 0.5734375 0.26250000000000007 0.5828125 0.26250000000000007
0 0.5921875 0.2156250000000001 0.58125 0.2156250000000001 0.58125 0.2953125000000001 0.5921875 0.2953125000000001
2 0.496875 0.18906250000000005 0.484375 0.18906250000000005 0.484375 0.21250000000000008 0.496875 0.21250000000000008
1 0.4953125 0.2468750000000001 0.48125 0.2468750000000001 0.48125 0.2656250000000001 0.4953125 0.2656250000000001
0 0.6171875 0.3375000000000001 0.5953125 0.3375000000000001 0.5953125 0.34843750000000007 0.6171875 0.34843750000000007
0 0.671875 0.3375000000000001 0.64375 0.3375000000000001 0.64375 0.34843750000000007 0.671875 0.34843750000000007
0 0.6890625 0.30937500000000007 0.64375 0.30937500000000007 0.64375 0.3234375000000001 0.6890625 0.3234375000000001
0 0.634375 0.3109375000000001 0.6125 0.3109375000000001 0.6125 0.3218750000000001 0.634375 0.3218750000000001
0 0.7015625 0.2234375000000001 0.69375 0.2234375000000001 0.69375 0.2875000000000001 0.7015625 0.2875000000000001
1 0.5578125 0.1468750000000001 0.5453125 0.1468750000000001 0.5453125 0.1703125000000001 0.5578125 0.1703125000000001
2 0.6859375 0.11718750000000008 0.6609375 0.11718750000000008 0.6609375 0.1515625000000001 0.6859375 0.1515625000000001
1 0.6796875 0.10468750000000009 0.65625 0.10468750000000009 0.65625 0.12343750000000009 0.6796875 0.12343750000000009
2 0.7171875 0.12500000000000008 0.6984375 0.12500000000000008 0.6984375 0.1515625000000001 0.7171875 0.1515625000000001
1 0.3187500000000001 0.3671875 0.3062500000000001 0.3671875 0.3062500000000001 0.3875 0.3187500000000001 0.3875
2 0.3343750000000001 0.36875 0.31718750000000007 0.36875 0.31718750000000007 0.3828125 0.3343750000000001 0.3828125
1 0.3687500000000001 0.36562500000000003 0.3343750000000001 0.365625 0.3343750000000001 0.38750000000000007 0.3687500000000001 0.38750000000000007
1 0.2656250000000001 0.4375 0.2406250000000001 0.4375 0.2406250000000001 0.46875 0.2656250000000001 0.46875
1 0.2750000000000001 0.48125 0.2328125000000001 0.48125 0.2328125000000001 0.503125 0.2750000000000001 0.503125
1 0.2609375000000001 0.515625 0.2484375000000001 0.515625 0.2484375000000001 0.534375 0.2609375000000001 0.534375
1 0.2609375000000001 0.5578125 0.2468750000000001 0.5578125 0.2468750000000001 0.584375 0.2609375000000001 0.584375
1 0.2609375000000001 0.6109375 0.24375000000000008 0.6109375 0.24375000000000008 0.6328125 0.2609375000000001 0.6328125
1 0.2671875000000001 0.6890625 0.2406250000000001 0.6890625 0.2406250000000001 0.7078125 0.2671875000000001 0.7078125
1 0.2578125000000001 0.6578125 0.2484375000000001 0.6578125 0.2484375000000001 0.6796875 0.2578125000000001 0.6796875
1 0.2687500000000001 0.7375 0.23593750000000008 0.7375 0.23593750000000008 0.7671875 0.2687500000000001 0.7671875
1 0.2671875000000001 0.8015625 0.2390625000000001 0.8015625 0.2390625000000001 0.81875 0.2671875000000001 0.81875
1 0.3515625000000001 0.8640625 0.3265625000000001 0.8640625 0.3265625000000001 0.8828125 0.3515625000000001 0.8828125
1 0.3609375000000001 0.8296875 0.32500000000000007 0.8296875 0.32500000000000007 0.853125 0.3609375000000001 0.853125
1 0.32500000000000007 0.4375 0.3031250000000001 0.4375 0.3031250000000001 0.4609375 0.32500000000000007 0.4609375
1 0.32500000000000007 0.4828125 0.2984375000000001 0.4828125 0.2984375000000001 0.503125 0.32500000000000007 0.503125
1 0.3531250000000001 0.5109375 0.3187500000000001 0.5109375 0.3187500000000001 0.5375 0.3531250000000001 0.5375
1 0.3234375000000001 0.5578125 0.3000000000000001 0.5578125 0.3000000000000001 0.584375 0.3234375000000001 0.584375
1 0.3265625000000001 0.609375 0.3031250000000001 0.609375 0.3031250000000001 0.640625 0.3265625000000001 0.640625
1 0.32500000000000007 0.690625 0.2984375000000001 0.690625 0.2984375000000001 0.709375 0.32500000000000007 0.709375
1 0.3187500000000001 0.659375 0.30156250000000007 0.659375 0.30156250000000007 0.6796875 0.3187500000000001 0.6796875
1 0.3296875000000001 0.74375 0.2984375000000001 0.74375 0.2984375000000001 0.765625 0.3296875000000001 0.765625
1 0.3343750000000001 0.7984375 0.2968750000000001 0.7984375 0.2968750000000001 0.821875 0.3343750000000001 0.821875
1 0.3828125000000001 0.440625 0.3609375000000001 0.440625 0.3609375000000001 0.4625 0.3828125000000001 0.4625
1 0.38750000000000007 0.4828125 0.3546875000000001 0.4828125 0.3546875000000001 0.503125 0.38750000000000007 0.503125
1 0.37968750000000007 0.5546875 0.3609375000000001 0.5546875 0.3609375000000001 0.578125 0.37968750000000007 0.578125
1 0.3828125000000001 0.6140625 0.3625000000000001 0.6140625 0.3625000000000001 0.634375 0.3828125000000001 0.634375
1 0.3859375000000001 0.684375 0.3578125000000001 0.684375 0.3578125000000001 0.709375 0.3859375000000001 0.709375
1 0.3765625000000001 0.6546875 0.3625000000000001 0.6546875 0.3625000000000001 0.675 0.3765625000000001 0.675
1 0.3906250000000001 0.7390625 0.3546875000000001 0.7390625 0.3546875000000001 0.76875 0.3906250000000001 0.76875
1 0.3890625000000001 0.7984375 0.3546875000000001 0.7984375 0.3546875000000001 0.8203125 0.3890625000000001 0.8203125
1 0.4421875 0.440625 0.415625 0.440625 0.415625 0.4625 0.4421875 0.4625
1 0.4984375 0.4375 0.4765625 0.4375 0.4765625 0.4671875 0.4984375 0.4671875
1 0.565625 0.44375 0.5359375 0.44375 0.5359375 0.4609375 0.565625 0.4609375
1 0.6171875 0.440625 0.59375 0.440625 0.59375 0.4640625 0.6171875 0.4640625
1 0.678125 0.4390625 0.6484375 0.4390625 0.6484375 0.4609375 0.678125 0.4609375
1 0.7359375 0.4390625000000001 0.7109375 0.4390625 0.7109375 0.4593750000000001 0.7359375 0.4593750000000002
1 0.7953125 0.4390625000000002 0.76875 0.4390625000000002 0.76875 0.46406250000000016 0.7953125 0.46406250000000016
1 0.85 0.4390625000000002 0.8296875 0.4390625000000002 0.8296875 0.4625000000000002 0.85 0.4625000000000002
1 0.9171875 0.44062500000000016 0.8921875 0.44062500000000016 0.8921875 0.46406250000000016 0.9171875 0.46406250000000016
1 0.9734375 0.4390625000000002 0.9484375 0.4390625000000002 0.9484375 0.4578125000000002 0.9734375 0.4578125000000002
1 0.9765625 0.4812500000000002 0.946875 0.4812500000000002 0.946875 0.5062500000000002 0.9765625 0.5062500000000002
1 0.971875 0.5593750000000002 0.9484375 0.5593750000000002 0.9484375 0.5828125000000002 0.971875 0.5828125000000002
1 0.9734375 0.6125000000000002 0.9484375 0.6125000000000002 0.9484375 0.6375000000000002 0.9734375 0.6375000000000002
1 0.9703125 0.6859375000000002 0.9484375 0.6859375000000002 0.9484375 0.7078125000000002 0.9703125 0.7078125000000002
1 0.971875 0.6531250000000002 0.95 0.6531250000000002 0.95 0.6781250000000002 0.971875 0.6781250000000002
1 0.978125 0.7437500000000001 0.9421875 0.7437500000000001 0.9421875 0.7671875000000001 0.978125 0.7671875000000001
1 0.9765625 0.83125 0.946875 0.83125 0.946875 0.85 0.9765625 0.85
1 0.9796875 0.7968750000000002 0.94375 0.7968750000000002 0.94375 0.821875 0.9796875 0.821875
1 0.7125000000000001 0.8328125 0.6781250000000002 0.8328125 0.6781250000000002 0.8546875 0.7125000000000001 0.8546875
1 0.7375000000000002 0.8640625 0.7109375000000002 0.8640625 0.7109375000000002 0.8875 0.7375000000000002 0.8875
1 0.4500000000000002 0.8015625 0.4125000000000002 0.8015625 0.4125000000000002 0.8234375 0.4500000000000002 0.8234375
1 0.5031250000000002 0.8 0.4750000000000002 0.8 0.4750000000000002 0.8234375 0.5031250000000002 0.8234375
1 0.5578125000000002 0.8015625 0.5359375000000002 0.8015625 0.5359375000000002 0.821875 0.5578125000000002 0.821875
1 0.6218750000000002 0.7984375 0.5906250000000002 0.7984375 0.5906250000000002 0.821875 0.6218750000000002 0.821875
1 0.6796875000000002 0.796875 0.6468750000000002 0.796875 0.6468750000000002 0.8234375 0.6796875000000002 0.8234375
1 0.4390625 0.559375 0.41875 0.559375 0.41875 0.5828125 0.4390625 0.5828125
1 0.4453125 0.6859375 0.415625 0.6859375 0.415625 0.709375 0.4453125 0.709375
1 0.4375 0.6546875 0.421875 0.6546875 0.421875 0.6765625 0.4375 0.6765625
1 0.4421875 0.615625 0.4203125 0.615625 0.4203125 0.6375 0.4421875 0.6375
1 0.4468750000000002 0.740625 0.41406250000000017 0.740625 0.41406250000000017 0.771875 0.4468750000000002 0.771875
1 0.5062500000000002 0.7421875 0.4671875000000002 0.7421875 0.4671875000000002 0.76875 0.5062500000000002 0.76875
1 0.5046875 0.6859375 0.475 0.6859375 0.475 0.7125 0.5046875 0.7125
1 0.496875 0.6578125 0.48125 0.6578125 0.48125 0.678125 0.496875 0.678125
1 0.5015625 0.6109375 0.478125 0.6109375 0.478125 0.6359375 0.5015625 0.6359375
1 0.5015625 0.5578125 0.478125 0.5578125 0.478125 0.58125 0.5015625 0.58125
1 0.5609375 0.515625 0.534375 0.515625 0.534375 0.5359375 0.5609375 0.5359375
1 0.6234375 0.48125 0.590625 0.48125 0.590625 0.50625 0.6234375 0.50625
1 0.46875 0.484375 0.4515625 0.484375 0.4515625 0.5046875 0.46875 0.5046875
1 0.5578125 0.559375 0.5390625 0.559375 0.5390625 0.5796875 0.5578125 0.5796875
1 0.5609375 0.6125 0.5375 0.6125 0.5375 0.6375 0.5609375 0.6375
1 0.5578125 0.6890625 0.5359375 0.6890625 0.5359375 0.7078125 0.5578125 0.7078125
1 0.5609375 0.6578125 0.534375 0.6578125 0.534375 0.6765625 0.5609375 0.6765625
1 0.5671875000000002 0.7390625 0.5328125000000001 0.7390625 0.5328125000000001 0.76875 0.5671875000000002 0.76875
1 0.6218750000000002 0.74375 0.5875000000000001 0.74375 0.5875000000000001 0.7640625 0.6218750000000002 0.7640625
1 0.6734375000000001 0.74375 0.6546875000000002 0.74375 0.6546875000000002 0.7671875 0.6734375000000001 0.7671875
1 0.7343750000000002 0.7437500000000001 0.7125000000000001 0.74375 0.7125000000000001 0.7671875000000001 0.7343750000000002 0.7671875000000001
1 0.7984375000000001 0.7421875000000002 0.7656250000000002 0.7421875000000002 0.7656250000000002 0.7718750000000002 0.7984375000000001 0.7718750000000002
1 0.859375 0.7421875000000002 0.8296875 0.7421875000000002 0.8296875 0.7703125000000002 0.859375 0.7703125000000002
1 0.915625 0.7421875000000002 0.8828125 0.7421875000000002 0.8828125 0.7640625000000002 0.915625 0.7640625000000002
1 0.9203125 0.6875000000000002 0.884375 0.6875000000000002 0.884375 0.7093750000000002 0.9203125 0.7093750000000002
1 0.8578125 0.6843750000000002 0.83125 0.6843750000000002 0.83125 0.7093750000000002 0.8578125 0.7093750000000002
1 0.7953125 0.6843750000000002 0.771875 0.6843750000000002 0.771875 0.7078125000000002 0.7953125 0.7078125000000002
1 0.7359375 0.6859375000000001 0.7140625 0.6859375 0.7140625 0.7078125000000001 0.7359375 0.7078125000000002
1 0.675 0.6890625 0.6578125 0.6890625 0.6578125 0.7125 0.675 0.7125
1 0.625 0.6890625 0.5859375 0.6890625 0.5859375 0.7109375 0.625 0.7109375
1 0.615625 0.65625 0.59375 0.65625 0.59375 0.68125 0.615625 0.68125
1 0.7437500000000001 0.7984375000000001 0.7078125000000002 0.7984375 0.7078125000000002 0.8234375 0.7437500000000001 0.8234375
1 0.8 0.803125 0.7687500000000002 0.803125 0.7687500000000002 0.8234375 0.8 0.8234375
1 0.853125 0.8015625 0.8265625 0.8015625 0.8265625 0.8203125 0.853125 0.8203125
1 0.921875 0.803125 0.8859375 0.803125 0.8859375 0.821875 0.921875 0.821875
1 0.9125 0.6562500000000002 0.8921875 0.6562500000000002 0.8921875 0.6765625000000002 0.9125 0.6765625000000002
1 0.853125 0.6593750000000002 0.834375 0.6593750000000002 0.834375 0.6796875000000002 0.853125 0.6796875000000002
1 0.7984375 0.6562500000000002 0.771875 0.6562500000000002 0.771875 0.6796875000000002 0.7984375 0.6796875000000002
1 0.7390625 0.6531250000000001 0.7140625 0.653125 0.7140625 0.6796875000000001 0.7390625 0.6796875000000002
1 0.678125 0.659375 0.6546875 0.659375 0.6546875 0.678125 0.678125 0.678125
1 0.615625 0.6140625 0.59375 0.6140625 0.59375 0.6375 0.615625 0.6375
1 0.678125 0.6125 0.653125 0.6125 0.653125 0.6359375 0.678125 0.6359375
1 0.734375 0.6140625000000001 0.7125 0.6140625 0.7125 0.6375000000000001 0.734375 0.6375000000000002
1 0.790625 0.6156250000000002 0.7703125 0.6156250000000002 0.7703125 0.6343750000000001 0.790625 0.6343750000000001
1 0.8515625 0.6125000000000002 0.83125 0.6125000000000002 0.83125 0.6359375000000002 0.8515625 0.6359375000000002
1 0.9140625 0.6125000000000002 0.8875 0.6125000000000002 0.8875 0.6328125000000002 0.9140625 0.6328125000000002
1 0.9109375 0.5515625000000002 0.8890625 0.5515625000000002 0.8890625 0.5796875000000001 0.9109375 0.5796875000000001
1 0.85625 0.5578125000000002 0.83125 0.5578125000000002 0.83125 0.5843750000000002 0.85625 0.5843750000000002
1 0.7953125 0.5593750000000002 0.771875 0.5593750000000002 0.771875 0.5828125000000002 0.7953125 0.5828125000000002
1 0.7375 0.5578125 0.7109375 0.5578125 0.7109375 0.5781250000000001 0.7375 0.5781250000000002
1 0.6765625 0.5578125 0.6546875 0.5578125 0.6546875 0.58125 0.6765625 0.58125
1 0.61875 0.55625 0.5921875 0.55625 0.5921875 0.58125 0.61875 0.58125
1 0.7609375 0.4828125000000002 0.7421875 0.4828125000000002 0.7421875 0.5046875000000002 0.7609375 0.5046875000000002
1 0.85625 0.48437500000000017 0.8265625 0.48437500000000017 0.8265625 0.5046875000000002 0.85625 0.5046875000000002
1 0.9078125 0.4828125000000002 0.8921875 0.4828125000000002 0.8921875 0.5015625000000001 0.9078125 0.5015625000000001
1 0.790625 0.5140625000000002 0.775 0.5140625000000002 0.775 0.5343750000000002 0.790625 0.5343750000000002
1 0.9390625 0.5140625000000002 0.9203125 0.5140625000000002 0.9203125 0.5343750000000002 0.9390625 0.5343750000000002