2 0.625 0.1750000000000001 0.5953125 0.1750000000000001 0.5953125 0.2218750000000001 0.625 0.2218750000000001
2 0.2921875 0.06562500000000003 0.228125 0.06562500000000002 0.228125 0.18281250000000004 0.2921875 0.18281250000000004
2 0.3546875 0.12968750000000004 0.2890625 0.12968750000000004 0.2890625 0.215625 0.3546875 0.215625
0 0.22968750000000004 0.203125 0.18437500000000004 0.203125 0.18437500000000004 0.3953125 0.2296875000000001 0.3953125
0 0.6453125 0.2156250000000001 0.5859375 0.2156250000000001 0.5859375 0.3781250000000001 0.6453125 0.3781250000000001
0 0.590625 0.41875 0.2828125000000001 0.41875 0.2828125000000001 0.5265625 0.590625 0.5265625
0 0.59375 0.3921875000000001 0.36406250000000007 0.3921875000000001 0.36406250000000007 0.471875 0.59375 0.471875
0 0.2890625000000001 0.4171875 0.2296875000000001 0.4171875 0.2296875000000001 0.5265625 0.2890625000000001 0.5265625
0 0.359375 0.04218750000000004 0.25625 0.04218750000000003 0.25625 0.08593750000000003 0.359375 0.08593750000000004
1 0.278125 0.021875000000000033 0.2671875 0.021875000000000033 0.2671875 0.05156250000000003 0.278125 0.051562500000000046
1 0.2859375 0.021875000000000033 0.2765625 0.021875000000000033 0.2765625 0.05312500000000005 0.2859375 0.05312500000000005
1 0.334375 0.018750000000000037 0.3140625 0.018750000000000037 0.3140625 0.051562500000000046 0.334375 0.051562500000000046
1 0.3453125 0.020312500000000042 0.3296875 0.02031250000000004 0.3296875 0.051562500000000046 0.3453125 0.051562500000000046
1 0.3359375 0.15937500000000004 0.321875 0.15937500000000004 0.321875 0.18906250000000005 0.3359375 0.18906250000000005
2 0.365625 0.17031250000000003 0.3296875 0.17031250000000003 0.3296875 0.21718750000000003 0.365625 0.2171875000000001
1 0.3546875 0.15468750000000003 0.340625 0.15468750000000003 0.340625 0.18750000000000006 0.3546875 0.18750000000000006
1 0.3421875 0.2828125 0.3234375 0.2828125 0.3234375 0.2953125 0.3421875 0.2953125
1 0.3281250000000001 0.43125 0.3078125000000001 0.43125 0.3078125000000001 0.4515625 0.3281250000000001 0.4515625
1 0.3281250000000001 0.4625 0.3078125000000001 0.4625 0.3078125000000001 0.478125 0.3281250000000001 0.478125
1 0.19218750000000004 0.2828125 0.17187500000000006 0.2828125 0.17187500000000006 0.296875 0.19218750000000004 0.296875
0 0.353125 0.2265625 0.3375 0.2265625 0.3375 0.371875 0.3531250000000001 0.371875
0 0.4359375 0.2093750000000001 0.4203125 0.2093750000000001 0.4203125 0.3859375000000001 0.4359375 0.3859375000000001
0 0.7296875 0.1843750000000001 0.6890625 0.1843750000000001 0.6890625 0.4125000000000001 0.7296875 0.4125000000000002
0 0.8703125 0.4109375000000002 0.7265625 0.4109375000000002 0.7265625 0.48437500000000017 0.8703125 0.48437500000000017
2 0.646875 0.1546875000000001 0.63125 0.1546875000000001 0.63125 0.1703125000000001 0.646875 0.1703125000000001
1 0.6015625 0.1531250000000001 0.590625 0.1531250000000001 0.590625 0.18750000000000008 0.6015625 0.18750000000000008
1 0.621875 0.1531250000000001 0.60625 0.1531250000000001 0.60625 0.1859375000000001 0.621875 0.1859375000000001
2 0.3796875 0.15781250000000005 0.3671875 0.15781250000000005 0.3671875 0.17343750000000005 0.3796875 0.17343750000000005
2 0.22031250000000008 0.5546875 0.2140625000000001 0.5546875 0.2140625000000001 0.5890625 0.22031250000000008 0.5890625
1 0.23437500000000008 0.5546875 0.2234375000000001 0.5546875 0.2234375000000001 0.58125 0.23437500000000008 0.58125
1 0.2515625000000001 0.553125 0.2390625000000001 0.553125 0.2390625000000001 0.5828125 0.2515625000000001 0.5828125
1 0.2656250000000001 0.5546875 0.2515625000000001 0.5546875 0.2515625000000001 0.5859375 0.2656250000000001 0.5859375
1 0.3140625000000001 0.5546875 0.30156250000000007 0.5546875 0.30156250000000007 0.5828125 0.3140625000000001 0.5828125
1 0.3312500000000001 0.55625 0.3203125000000001 0.55625 0.3203125000000001 0.5859375 0.3312500000000001 0.5859375
1 0.3421875000000001 0.5546875 0.3312500000000001 0.5546875 0.3312500000000001 0.5828125 0.3421875000000001 0.5828125
1 0.609375 0.6203125 0.590625 0.6203125 0.590625 0.653125 0.609375 0.653125
1 0.796875 9.711066415113777e-17 0.7890625 9.663228649522084e-17 0.7890625 0.0328125000000001 0.796875 0.0328125000000001
1 0.8125 9.854579711888858e-17 0.796875 9.758904180705471e-17 0.796875 0.0328125000000001 0.8125 0.0328125000000001
2 0.84375 0.014062500000000103 0.80625 0.0140625000000001 0.80625 0.0703125000000001 0.84375 0.07031250000000011
1 0.8296875 1.0084200986728987e-16 0.8171875 1.0007660561782277e-16 0.8171875 0.0328125000000001 0.8296875 0.0328125000000001
2 0.89375 0.015625000000000108 0.8609375 0.015625000000000104 0.8609375 0.06875000000000012 0.89375 0.06875000000000012
2 0.8625 0.014062500000000106 0.846875 0.014062500000000106 0.846875 0.0718750000000001 0.8625 0.0718750000000001
2 0.9078125 0.01875000000000011 0.8890625 0.01875000000000011 0.8890625 0.07500000000000011 0.9078125 0.07500000000000011
2 0.5562500000000001 0.8578125 0.5015625000000001 0.8578125 0.5015625000000001 0.9046875 0.5562500000000001 0.9046875
2 0.4968750000000002 0.8546875 0.4625000000000002 0.8546875 0.4625000000000002 0.9078125 0.4968750000000002 0.9078125
2 0.5093750000000001 0.890625 0.2875000000000001 0.890625 0.2875000000000001 0.9546875 0.5093750000000001 0.9546875
2 0.3531250000000001 0.55625 0.3437500000000001 0.55625 0.3437500000000001 0.5890625 0.3531250000000001 0.5890625