0 0.7015625 0.19687500000000008 0.6484375 0.19687500000000008 0.6484375 0.3359375000000001 0.7015625 0.3359375000000001
0 0.6484375 0.33281250000000007 0.3875 0.33281250000000007 0.38750000000000007 0.428125 0.6484375 0.428125
0 0.6546875 0.384375 0.2375000000000001 0.384375 0.2375000000000001 0.471875 0.6546875 0.471875
0 0.35625000000000007 0.3828125 0.22656250000000008 0.3828125 0.22656250000000008 0.421875 0.35625000000000007 0.421875
0 0.2484375000000001 0.3828125 0.17812500000000003 0.3828125 0.17812500000000003 0.4734375 0.2484375000000001 0.4734375
0 0.6703125000000001 0.6890625 0.5875 0.6890625 0.5875000000000001 0.75 0.6703125000000002 0.75
0 0.6156250000000002 0.7359375 0.2406250000000001 0.7359375 0.2406250000000001 0.8265625 0.6156250000000002 0.8265625
0 0.2796875 0.203125 0.2640625 0.203125 0.2640625 0.3265625 0.2796875 0.3265625
0 0.3375 0.2203125 0.31875 0.2203125 0.31875 0.3109375 0.3375 0.3109375
0 0.9609375 0.3187500000000001 0.90625 0.3187500000000001 0.90625 0.5281250000000002 0.9609375 0.5281250000000002
0 0.8734375 0.5390625000000002 0.7296875 0.5390625000000002 0.7296875 0.6312500000000002 0.8734375 0.6312500000000002
0 0.871875 0.5375000000000002 0.7921875 0.5375000000000002 0.7921875 0.5968750000000002 0.871875 0.5968750000000002
0 0.94375 0.6953125000000002 0.903125 0.6953125000000002 0.903125 0.8171875 0.94375 0.8171875
1 0.42187500000000017 0.771875 0.40937500000000016 0.771875 0.40937500000000016 0.79375 0.42187500000000017 0.79375
1 0.4265625000000002 0.778125 0.4203125000000002 0.778125 0.4203125000000002 0.7953125 0.4265625000000002 0.7953125
1 0.6484375000000001 0.7140625 0.640625 0.7140625 0.6406250000000001 0.73125 0.6484375000000002 0.73125
1 0.6531250000000001 0.7203125 0.646875 0.7203125 0.6468750000000001 0.73125 0.6531250000000002 0.73125
1 0.2171875000000001 0.4296875 0.20312500000000008 0.4296875 0.20312500000000008 0.453125 0.2171875000000001 0.453125
1 0.3703125000000001 0.4234375 0.3546875000000001 0.4234375 0.3546875000000001 0.446875 0.3703125000000001 0.446875
1 0.3296875000000001 0.38125 0.3156250000000001 0.38125 0.3156250000000001 0.4046875 0.3296875000000001 0.4046875
1 0.515625 0.3734375000000001 0.503125 0.3734375000000001 0.503125 0.3968750000000001 0.515625 0.3968750000000001
1 0.3234375 0.2625 0.3078125 0.2625 0.3078125 0.278125 0.3234375 0.278125
1 0.3234375 0.253125 0.3109375 0.253125 0.3109375 0.2640625 0.3234375 0.2640625
1 0.2671875 0.2625 0.2515625 0.2625 0.2515625 0.2796875 0.2671875 0.2796875
1 0.2671875 0.2515625 0.253125 0.2515625 0.253125 0.259375 0.2671875 0.259375
1 0.6828125 0.26250000000000007 0.66875 0.26250000000000007 0.66875 0.27812500000000007 0.6828125 0.27812500000000007
1 0.7640625 0.2015625000000001 0.75 0.2015625000000001 0.75 0.23437500000000008 0.7640625 0.23437500000000008
1 0.7890625 0.2015625000000001 0.7765625 0.2015625000000001 0.7765625 0.2328125000000001 0.7890625 0.2328125000000001
1 0.8046875 0.2015625000000001 0.7890625 0.2015625000000001 0.7890625 0.2328125000000001 0.8046875 0.2328125000000001
1 0.81875 0.2015625000000001 0.80625 0.2015625000000001 0.80625 0.2328125000000001 0.81875 0.2328125000000001
1 0.84375 0.1984375000000001 0.83125 0.1984375000000001 0.83125 0.2328125000000001 0.84375 0.2328125000000001
1 0.8578125 0.20312500000000008 0.8453125 0.20312500000000008 0.8453125 0.2312500000000001 0.8578125 0.2312500000000001
1 0.8765625 0.2015625000000001 0.859375 0.2015625000000001 0.859375 0.2312500000000001 0.8765625 0.2312500000000001
1 0.896875 0.2000000000000001 0.8828125 0.2000000000000001 0.8828125 0.2312500000000001 0.896875 0.2312500000000001
1 0.9125 0.1984375000000001 0.9 0.1984375000000001 0.9 0.2328125000000001 0.9125 0.2328125000000001
1 0.9375 0.2000000000000001 0.921875 0.2000000000000001 0.921875 0.2328125000000001 0.9375 0.2328125000000001
1 0.953125 0.2015625000000001 0.9375 0.2015625000000001 0.9375 0.2328125000000001 0.953125 0.2328125000000001
1 0.940625 0.4265625000000002 0.9234375 0.4265625000000002 0.9234375 0.4421875000000002 0.940625 0.4421875000000002
1 0.940625 0.41406250000000017 0.9328125 0.41406250000000017 0.9328125 0.42968750000000017 0.940625 0.42968750000000017
1 0.8546875 0.5531250000000002 0.84375 0.5531250000000002 0.84375 0.5750000000000002 0.8546875 0.5750000000000002
1 0.8609375 0.5656250000000002 0.8515625 0.5656250000000002 0.8515625 0.5750000000000002 0.8609375 0.5750000000000002
1 0.8640625 0.5890625000000002 0.8484375 0.5890625000000002 0.8484375 0.6109375000000001 0.8640625 0.6109375000000001
1 0.93125 0.7093750000000002 0.9171875 0.7093750000000002 0.9171875 0.7218750000000002 0.93125 0.7218750000000002
1 0.93125 0.6984375000000002 0.921875 0.6984375000000002 0.921875 0.7078125000000002 0.93125 0.7078125000000002