1 0.4234375 0.5328125 0.4125 0.5328125 0.4125 0.5625 0.4234375 0.5625
0 0.628125 0.20312500000000008 0.584375 0.20312500000000008 0.584375 0.33281250000000007 0.628125 0.33281250000000007
0 0.16875 0.146875 0.1375 0.146875 0.1375 0.3875 0.16875000000000004 0.3875
0 0.2125 0.12031250000000002 0.16875 0.1203125 0.16875 0.14843750000000003 0.2125 0.14843750000000006
0 0.5859375 0.384375 0.16718750000000004 0.384375 0.16718750000000004 0.453125 0.5859375 0.453125
0 0.8453125 0.3859375000000001 0.7890625 0.3859375000000001 0.7890625 0.4546875000000002 0.8453125 0.4546875000000002
0 0.9390625 0.21875000000000008 0.9 0.21875000000000008 0.9 0.3125000000000001 0.9390625 0.3125000000000001
1 0.196875 0.10312500000000005 0.1859375 0.10312500000000005 0.1859375 0.12656250000000005 0.196875 0.12656250000000005
1 0.14375000000000004 0.25625 0.12500000000000006 0.25625 0.12500000000000006 0.278125 0.14375000000000004 0.278125
1 0.3859375000000001 0.4125 0.3750000000000001 0.4125 0.3750000000000001 0.4390625 0.3859375000000001 0.4390625
1 0.6140625 0.25468750000000007 0.596875 0.25468750000000007 0.596875 0.2718750000000001 0.6140625 0.2718750000000001
1 0.925 0.2656250000000001 0.9125 0.2656250000000001 0.9125 0.2796875000000001 0.925 0.2796875000000001
1 0.821875 0.4109375000000002 0.809375 0.4109375000000002 0.809375 0.4359375000000002 0.821875 0.4359375000000002
1 0.8515625 0.48437500000000017 0.840625 0.48437500000000017 0.840625 0.5125000000000002 0.8515625 0.5125000000000002
1 0.8328125 0.5328125000000001 0.8234375 0.5328125000000001 0.8234375 0.5640625000000001 0.8328125 0.5640625000000001
1 0.8484375 0.5328125000000001 0.8359375 0.5328125000000001 0.8359375 0.5625000000000002 0.8484375 0.5625000000000002
1 0.7328125 0.534375 0.7203125 0.534375 0.7203125 0.5625000000000001 0.7328125 0.5625000000000002
1 0.74375 0.4859375000000002 0.73125 0.4859375000000002 0.73125 0.5140625000000002 0.74375 0.5140625000000002
1 0.725 0.584375 0.7140625 0.584375 0.7140625 0.6125 0.725 0.6125
1 0.7375 0.58125 0.725 0.58125 0.725 0.6125 0.7375 0.6125000000000002
1 0.8328125 0.5828125000000002 0.8234375 0.5828125000000002 0.8234375 0.6125000000000002 0.8328125 0.6125000000000002
1 0.85 0.5828125000000002 0.8359375 0.5828125000000002 0.8359375 0.6140625000000002 0.85 0.6140625000000002
1 0.7296875 0.6312500000000001 0.7203125 0.63125 0.7203125 0.6625000000000001 0.7296875 0.6625000000000002
1 0.8234375 0.6328125000000002 0.8140625 0.6328125000000002 0.8140625 0.6625000000000002 0.8234375 0.6625000000000002
1 0.84375 0.6312500000000002 0.83125 0.6312500000000002 0.83125 0.6593750000000002 0.84375 0.6593750000000002
1 0.85625 0.6312500000000002 0.8453125 0.6312500000000002 0.8453125 0.6609375000000002 0.85625 0.6609375000000002
1 0.721875 0.6828125 0.715625 0.6828125 0.715625 0.7109375 0.721875 0.7109375
1 0.7390625 0.6812500000000001 0.725 0.68125 0.725 0.7125000000000001 0.7390625 0.7125000000000001
1 0.7312500000000002 0.7265625000000001 0.7171875000000002 0.7265625 0.7171875000000002 0.7625000000000001 0.7312500000000002 0.7625000000000002
1 0.7406250000000002 0.7781250000000002 0.7265625000000002 0.7781250000000002 0.7265625000000002 0.8109375 0.7406250000000002 0.8109375
1 0.7203125000000001 0.778125 0.7093750000000002 0.778125 0.7093750000000002 0.80625 0.7203125000000001 0.80625
1 0.7218750000000002 0.8265625 0.7078125000000002 0.8265625 0.7078125000000002 0.8578125 0.7218750000000002 0.8578125
1 0.7421875000000002 0.8296875 0.7296875000000002 0.8296875 0.7296875000000002 0.8578125 0.7421875000000002 0.8578125
1 0.8328125 0.6828125000000002 0.825 0.6828125000000002 0.825 0.7109375000000002 0.8328125 0.7109375000000002
1 0.85 0.6812500000000001 0.8328125 0.6812500000000001 0.8328125 0.7125000000000001 0.85 0.7125000000000001
1 0.840625 0.7296875000000002 0.828125 0.7296875000000002 0.828125 0.7593750000000001 0.840625 0.7593750000000001
1 0.85 0.7781250000000002 0.8390625 0.7781250000000002 0.8390625 0.8078125 0.85 0.8078125
1 0.83125 0.7781250000000002 0.81875 0.7781250000000002 0.81875 0.8109375 0.83125 0.8109375
1 0.83125 0.828125 0.81875 0.828125 0.81875 0.8578125 0.83125 0.8578125
1 0.85 0.8265625 0.8390625 0.8265625 0.8390625 0.8578125 0.85 0.8578125
1 0.634375 0.484375 0.6203125 0.484375 0.6203125 0.5171875 0.634375 0.5171875
1 0.621875 0.5328125 0.609375 0.5328125 0.609375 0.5640625 0.621875 0.5640625
1 0.6125 0.5828125 0.6015625 0.5828125 0.6015625 0.6125 0.6125 0.6125
1 0.6265625 0.58125 0.615625 0.58125 0.615625 0.615625 0.6265625 0.615625
1 0.6125 0.63125 0.5984375 0.63125 0.5984375 0.659375 0.6125 0.659375
1 0.6296875 0.6296875 0.61875 0.6296875 0.61875 0.6625 0.6296875 0.6625
1 0.6125 0.6828125 0.603125 0.6828125 0.603125 0.7109375 0.6125 0.7109375
1 0.6218750000000002 0.728125 0.6062500000000002 0.728125 0.6062500000000002 0.7625 0.6218750000000002 0.7625
1 0.6265625 0.6828125 0.6140625 0.6828125 0.6140625 0.7109375 0.6265625 0.7109375
1 0.6296875000000002 0.7796875 0.6187500000000001 0.7796875 0.6187500000000001 0.8078125 0.6296875000000002 0.8078125
1 0.6093750000000002 0.7796875 0.5968750000000002 0.7796875 0.5968750000000002 0.809375 0.6093750000000002 0.809375
1 0.6109375000000001 0.828125 0.5984375000000002 0.828125 0.5984375000000002 0.8578125 0.6109375000000001 0.8578125
1 0.6281250000000002 0.828125 0.6187500000000001 0.828125 0.6187500000000001 0.85625 0.6281250000000002 0.85625
1 0.5296875 0.4859375 0.51875 0.4859375 0.51875 0.5140625 0.5296875 0.5140625
1 0.51875 0.53125 0.5078125 0.53125 0.5078125 0.565625 0.51875 0.565625
1 0.5125 0.5828125 0.5 0.5828125 0.5 0.6109375 0.5125 0.6109375
1 0.528125 0.58125 0.5140625 0.58125 0.5140625 0.6125 0.528125 0.6125
1 0.5296875 0.6328125 0.515625 0.6328125 0.515625 0.6609375 0.5296875 0.6609375
1 0.509375 0.6328125 0.496875 0.6328125 0.496875 0.6609375 0.509375 0.6609375
1 0.51875 0.68125 0.50625 0.68125 0.50625 0.709375 0.51875 0.709375
1 0.5265625000000002 0.728125 0.5171875000000001 0.728125 0.5171875000000001 0.75625 0.5265625000000002 0.75625
1 0.5093750000000001 0.728125 0.49531250000000016 0.728125 0.49531250000000016 0.759375 0.5093750000000001 0.759375
1 0.5281250000000002 0.7796875 0.5156250000000002 0.7796875 0.5156250000000002 0.809375 0.5281250000000002 0.809375
1 0.5093750000000001 0.7796875 0.49531250000000016 0.7796875 0.49531250000000016 0.80625 0.5093750000000001 0.80625
1 0.5078125000000002 0.828125 0.5000000000000002 0.828125 0.5000000000000002 0.859375 0.5078125000000002 0.859375
1 0.5296875000000002 0.828125 0.5171875000000001 0.828125 0.5171875000000001 0.85625 0.5296875000000002 0.85625
1 0.4375 0.484375 0.4234375 0.484375 0.4234375 0.5140625 0.4375 0.5140625
1 0.41875 0.5859375 0.4078125 0.5859375 0.4078125 0.6125 0.41875 0.6125
1 0.434375 0.584375 0.41875 0.584375 0.41875 0.6140625 0.434375 0.6140625
1 0.415625 0.63125 0.403125 0.63125 0.403125 0.659375 0.415625 0.659375
1 0.4359375 0.6296875 0.4234375 0.6296875 0.4234375 0.6609375 0.4359375 0.6609375
1 0.4265625 0.678125 0.4125 0.678125 0.4125 0.7109375 0.4265625 0.7109375
1 0.42500000000000016 0.7265625 0.4125000000000002 0.7265625 0.4125000000000002 0.759375 0.42500000000000016 0.759375
1 0.4343750000000002 0.7765625 0.42187500000000017 0.7765625 0.42187500000000017 0.809375 0.4343750000000002 0.809375
1 0.4156250000000002 0.778125 0.40156250000000016 0.778125 0.40156250000000016 0.809375 0.4156250000000002 0.809375
1 0.4234375000000002 0.828125 0.4125000000000002 0.828125 0.4125000000000002 0.8578125 0.4234375000000002 0.8578125