0 0.5015625 0.09062500000000007 0.4640625 0.09062500000000007 0.4640625 0.415625 0.5015625 0.415625
0 0.225 0.08906250000000002 0.1859375 0.08906250000000002 0.1859375 0.16562500000000005 0.225 0.16562500000000005
0 0.2234375 0.15937500000000004 0.1859375 0.15937500000000004 0.18593750000000003 0.25 0.2234375 0.25
0 0.3921875000000001 0.4078125 0.3125000000000001 0.4078125 0.3125000000000001 0.4640625 0.3921875000000001 0.4640625
1 0.19375 0.11718750000000003 0.1703125 0.1171875 0.1703125 0.14218750000000002 0.19375 0.14218750000000005
1 0.19062500000000004 0.18906250000000002 0.17343750000000005 0.1890625 0.17343750000000005 0.215625 0.19062500000000004 0.215625
1 0.19531250000000006 0.18906250000000005 0.18593750000000003 0.18906250000000005 0.18593750000000003 0.19843750000000004 0.19531250000000006 0.19843750000000004
1 0.19375 0.10781250000000005 0.1828125 0.10781250000000005 0.1828125 0.12187500000000004 0.19375 0.12187500000000004
1 0.3687500000000001 0.421875 0.34843750000000007 0.421875 0.34843750000000007 0.45 0.3687500000000001 0.45
1 0.4890625 0.2328125000000001 0.4671875 0.2328125000000001 0.4671875 0.2531250000000001 0.4890625 0.2531250000000001
2 0.3390625 0.13125000000000003 0.328125 0.13125000000000003 0.328125 0.14687500000000003 0.3390625 0.14687500000000003
2 0.334375 0.17656250000000004 0.325 0.17656250000000004 0.325 0.18593750000000003 0.334375 0.18593750000000003
2 0.3984375 0.2968750000000001 0.3921875 0.2968750000000001 0.3921875 0.3140625000000001 0.3984375 0.3140625000000001
2 0.5546875 0.3109375000000001 0.5296875 0.3109375000000001 0.5296875 0.3359375000000001 0.5546875 0.3359375000000001
0 0.7921875 0.4046875000000001 0.7125 0.4046875 0.7125 0.4718750000000001 0.7921875 0.47187500000000016
0 0.9 0.2578125000000001 0.821875 0.2578125000000001 0.821875 0.3546875000000001 0.9 0.3546875000000001
0 0.8953125 0.3531250000000001 0.7953125 0.3531250000000001 0.7953125 0.46406250000000016 0.8953125 0.46406250000000016
1 0.8875 0.4437500000000002 0.86875 0.4437500000000002 0.86875 0.4593750000000002 0.8875 0.4593750000000002
1 0.884375 0.42500000000000016 0.8671875 0.42500000000000016 0.8671875 0.4437500000000002 0.884375 0.4437500000000002
1 0.7734375 0.4156250000000002 0.7546875 0.4156250000000002 0.7546875 0.44531250000000017 0.7734375 0.44531250000000017
1 0.884375 0.4000000000000002 0.8640625 0.4000000000000002 0.8640625 0.4265625000000002 0.884375 0.4265625000000002
1 0.884375 0.3156250000000001 0.86875 0.3156250000000001 0.86875 0.3359375000000001 0.884375 0.3359375000000001
0 0.9 0.018750000000000107 0.8609375 0.018750000000000107 0.8609375 0.09687500000000011 0.9 0.09687500000000011
1 0.8828125 0.06093750000000011 0.8703125 0.06093750000000011 0.8703125 0.0796875000000001 0.8828125 0.0796875000000001
1 0.8859375 0.04843750000000011 0.86875 0.04843750000000011 0.86875 0.0640625000000001 0.8859375 0.0640625000000001
1 0.8859375 0.025000000000000112 0.8640625 0.025000000000000112 0.8640625 0.05156250000000011 0.8859375 0.05156250000000011
2 0.8890625 0.06250000000000011 0.8828125 0.06250000000000011 0.8828125 0.07031250000000011 0.8890625 0.07031250000000011
1 0.8828125 0.3000000000000001 0.8671875 0.3000000000000001 0.8671875 0.3140625000000001 0.8828125 0.3140625000000001
1 0.8828125 0.2765625000000001 0.8625 0.2765625000000001 0.8625 0.3046875000000001 0.8828125 0.3046875000000001
2 0.8828125 0.31718750000000007 0.878125 0.31718750000000007 0.878125 0.3218750000000001 0.8828125 0.3218750000000001