0 0.428125 0.421875 0.409375 0.421875 0.409375 0.565625 0.428125 0.565625
0 0.3625000000000001 0.38125 0.3453125000000001 0.38125 0.3453125000000001 0.5953125 0.3625000000000001 0.5953125
0 0.2718750000000001 0.6953125 0.2078125000000001 0.6953125 0.2078125000000001 0.7203125 0.2718750000000001 0.7203125
0 0.3828125000000001 0.728125 0.2390625000000001 0.728125 0.2390625000000001 0.7453125 0.3828125000000001 0.7453125
0 0.6531250000000002 0.796875 0.2796875000000001 0.796875 0.2796875000000001 0.8140625 0.6531250000000002 0.8140625
0 0.6484375 0.6625 0.4640625 0.6625 0.4640625 0.684375 0.6484375 0.684375
0 0.70625 0.415625 0.6890625 0.415625 0.6890625 0.55625 0.70625 0.55625
0 0.2765625000000001 0.796875 0.1781250000000001 0.796875 0.1781250000000001 0.815625 0.2765625000000001 0.815625
0 0.6375 0.3546875000000001 0.5515625 0.3546875000000001 0.5515625 0.3765625000000001 0.6375 0.3765625000000001
0 0.7515625 0.2390625000000001 0.571875 0.2390625000000001 0.571875 0.2578125000000001 0.7515625 0.2578125000000001
0 0.89375 0.2375000000000001 0.7578125 0.2375000000000001 0.7578125 0.2531250000000001 0.89375 0.2531250000000001
0 0.690625 0.3515625000000001 0.6515625 0.3515625000000001 0.6515625 0.3765625000000001 0.690625 0.3765625000000001
1 0.5125 0.3375000000000001 0.478125 0.3375000000000001 0.478125 0.37187500000000007 0.5125 0.37187500000000007
1 0.2921875 0.2828125 0.2671875 0.2828125 0.2671875 0.321875 0.2921875 0.321875
1 0.19687500000000005 0.2703125 0.12187500000000004 0.2703125 0.12187500000000004 0.35 0.19687500000000005 0.35
1 0.3703125000000001 0.690625 0.3031250000000001 0.690625 0.3031250000000001 0.728125 0.3703125000000001 0.728125
1 0.4859375000000002 0.7515625 0.44062500000000016 0.7515625 0.44062500000000016 0.7953125 0.4859375000000002 0.7953125
1 0.2656250000000001 0.75625 0.2000000000000001 0.75625 0.2000000000000001 0.7921875 0.2656250000000001 0.7921875
1 0.2640625000000001 0.653125 0.2250000000000001 0.653125 0.2250000000000001 0.69375 0.2640625000000001 0.69375
1 0.3359375000000001 0.615625 0.30156250000000007 0.615625 0.30156250000000007 0.6625 0.3359375000000001 0.6625
1 0.346875 0.203125 0.3234375 0.203125 0.3234375 0.2671875 0.346875 0.2671875
1 0.4125 0.24218750000000008 0.378125 0.24218750000000008 0.378125 0.3281250000000001 0.4125 0.3281250000000001
1 0.6203125 0.3187500000000001 0.5609375 0.3187500000000001 0.5609375 0.3546875000000001 0.6203125 0.3546875000000001
1 0.85625 0.1921875000000001 0.7953125 0.1921875000000001 0.7953125 0.24218750000000008 0.85625 0.24218750000000008
1 0.9390625 0.4812500000000002 0.9125 0.4812500000000002 0.9125 0.5468750000000002 0.9390625 0.5468750000000002
2 0.8890625 0.1625000000000001 0.85625 0.1625000000000001 0.85625 0.20312500000000008 0.8890625 0.20312500000000008
2 0.9421875 0.15312500000000012 0.9109375 0.15312500000000012 0.9109375 0.2015625000000001 0.9421875 0.2015625000000001
0 0.953125 0.3656250000000001 0.934375 0.3656250000000001 0.934375 0.6109375000000001 0.953125 0.6109375000000001