0 0.6 0.4265625 0.5296875 0.4265625 0.5296875 0.4796875 0.6 0.4796875
0 0.58125 0.665625 0.2656250000000001 0.665625 0.2656250000000001 0.7140625 0.58125 0.7140625
0 0.4296875 0.621875 0.2734375000000001 0.621875 0.2734375000000001 0.6609375 0.4296875 0.6609375
0 0.578125 0.4859375 0.4296875 0.4859375 0.4296875 0.665625 0.578125 0.665625
0 0.41875 0.571875 0.2718750000000001 0.571875 0.2718750000000001 0.625 0.41875 0.625
0 0.3359375000000001 0.53125 0.2468750000000001 0.53125 0.2468750000000001 0.5765625 0.3359375000000001 0.5765625
0 0.3031250000000001 0.521875 0.2171875000000001 0.521875 0.2171875000000001 0.5296875 0.3031250000000001 0.5296875
1 0.3578125000000001 0.6234375 0.3421875000000001 0.6234375 0.3421875000000001 0.65 0.3578125000000001 0.65
1 0.4265625 0.6703125 0.4171875 0.6703125 0.4171875 0.69375 0.4265625 0.69375
1 0.5109375 0.621875 0.4875 0.621875 0.4875 0.6484375 0.5109375 0.6484375
1 0.2671875000000001 0.4953125 0.25468750000000007 0.4953125 0.25468750000000007 0.5171875 0.2671875000000001 0.5171875
1 0.2078125000000001 0.371875 0.19062500000000004 0.371875 0.19062500000000004 0.4 0.2078125000000001 0.4
0 0.3234375 0.29375 0.2796875 0.29375 0.2796875 0.340625 0.3234375 0.340625
1 0.3109375 0.2828125 0.2921875 0.2828125 0.2921875 0.303125 0.3109375 0.303125
1 0.2953125000000001 0.3953125 0.2796875000000001 0.3953125 0.2796875000000001 0.4140625 0.2953125000000001 0.4140625
1 0.3750000000000001 0.38125000000000003 0.3609375000000001 0.38125 0.3609375000000001 0.39687500000000003 0.3750000000000001 0.3968750000000001
1 0.3781250000000001 0.3703125000000001 0.3703125000000001 0.3703125000000001 0.3703125000000001 0.3828125000000001 0.3781250000000001 0.3828125000000001
0 0.6140625 0.3500000000000001 0.56875 0.3500000000000001 0.56875 0.4265625 0.6140625 0.4265625
0 0.38593750000000004 0.3531250000000001 0.3765625 0.3531250000000001 0.3765625 0.421875 0.3859375000000001 0.421875
0 0.24375000000000005 0.2984375 0.2015625 0.2984375 0.20156250000000003 0.4828125 0.24375000000000008 0.4828125
0 0.8796875 0.44843750000000016 0.8296875 0.44843750000000016 0.8296875 0.5218750000000002 0.8796875 0.5218750000000002
0 0.7625 0.4312500000000001 0.69375 0.43125 0.69375 0.5156250000000001 0.7625 0.5156250000000002
0 0.8125 0.2750000000000001 0.7890625 0.2750000000000001 0.7890625 0.34062500000000007 0.8125 0.34062500000000007
1 0.3515625000000001 0.5796875 0.3359375000000001 0.5796875 0.3359375000000001 0.60625 0.3515625000000001 0.60625
1 0.2984375000000001 0.5375 0.2843750000000001 0.5375 0.2843750000000001 0.5640625 0.2984375000000001 0.5640625
1 0.5984375 0.3750000000000001 0.58125 0.3750000000000001 0.58125 0.39531250000000007 0.5984375 0.39531250000000007
1 0.596875 0.4421875 0.5734375 0.4421875 0.5734375 0.4671875 0.596875 0.4671875
1 0.7359375 0.4609375000000001 0.7234375 0.4609375 0.7234375 0.4765625000000001 0.7359375 0.47656250000000017
1 0.853125 0.46093750000000017 0.8375 0.46093750000000017 0.8375 0.47968750000000016 0.853125 0.47968750000000016
1 0.8 0.2750000000000001 0.7921875 0.2750000000000001 0.7921875 0.29375000000000007 0.8 0.29375000000000007