0 0.2671875 0.25 0.12656250000000005 0.25 0.12656250000000005 0.4125 0.2671875000000001 0.4125
0 0.4171875 0.475 0.2593750000000001 0.475 0.2593750000000001 0.6828125 0.4171875 0.6828125
0 0.4203125 0.475 0.2984375000000001 0.475 0.2984375000000001 0.590625 0.4203125 0.590625
0 0.59375 0.18281250000000007 0.4171875 0.18281250000000004 0.4171875 0.4515625 0.59375 0.4515625
0 0.5078125 0.2531250000000001 0.415625 0.2531250000000001 0.415625 0.409375 0.5078125 0.409375
0 0.4234375 0.06875000000000005 0.365625 0.06875000000000005 0.365625 0.16093750000000004 0.4234375 0.16093750000000004
2 0.465625 0.5515625 0.415625 0.5515625 0.415625 0.70625 0.465625 0.70625
0 0.6234375 0.40625 0.415625 0.40625 0.415625 0.7 0.6234375 0.7
0 0.884375 0.4750000000000001 0.69375 0.475 0.69375 0.6796875000000001 0.884375 0.6796875000000002
0 1 0.15468750000000012 0.884375 0.1546875000000001 0.884375 0.4937500000000002 1 0.4937500000000002
1 0.621875 0.496875 0.5953125 0.496875 0.5953125 0.5390625 0.621875 0.5390625
2 0.609375 0.46875 0.5984375 0.46875 0.5984375 0.490625 0.609375 0.490625
1 0.653125 0.38750000000000007 0.6265625 0.38750000000000007 0.6265625 0.440625 0.653125 0.440625
2 0.6421875 0.36406250000000007 0.6296875 0.36406250000000007 0.6296875 0.3890625000000001 0.6421875 0.3890625000000001
2 0.26406250000000003 0.321875 0.14218750000000005 0.321875 0.14218750000000005 0.3984375 0.2640625000000001 0.3984375
1 0.34375 0.04687500000000004 0.334375 0.04687500000000004 0.334375 0.09218750000000005 0.34375 0.09218750000000005
1 0.359375 0.03906250000000004 0.3453125 0.03906250000000004 0.3453125 0.08750000000000005 0.359375 0.08750000000000005
2 0.375 0.026562500000000044 0.3625 0.026562500000000044 0.3625 0.04531250000000005 0.375 0.04531250000000005
1 0.425 0.01406250000000005 0.4046875 0.01406250000000005 0.4046875 0.06406250000000005 0.425 0.06406250000000005
2 0.4359375 5.243019108849606e-17 0.4203125 5.147343577666219e-17 0.4203125 0.020312500000000053 0.4359375 0.020312500000000056
1 0.4734375 0.2562500000000001 0.44375 0.2562500000000001 0.44375 0.2765625000000001 0.4734375 0.2765625000000001
1 0.4703125 0.2375000000000001 0.44375 0.2375000000000001 0.44375 0.2593750000000001 0.4703125 0.2593750000000001
1 0.4046875 0.01875000000000005 0.3875 0.01875000000000005 0.3875 0.06406250000000005 0.4046875 0.06406250000000005
1 0.6125 0.521875 0.5890625 0.521875 0.5890625 0.5609375 0.6125 0.5609375
1 0.653125 0.4109375 0.61875 0.4109375 0.61875 0.459375 0.653125 0.459375
1 0.6421875 0.43125 0.61875 0.43125 0.61875 0.4734375 0.6421875 0.4734375
1 0.4453125 0.6578125 0.4125 0.6578125 0.4125 0.69375 0.4453125 0.69375
1 0.4453125 0.625 0.4140625 0.625 0.4140625 0.6546875 0.4453125 0.6546875
1 0.9953125 0.2984375000000001 0.96875 0.2984375000000001 0.96875 0.3343750000000001 0.9953125 0.3343750000000001
1 0.8 0.6109375000000001 0.7796875 0.6109375000000001 0.7796875 0.6593750000000002 0.8 0.6593750000000002
0 0.265625 0.21875 0.234375 0.21875 0.234375 0.3015625 0.265625 0.3015625