1 0.259375 0.09531250000000002 0.2078125 0.09531250000000002 0.2078125 0.21875 0.259375 0.21875
1 0.15625000000000003 0.09375000000000003 0.10625 0.09375000000000003 0.10625000000000002 0.2140625 0.15625000000000006 0.2140625
0 0.878125 0.7578125000000001 0.1765625000000001 0.7578125 0.17656250000000012 0.9078125 0.878125 0.9078125
1 0.5234375000000002 0.746875 0.4671875000000002 0.746875 0.4671875000000002 0.8671875 0.5234375000000002 0.8671875
1 0.5828125000000002 0.746875 0.5265625000000002 0.746875 0.5265625000000002 0.871875 0.5828125000000002 0.871875
1 0.9921875 0.4968750000000002 0.9109375 0.4968750000000002 0.9109375 0.5750000000000002 0.9921875 0.5750000000000002
1 0.99375 0.6031250000000001 0.9078125 0.6031250000000001 0.9078125 0.6515625000000002 0.99375 0.6515625000000002
1 0.7671875 0.03906250000000009 0.7328125 0.03906250000000009 0.7328125 0.1703125000000001 0.7671875 0.1703125000000001
1 0.596875 0.043750000000000074 0.5578125 0.04375000000000007 0.5578125 0.1687500000000001 0.596875 0.1687500000000001
1 0.665625 0.045312500000000075 0.6125 0.045312500000000075 0.6125 0.1703125000000001 0.665625 0.1703125000000001
1 0.8671875 0.0500000000000001 0.8125 0.050000000000000086 0.8125 0.16562500000000008 0.8671875 0.16562500000000008
1 0.928125 0.04843750000000011 0.878125 0.04843750000000011 0.878125 0.1734375000000001 0.928125 0.17343750000000013
0 0.29375000000000007 0.2015625 0.06562500000000002 0.2015625 0.06562500000000003 0.38125 0.29375000000000007 0.38125
0 0.18750000000000006 0.2015625 0.07500000000000002 0.2015625 0.07500000000000004 0.384375 0.18750000000000006 0.384375
0 0.29531250000000003 0.19062500000000002 0.16875000000000004 0.190625 0.16875000000000004 0.3890625 0.2953125000000001 0.3890625
0 0.9125 0.18750000000000008 0.29375 0.18750000000000006 0.29375000000000007 0.4156250000000001 0.9125 0.4156250000000002