0 0.4875 0.4 4.898587196589413e-17 0.4 5.0899382589561874e-17 0.43125 0.4875 0.43125
0 0.253125 0.3375 0.006250000000000042 0.3375 0.006250000000000043 0.3578125 0.253125 0.3578125
0 0.4875 0.34062500000000007 0.2578125 0.340625 0.2578125 0.35937500000000006 0.4875 0.3593750000000001
0 0.540625 0.15312500000000004 0.5296875 0.15312500000000004 0.5296875 0.2640625000000001 0.540625 0.2640625000000001
0 0.09531250000000001 0.035937500000000004 0.014062500000000006 0.0359375 0.01406250000000001 0.134375 0.09531250000000002 0.134375
0 0.18125000000000002 0.153125 0.171875 0.153125 0.17187500000000003 0.2578125 0.18125000000000005 0.2578125
1 0.396875 0.30312500000000003 0.35 0.303125 0.35 0.34218750000000003 0.396875 0.3421875000000001
1 0.2812500000000001 0.3703125 0.22031250000000008 0.3703125 0.22031250000000008 0.409375 0.2812500000000001 0.409375
1 0.14843750000000006 0.290625 0.10000000000000005 0.290625 0.10000000000000005 0.3359375 0.14843750000000006 0.3359375
1 0.16875 0.1703125 0.140625 0.1703125 0.14062500000000003 0.225 0.16875000000000004 0.225
1 0.075 0.0015625000000000072 0.04375 0.0015625000000000055 0.043750000000000004 0.04843750000000001 0.075 0.04843750000000001
1 0.53125 0.17031250000000003 0.5078125 0.17031250000000003 0.5078125 0.2171875000000001 0.53125 0.2171875000000001
0 0.7296875 0.41093750000000007 0.5828125 0.4109375 0.5828125 0.4281250000000001 0.7296875 0.4281250000000002
1 0.675 0.3734375000000001 0.6375 0.3734375000000001 0.6375 0.4109375 0.675 0.4109375
1 0.7375 0.04375000000000009 0.71875 0.04375000000000009 0.71875 0.08593750000000008 0.7375 0.08593750000000008
1 0.7796875 0.18750000000000008 0.746875 0.18750000000000008 0.746875 0.2609375000000001 0.7796875 0.2609375000000001
1 0.875 0.1984375000000001 0.846875 0.1984375000000001 0.846875 0.2515625000000001 0.875 0.2515625000000001
0 0.796875 0.09218750000000009 0.778125 0.09218750000000009 0.778125 0.3343750000000001 0.796875 0.3343750000000001
0 0.940625 0.2093750000000001 0.8921875 0.2093750000000001 0.8921875 0.2796875000000001 0.940625 0.2796875000000001
0 0.95 0.1875000000000001 0.88125 0.18750000000000008 0.88125 0.2062500000000001 0.95 0.2062500000000001
0 1 0.3765625000000001 0.959375 0.3765625000000001 0.959375 0.3921875000000001 1 0.3921875000000001
0 0.4453125 0.6390625 0.3312500000000001 0.6390625 0.3312500000000001 0.6609375 0.4453125 0.6609375
0 0.4984375000000001 0.7234375 0.4421875 0.7234375 0.44218750000000007 0.803125 0.4984375000000002 0.803125
0 0.3312500000000001 0.753125 0.3046875000000001 0.753125 0.3046875000000001 0.7984375 0.3312500000000001 0.7984375
0 0.3468750000000001 0.84375 0.3234375000000001 0.84375 0.3234375000000001 0.9203125 0.3468750000000001 0.9203125
2 0.18906250000000008 0.7265625 0.1609375000000001 0.7265625 0.1609375000000001 0.7546875 0.18906250000000008 0.7546875
1 0.4609375 0.6703125 0.4265625 0.6703125 0.4265625 0.7046875 0.4609375 0.7046875
2 0.475 0.659375 0.459375 0.659375 0.459375 0.68125 0.475 0.68125
1 0.521875 0.6671875 0.4828125 0.6671875 0.4828125 0.7046875 0.521875 0.7046875
2 0.5390625 0.653125 0.51875 0.653125 0.51875 0.6828125 0.5390625 0.6828125
1 0.9515625 0.4656250000000002 0.9078125 0.4656250000000002 0.9078125 0.5140625000000002 0.9515625 0.5140625000000002
1 0.8765625 0.023437500000000104 0.8421875 0.023437500000000104 0.8421875 0.08437500000000012 0.8765625 0.08437500000000012
1 0.2234375000000001 0.684375 0.18125000000000008 0.684375 0.18125000000000008 0.7359375 0.2234375000000001 0.7359375
1 0.03125000000000009 0.7140625 8.744743550161569e-17 0.7140625 9.012635037475052e-17 0.7578125 0.03125000000000009 0.7578125
1 0.31718750000000007 0.8125 0.27812500000000007 0.8125 0.27812500000000007 0.84375 0.31718750000000007 0.84375
1 0.3046875000000001 0.6 0.2687500000000001 0.6 0.2687500000000001 0.6515625 0.3046875000000001 0.6515625
1 0.6140625000000002 0.7671875 0.5750000000000002 0.7671875 0.5750000000000002 0.821875 0.6140625000000002 0.821875
1 0.721875 0.6453125 0.7046875 0.6453125 0.7046875 0.6984375 0.721875 0.6984375
1 0.7796875000000002 0.7718750000000002 0.7390625000000002 0.7718750000000002 0.7390625000000002 0.8234375 0.7796875000000002 0.8234375
2 0.8046875 0.7593750000000001 0.7812500000000002 0.7593750000000001 0.7812500000000002 0.7859375000000002 0.8046875 0.7859375000000002
1 0.403125 0.584375 0.3812500000000001 0.584375 0.3812500000000001 0.6328125 0.403125 0.6328125
1 0.41406250000000017 0.96875 0.3734375000000001 0.96875 0.3734375000000001 1 0.41406250000000017 1
1 0.5921875000000002 0.9734375 0.5515625000000002 0.9734375 0.5515625000000002 1 0.5921875000000002 1