0 0.32812500000000006 0.33125 0.2890625 0.33125 0.28906250000000006 0.3875 0.3281250000000001 0.3875
1 0.3109375 0.2984375 0.284375 0.2984375 0.284375 0.3265625 0.3109375 0.3265625
1 0.34375 0.2953125 0.3140625 0.2953125 0.3140625 0.321875 0.34375 0.321875
1 0.5 0.5796875 0.446875 0.5796875 0.446875 0.60625 0.5 0.60625
1 0.478125 0.640625 0.4234375 0.640625 0.4234375 0.6875 0.478125 0.6875
1 0.5734375 0.640625 0.4828125 0.640625 0.4828125 0.684375 0.5734375 0.684375
0 0.3265625000000001 0.5734375 0.2968750000000001 0.5734375 0.2968750000000001 0.5859375 0.3265625000000001 0.5859375
0 0.6359375 0.5734375 0.3296875000000001 0.5734375 0.3296875000000001 0.5828125 0.6359375 0.5828125
0 0.3578125000000001 0.5390625 0.30937500000000007 0.5390625 0.30937500000000007 0.55 0.3578125000000001 0.55
0 0.76875 0.5578125 0.6921875 0.5578125 0.6921875 0.5687500000000001 0.76875 0.5687500000000002
0 0.796875 0.3906250000000001 0.784375 0.3906250000000001 0.784375 0.5203125000000002 0.796875 0.5203125000000002
0 0.4046875 0.415625 0.3921875000000001 0.415625 0.3921875000000001 0.4984375 0.4046875 0.4984375
0 0.66875 0.4109375 0.659375 0.4109375 0.659375 0.5015625 0.66875 0.5015625
2 0.665625 0.459375 0.646875 0.459375 0.646875 0.4765625 0.665625 0.4765625
2 0.39531250000000007 0.4625 0.37968750000000007 0.4625 0.37968750000000007 0.478125 0.39531250000000007 0.478125
1 0.3546875000000001 0.5140625 0.3390625000000001 0.5140625 0.3390625000000001 0.5390625 0.3546875000000001 0.5390625
0 0.3218750000000001 0.5515625 0.3078125000000001 0.5515625 0.3078125000000001 0.5765625 0.3218750000000001 0.5765625
2 0.3750000000000001 0.37968750000000007 0.3359375000000001 0.3796875 0.3359375000000001 0.409375 0.3750000000000001 0.409375
1 0.36875 0.35156250000000006 0.35625 0.3515625 0.35625000000000007 0.3765625 0.3687500000000001 0.3765625000000001
1 0.5625 0.3421875000000001 0.55 0.3421875000000001 0.55 0.3625000000000001 0.5625 0.3625000000000001
0 0.634375 0.5328125 0.4859375 0.5328125 0.4859375 0.5484375 0.634375 0.5484375
1 0.5703125 0.5125 0.5546875 0.5125 0.5546875 0.5375 0.5703125 0.5375
1 0.4796875 0.546875 0.4625 0.546875 0.4625 0.5703125 0.4796875 0.5703125
1 0.7390625 0.5312500000000001 0.7234375 0.53125 0.7234375 0.5562500000000001 0.7390625 0.5562500000000001
1 0.6625 0.4390625 0.64375 0.4390625 0.64375 0.4578125 0.6625 0.4578125
2 0.540625 0.3609375000000001 0.4921875 0.3609375000000001 0.4921875 0.40625 0.540625 0.40625