1 0.3875 0.15312500000000004 0.3359375 0.15312500000000004 0.3359375 0.21718750000000003 0.3875 0.2171875000000001
1 0.5125 0.22656250000000008 0.48125 0.22656250000000008 0.48125 0.25468750000000007 0.5125 0.25468750000000007
1 0.534375 0.5375 0.4546875 0.5375 0.4546875 0.5703125 0.534375 0.5703125
1 0.70625 0.22031250000000008 0.6828125 0.22031250000000008 0.6828125 0.2609375000000001 0.70625 0.2609375000000001
0 0.39062500000000006 0.28593750000000007 0.378125 0.28593750000000007 0.37812500000000004 0.3843750000000001 0.3906250000000001 0.3843750000000001
0 0.4046875 0.4953125 0.36406250000000007 0.4953125 0.36406250000000007 0.5109375 0.4046875 0.5109375
0 0.684375 0.49375 0.4515625 0.49375 0.4515625 0.5109375 0.684375 0.5109375
0 0.6828125 0.43125 0.55 0.43125 0.55 0.4484375 0.6828125 0.4484375
0 0.7328125 0.2875000000000001 0.7203125 0.2875000000000001 0.7203125 0.3828125000000001 0.7328125 0.3828125000000001
2 0.7265625 0.21250000000000008 0.703125 0.21250000000000008 0.703125 0.2562500000000001 0.7265625 0.2562500000000001
0 0.51875 0.2906250000000001 0.503125 0.2906250000000001 0.503125 0.3812500000000001 0.51875 0.3812500000000001
0 0.4703125 0.18437500000000004 0.36875 0.18437500000000004 0.36875 0.2500000000000001 0.4703125 0.2500000000000001
2 0.4859375 0.41875 0.453125 0.41875 0.453125 0.475 0.4859375 0.475
0 0.4625000000000002 0.8859375 0.3625000000000001 0.8859375 0.3625000000000001 0.9046875 0.4625000000000002 0.9046875
0 0.5156250000000001 0.6375 0.503125 0.6375 0.503125 0.80625 0.5156250000000002 0.80625
0 0.5578125000000002 0.8859375 0.5125000000000002 0.8859375 0.5125000000000002 0.9046875 0.5578125000000002 0.9046875
0 0.6687500000000002 0.8875 0.6093750000000002 0.8875 0.6093750000000002 0.903125 0.6687500000000002 0.903125
0 0.6828125000000002 0.834375 0.6078125000000002 0.834375 0.6078125000000002 0.85 0.6828125000000002 0.85
0 0.5953125000000001 0.834375 0.5515625000000002 0.834375 0.5515625000000002 0.85 0.5953125000000001 0.85
0 0.7312500000000001 0.6468750000000001 0.71875 0.646875 0.7187500000000001 0.7921875 0.7312500000000002 0.7921875000000002