0 0.5562500000000001 0.4609375 0.53125 0.4609375 0.5312500000000001 0.7609375 0.5562500000000001 0.7609375
0 0.2953125000000001 0.4765625 0.2656250000000001 0.4765625 0.2656250000000001 0.7515625 0.2953125000000001 0.7515625
0 0.4984375 0.4421875 0.3296875000000001 0.4421875 0.3296875000000001 0.4625 0.4984375 0.4625
0 0.303125 0.16250000000000003 0.25 0.16250000000000003 0.25 0.359375 0.303125 0.359375
0 0.3015625 0.16562500000000005 0.2765625 0.16562500000000005 0.2765625 0.3046875 0.3015625 0.3046875
0 0.56875 0.16406250000000006 0.528125 0.16406250000000006 0.528125 0.33281250000000007 0.56875 0.33281250000000007
0 0.303125 0.07031250000000003 0.2421875 0.07031250000000003 0.2421875 0.17343750000000005 0.303125 0.17343750000000005
0 0.56875 6.745124948428782e-17 0.5328125 6.52507122670699e-17 0.5328125 0.17031250000000006 0.56875 0.1703125000000001
0 0.546875 6.592044098535362e-17 0.5296875 6.486801014233636e-17 0.5296875 0.12500000000000006 0.546875 0.12500000000000008
0 0.3203125 0.001562500000000035 0.25 0.0015625000000000304 0.25 0.06875000000000003 0.3203125 0.06875000000000005
0 0.834375 0.1593750000000001 0.8015625 0.1593750000000001 0.8015625 0.4031250000000002 0.834375 0.4031250000000002