0 0.73125 0.4046875000000001 0.584375 0.4046875 0.584375 0.44218750000000007 0.73125 0.4421875000000002
0 0.771875 0.44062500000000016 0.7296875 0.44062500000000016 0.7296875 0.5093750000000001 0.771875 0.5093750000000001
0 0.478125 0.4109375 0.44375 0.4109375 0.44375 0.4421875 0.478125 0.4421875
0 0.528125 0.4453125 0.51875 0.4453125 0.51875 0.5046875 0.528125 0.5046875
0 0.46875 0.540625 0.4125 0.540625 0.4125 0.5734375 0.46875 0.5734375
0 0.44375 0.540625 0.4 0.540625 0.4 0.6359375 0.44375 0.6359375
0 0.4421875 0.3546875000000001 0.3984375 0.3546875000000001 0.39843750000000006 0.409375 0.4421875 0.409375
0 0.428125 0.35625000000000007 0.3984375 0.35625000000000007 0.39843750000000006 0.4234375 0.428125 0.4234375
0 0.3984375000000001 0.46875 0.37187500000000007 0.46875 0.37187500000000007 0.4796875 0.3984375000000001 0.4796875
0 0.428125 0.46875 0.4171875 0.46875 0.4171875 0.48125 0.428125 0.48125
0 0.73125 0.35625000000000007 0.4390625 0.35625000000000007 0.4390625 0.4078125000000001 0.73125 0.4078125000000002
0 0.928125 0.36406250000000007 0.8640625 0.36406250000000007 0.8640625 0.40937500000000016 0.928125 0.40937500000000016
0 0.915625 0.4703125000000002 0.878125 0.4703125000000002 0.878125 0.47968750000000016 0.915625 0.47968750000000016