0 0.3171875 0.2890625 0.19375000000000003 0.2890625 0.19375000000000003 0.3421875 0.3171875 0.3421875
0 0.37031250000000004 0.3375 0.3078125 0.3375 0.30781250000000004 0.7796875 0.3703125000000001 0.7796875
0 0.36718750000000006 0.33125000000000004 0.284375 0.33125 0.28437500000000004 0.603125 0.3671875000000001 0.603125
0 0.35937500000000006 0.3390625 0.3046875 0.3390625 0.30468750000000006 0.6125 0.3593750000000001 0.6125
0 0.20312500000000006 0.3421875 0.17343750000000005 0.3421875 0.17343750000000008 0.65 0.20312500000000008 0.65
0 0.22656250000000006 0.3421875 0.17968750000000006 0.3421875 0.17968750000000006 0.4828125 0.22656250000000008 0.4828125
0 0.35625000000000007 0.6015625 0.3046875000000001 0.6015625 0.3046875000000001 0.7734375 0.35625000000000007 0.7734375
0 0.30937500000000007 0.6546875 0.19531250000000008 0.6546875 0.19531250000000008 0.7296875 0.30937500000000007 0.7296875
2 0.25468750000000007 0.6859375 0.24218750000000008 0.6859375 0.24218750000000008 0.7078125 0.25468750000000007 0.7078125
1 0.1828125000000001 0.5734375 0.1531250000000001 0.5734375 0.1531250000000001 0.596875 0.1828125000000001 0.596875
1 0.1828125000000001 0.55 0.1531250000000001 0.55 0.1531250000000001 0.578125 0.1828125000000001 0.578125
2 0.17500000000000007 0.528125 0.16093750000000004 0.528125 0.16093750000000007 0.5484375 0.1750000000000001 0.5484375
2 0.17968750000000008 0.6 0.15625000000000008 0.6 0.15625000000000008 0.6234375 0.17968750000000008 0.6234375
1 0.18125000000000005 0.5015625 0.15625000000000006 0.5015625 0.15625000000000006 0.525 0.18125000000000005 0.525
1 0.27031250000000007 0.6703125 0.25468750000000007 0.6703125 0.25468750000000007 0.7140625 0.27031250000000007 0.7140625
1 0.2906250000000001 0.6703125 0.2687500000000001 0.6703125 0.2687500000000001 0.7125 0.2906250000000001 0.7125
1 0.24375000000000008 0.6734375 0.22031250000000008 0.6734375 0.22031250000000008 0.7125 0.24375000000000008 0.7125
1 0.2640625 0.2515625 0.24375 0.2515625 0.24375 0.290625 0.2640625 0.290625
1 0.3421875000000001 0.7046875 0.3156250000000001 0.7046875 0.3156250000000001 0.7296875 0.3421875000000001 0.7296875
1 0.3421875000000001 0.6796875 0.3140625000000001 0.6796875 0.3140625000000001 0.7 0.3421875000000001 0.7
1 0.3421875000000001 0.65625 0.3156250000000001 0.65625 0.3156250000000001 0.684375 0.3421875000000001 0.684375
1 0.3437500000000001 0.746875 0.31718750000000007 0.746875 0.31718750000000007 0.775 0.3437500000000001 0.775
1 0.5375 0.3203125000000001 0.521875 0.3203125000000001 0.521875 0.3687500000000001 0.5375 0.3687500000000001
1 0.56875 0.3156250000000001 0.5421875 0.3156250000000001 0.5421875 0.3703125000000001 0.56875 0.3703125000000001
1 0.7046875 0.31718750000000007 0.675 0.31718750000000007 0.675 0.3703125000000001 0.7046875 0.3703125000000001
1 0.675 0.3187500000000001 0.659375 0.3187500000000001 0.659375 0.3687500000000001 0.675 0.3687500000000001
1 0.7828125 0.48750000000000016 0.7578125 0.48750000000000016 0.7578125 0.5390625000000002 0.7828125 0.5390625000000002
1 0.75625 0.4859375000000002 0.7296875 0.4859375000000002 0.7296875 0.5421875000000002 0.75625 0.5421875000000002
1 0.7078125 0.4875 0.6828125 0.4875 0.6828125 0.5453125 0.7078125 0.5453125
1 0.678125 0.4875 0.6625 0.4875 0.6625 0.5375 0.678125 0.5375
1 0.6375 0.4859375 0.609375 0.4859375 0.609375 0.5375 0.6375 0.5375
1 0.5890625 0.4859375 0.5625 0.4859375 0.5625 0.540625 0.5890625 0.540625
1 0.559375 0.4828125 0.534375 0.4828125 0.534375 0.540625 0.559375 0.540625
2 0.528125 0.2484375000000001 0.5046875 0.2484375000000001 0.5046875 0.27031250000000007 0.528125 0.27031250000000007
2 0.603125 0.34062500000000007 0.5765625 0.34062500000000007 0.5765625 0.3609375000000001 0.603125 0.3609375000000001
2 0.6546875 0.34062500000000007 0.625 0.34062500000000007 0.625 0.3625000000000001 0.6546875 0.3625000000000001
2 0.73125 0.5062500000000001 0.7046875 0.50625 0.7046875 0.5328125000000001 0.73125 0.5328125000000001
2 0.6109375 0.50625 0.5859375 0.50625 0.5859375 0.534375 0.6109375 0.534375
2 0.5359375 0.509375 0.5109375 0.509375 0.5109375 0.53125 0.5359375 0.53125
1 0.509375 0.4875 0.48125 0.4875 0.48125 0.5359375 0.509375 0.5359375
1 0.5046875 0.5765625 0.4796875 0.5765625 0.4796875 0.63125 0.5046875 0.63125
1 0.50625 0.22812500000000008 0.4796875 0.22812500000000008 0.4796875 0.27812500000000007 0.50625 0.27812500000000007
1 0.56875 0.2250000000000001 0.5296875 0.2250000000000001 0.5296875 0.2812500000000001 0.56875 0.2812500000000001
1 0.6296875 0.31718750000000007 0.603125 0.31718750000000007 0.603125 0.3687500000000001 0.6296875 0.3687500000000001
1 0.5171875 0.3140625000000001 0.4796875 0.3140625000000001 0.4796875 0.3703125000000001 0.5171875 0.3703125000000001
1 0.740625 0.3312500000000001 0.709375 0.3312500000000001 0.709375 0.3671875000000001 0.740625 0.3671875000000001
1 0.7703125 0.33281250000000007 0.740625 0.33281250000000007 0.740625 0.3687500000000001 0.7703125 0.3687500000000001
1 0.6265625 0.4046875 0.6171875 0.4046875 0.6171875 0.44375 0.6265625 0.44375
1 0.615625 0.403125 0.59375 0.403125 0.59375 0.446875 0.615625 0.446875
1 0.596875 0.39531250000000007 0.571875 0.39531250000000007 0.571875 0.4453125 0.596875 0.4453125
1 0.56875 0.409375 0.5453125 0.409375 0.5453125 0.4453125 0.56875 0.4453125
1 0.546875 0.40625 0.5265625 0.40625 0.5265625 0.44375 0.546875 0.44375
1 0.8234375 0.5765625000000002 0.796875 0.5765625000000002 0.796875 0.6328125000000002 0.8234375 0.6328125000000002
2 0.7984375 0.5984375000000002 0.7703125 0.5984375000000002 0.7703125 0.6218750000000002 0.7984375 0.6218750000000002
2 0.5296875 0.5984375 0.503125 0.5984375 0.503125 0.628125 0.5296875 0.628125
2 0.640625 0.5984375 0.615625 0.5984375 0.615625 0.6234375 0.640625 0.6234375
2 0.6625 0.6921875 0.6375 0.6921875 0.6375 0.715625 0.6625 0.715625
2 0.5390625 0.6859375 0.515625 0.6859375 0.515625 0.709375 0.5390625 0.709375
2 0.5375000000000002 0.7859375 0.5109375000000002 0.7859375 0.5109375000000002 0.8078125 0.5375000000000002 0.8078125
2 0.6453125000000002 0.7859375 0.6234375000000002 0.7859375 0.6234375000000002 0.80625 0.6453125000000002 0.80625
2 0.8046875 0.7843750000000002 0.7781250000000002 0.7843750000000002 0.7781250000000002 0.8046875 0.8046875 0.8046875
2 0.8328125 0.6921875000000002 0.8078125 0.6921875000000002 0.8078125 0.7171875000000002 0.8328125 0.7171875000000002
2 0.5156250000000002 0.878125 0.4890625000000002 0.878125 0.4890625000000002 0.9015625 0.5156250000000002 0.9015625
1 0.5546875 0.5796875 0.5328125 0.5796875 0.5328125 0.628125 0.5546875 0.628125
1 0.59375 0.5796875 0.565625 0.5796875 0.565625 0.628125 0.59375 0.628125
1 0.6203125 0.575 0.5890625 0.575 0.5890625 0.63125 0.6203125 0.63125
1 0.665625 0.5796875 0.6421875 0.5796875 0.6421875 0.6296875 0.665625 0.6296875
1 0.7015625 0.5796875 0.6765625 0.5796875 0.6765625 0.63125 0.7015625 0.63125
1 0.746875 0.5796875000000001 0.7265625 0.5796875000000001 0.7265625 0.6296875000000002 0.746875 0.6296875000000002
1 0.771875 0.5796875000000001 0.7484375 0.5796875000000001 0.7484375 0.6296875000000002 0.771875 0.6296875000000002
1 0.56875 0.66875 0.5390625 0.66875 0.5390625 0.7234375 0.56875 0.7234375
1 0.490625 0.671875 0.4796875 0.671875 0.4796875 0.721875 0.490625 0.721875
1 0.7234375 0.590625 0.7 0.590625 0.7 0.6296875 0.7234375 0.6296875
1 0.5125 0.68125 0.4890625 0.68125 0.4890625 0.7203125 0.5125 0.7203125
1 0.59375 0.671875 0.5640625 0.671875 0.5640625 0.7234375 0.59375 0.7234375
1 0.640625 0.6671875 0.615625 0.6671875 0.615625 0.7234375 0.640625 0.7234375
1 0.6890625 0.66875 0.6625 0.66875 0.6625 0.721875 0.6890625 0.721875
1 0.73125 0.6718750000000001 0.7109375 0.671875 0.7109375 0.721875 0.73125 0.7218750000000002
1 0.7609375 0.6687500000000002 0.734375 0.6687500000000002 0.734375 0.7234375000000002 0.7609375 0.7234375000000002
1 0.809375 0.6687500000000002 0.784375 0.6687500000000002 0.784375 0.7218750000000002 0.809375 0.7218750000000002
1 0.8578125 0.6656250000000001 0.83125 0.6656250000000001 0.83125 0.7218750000000002 0.8578125 0.7218750000000002
1 0.8859375 0.6671875000000002 0.859375 0.6671875000000002 0.859375 0.7203125000000001 0.8859375 0.7203125000000001
1 0.5625000000000002 0.759375 0.5375000000000002 0.759375 0.5375000000000002 0.8140625 0.5625000000000002 0.8140625
1 0.5984375000000002 0.7640625 0.5734375000000002 0.7640625 0.5734375000000002 0.8125 0.5984375000000002 0.8125
1 0.6750000000000002 0.7625 0.6484375000000002 0.7625 0.6484375000000002 0.8109375 0.6750000000000002 0.8109375
1 0.7125000000000001 0.7609375 0.6859375000000002 0.7609375 0.6859375000000002 0.8125 0.7125000000000001 0.8125
1 0.7531250000000002 0.7609375000000002 0.7343750000000002 0.7609375000000002 0.7343750000000002 0.8125 0.7531250000000002 0.8125
1 0.7796875000000002 0.7609375000000002 0.7546875000000002 0.7609375000000002 0.7546875000000002 0.8109375 0.7796875000000002 0.8109375
1 0.8328125 0.7593750000000001 0.8046875 0.7593750000000001 0.8046875 0.8109375 0.8328125 0.8109375
1 0.5656250000000002 0.8546875 0.5406250000000001 0.8546875 0.5406250000000001 0.9046875 0.5656250000000002 0.9046875
1 0.5437500000000002 0.853125 0.5171875000000001 0.853125 0.5171875000000001 0.90625 0.5437500000000002 0.90625
1 0.5718750000000001 0.9453125 0.5468750000000002 0.9453125 0.5468750000000002 0.9953125 0.5718750000000001 0.9953125
1 0.6078125000000002 0.946875 0.5828125000000002 0.946875 0.5828125000000002 0.9984375 0.6078125000000002 0.9984375
1 0.6328125000000002 0.9421875 0.6078125000000002 0.9421875 0.6078125000000002 0.9953125 0.6328125000000002 0.9953125
1 0.6578125000000001 0.94375 0.6296875000000002 0.94375 0.6296875000000002 0.9984375 0.6578125000000001 0.9984375
2 0.6812500000000001 0.965625 0.6546875000000002 0.965625 0.6546875000000002 0.9921875 0.6812500000000001 0.9921875
1 0.7062500000000002 0.9453125 0.6812500000000001 0.9453125 0.6812500000000001 0.9953125 0.7062500000000002 0.9953125
1 0.7421875000000002 0.9453125 0.7156250000000002 0.9453125 0.7156250000000002 0.996875 0.7421875000000002 0.996875
1 0.7687500000000002 0.946875 0.7390625000000002 0.946875 0.7390625000000002 0.996875 0.7687500000000002 0.996875
1 0.809375 0.94375 0.7906250000000001 0.94375 0.7906250000000001 1 0.809375 1
1 0.840625 0.94375 0.8078125 0.94375 0.8078125 0.996875 0.840625 0.996875
1 0.8859375 0.9453125 0.859375 0.9453125 0.859375 1 0.8859375 1
1 0.9234375 0.9484375 0.8953125 0.9484375 0.8953125 1 0.9234375 1
2 0.7890625000000002 0.9578125 0.7640625000000002 0.9578125 0.7640625000000002 0.996875 0.7890625000000002 0.996875
2 0.8609375 0.96875 0.8375 0.96875 0.8375 0.9875 0.8609375 0.9875
2 0.89375 0.9859375 0.8859375 0.9859375 0.8859375 0.996875 0.89375 0.996875