0 0.5921875 0.5515625 0.53125 0.5515625 0.53125 0.5984375 0.5921875 0.5984375
0 0.653125 0.603125 0.5984375 0.603125 0.5984375 0.6390625 0.653125 0.6390625
0 0.8265625 0.6406250000000002 0.765625 0.6406250000000002 0.7656250000000001 0.7343750000000002 0.8265625 0.7343750000000002
0 0.8 0.6515625000000002 0.765625 0.6515625000000002 0.765625 0.7140625000000002 0.8 0.7140625000000002
0 0.7671875000000001 0.7281250000000001 0.6437500000000002 0.728125 0.6437500000000002 0.821875 0.7671875000000001 0.821875
0 0.7593750000000001 0.7265625000000001 0.7234375000000002 0.7265625 0.7234375000000002 0.7828125000000001 0.7593750000000001 0.7828125000000001
0 0.8203125 0.7296875000000002 0.7609375000000002 0.7296875000000002 0.7609375000000002 0.7796875000000002 0.8203125 0.7796875000000002
0 0.5765625000000002 0.76875 0.5484375000000001 0.76875 0.5484375000000001 0.8640625 0.5765625000000002 0.8640625
0 0.5984375000000002 0.7671875 0.5750000000000002 0.7671875 0.5750000000000002 0.8625 0.5984375000000002 0.8625
0 0.7656250000000002 0.76875 0.5906250000000002 0.76875 0.5906250000000002 0.8609375 0.7656250000000002 0.8609375
0 0.5859375 0.6171875 0.56875 0.6171875 0.56875 0.6375 0.5859375 0.6375
0 0.5890625 0.6953125 0.565625 0.6953125 0.565625 0.7125 0.5890625 0.7125
2 0.828125 0.7390625000000002 0.8203125 0.7390625000000002 0.8203125 0.7500000000000002 0.828125 0.7500000000000002
1 0.7140625000000002 0.7828125 0.7062500000000002 0.7828125 0.7062500000000002 0.8015625 0.7140625000000002 0.8015625
2 0.5921875 0.5359375 0.584375 0.5359375 0.584375 0.55 0.5921875 0.55
1 0.5484375 0.621875 0.540625 0.621875 0.540625 0.6421875 0.5484375 0.6421875
1 0.5703125 0.5359375 0.559375 0.5359375 0.559375 0.5546875 0.5703125 0.5546875
1 0.58125 0.5375 0.56875 0.5375 0.56875 0.5578125 0.58125 0.5578125
1 0.7875 0.6734375000000001 0.778125 0.6734375000000001 0.778125 0.6843750000000002 0.7875 0.6843750000000002
1 0.8078125 0.7437500000000001 0.8 0.7437500000000001 0.8 0.7656250000000002 0.8078125 0.7656250000000002
1 0.8171875 0.7421875000000002 0.8078125 0.7421875000000002 0.8078125 0.7640625000000002 0.8171875 0.7640625000000002
1 0.9234375 0.6500000000000001 0.9171875 0.6500000000000001 0.9171875 0.6640625000000002 0.9234375 0.6640625000000002
0 0.99375 0.6000000000000002 0.921875 0.6000000000000002 0.921875 0.6140625000000002 0.99375 0.6140625000000002
0 0.9984375 0.7546875000000002 0.9203125 0.7546875000000002 0.9203125 0.7656250000000002 0.9984375 0.7656250000000002
0 0.9953125 0.5984375000000002 0.953125 0.5984375000000002 0.953125 0.7687500000000002 0.9953125 0.7687500000000002
0 0.953125 0.7656250000000002 0.8578125 0.7656250000000002 0.8578125 0.8296875 0.953125 0.8296875
2 0.5875000000000001 0.884375 0.5765625000000002 0.884375 0.5765625000000002 0.89375 0.5875000000000001 0.89375
2 0.5859375000000002 0.91875 0.5765625000000002 0.91875 0.5765625000000002 0.93125 0.5859375000000002 0.93125
2 0.5843750000000002 0.95 0.5734375000000002 0.95 0.5734375000000002 0.9640625 0.5843750000000002 0.9640625
2 0.6765625000000002 0.884375 0.6656250000000001 0.884375 0.6656250000000001 0.8984375 0.6765625000000002 0.8984375
2 0.6734375000000001 0.91875 0.6625000000000002 0.91875 0.6625000000000002 0.9328125 0.6734375000000001 0.9328125
2 0.6703125000000002 0.95 0.6593750000000002 0.95 0.6593750000000002 0.965625 0.6703125000000002 0.965625
2 0.7781250000000002 0.8859375 0.7671875000000001 0.8859375 0.7671875000000001 0.896875 0.7781250000000002 0.896875
2 0.7812500000000002 0.921875 0.7671875000000001 0.921875 0.7671875000000001 0.9359375 0.7812500000000002 0.9359375
2 0.88125 0.8875 0.8703125 0.8875 0.8703125 0.8984375 0.88125 0.8984375
2 0.7750000000000001 0.953125 0.7671875000000001 0.953125 0.7671875000000001 0.9609375 0.7750000000000001 0.9609375