0 0.35781250000000003 0.3515625 0.10000000000000005 0.3515625 0.10000000000000005 0.365625 0.3578125000000001 0.365625
0 0.2640625 0.31875 0.15625000000000006 0.31875 0.15625000000000006 0.3328125 0.2640625 0.3328125
0 0.35625 0.3203125 0.2703125 0.3203125 0.2703125 0.33125 0.35625 0.33125
0 0.2 0.15312500000000004 0.190625 0.15312500000000004 0.19062500000000002 0.2328125 0.2 0.2328125
0 0.3921875 0.14843750000000006 0.384375 0.14843750000000006 0.384375 0.23593750000000008 0.3921875 0.23593750000000008
0 0.1703125 0.009375000000000015 0.0734375 0.009375000000000008 0.07343750000000002 0.09531250000000001 0.1703125 0.09531250000000002
0 0.1890625 0.10781250000000002 0.1578125 0.1078125 0.1578125 0.14062500000000003 0.1890625 0.14062500000000006
0 0.5828125 0.3359375000000001 0.4828125 0.3359375000000001 0.4828125 0.3500000000000001 0.5828125 0.3500000000000001
0 0.6390625 0.10468750000000009 0.621875 0.10468750000000009 0.621875 0.2765625000000001 0.6390625 0.2765625000000001
0 0.7546875 0.010937500000000088 0.671875 0.010937500000000083 0.671875 0.09687500000000009 0.7546875 0.09687500000000009
0 0.9921875 0.14062500000000014 0.9828125 0.14062500000000014 0.9828125 0.23593750000000008 0.9921875 0.23593750000000008
0 0.95625 0.3281250000000001 0.7515625 0.3281250000000001 0.7515625 0.3421875000000001 0.95625 0.3421875000000001
0 0.7875 0.2796875000000001 0.75625 0.2796875000000001 0.75625 0.2906250000000001 0.7875 0.2906250000000001
0 0.9546875 0.2796875000000001 0.86875 0.2796875000000001 0.86875 0.2968750000000001 0.9546875 0.2968750000000001
2 0.7875 0.1140625000000001 0.75625 0.1140625000000001 0.75625 0.1390625000000001 0.7875 0.1390625000000001
2 0.590625 0.6234375 0.5375 0.6234375 0.5375 0.6890625 0.590625 0.6890625
2 0.2968750000000001 0.625 0.2515625000000001 0.625 0.2515625000000001 0.690625 0.2968750000000001 0.690625
0 0.3453125000000001 0.65625 0.33281250000000007 0.65625 0.33281250000000007 0.8765625 0.3453125000000001 0.8765625
0 0.11875000000000009 0.65625 0.11093750000000009 0.65625 0.11093750000000009 0.86875 0.11875000000000009 0.86875
0 0.2328125000000001 0.94375 0.18281250000000013 0.94375 0.18281250000000013 0.9578125 0.2328125000000001 0.9578125
2 0.51875 0.521875 0.403125 0.521875 0.403125 0.571875 0.51875 0.571875
0 0.6343750000000001 0.675 0.6234375 0.675 0.6234375000000001 0.846875 0.6343750000000001 0.846875
0 0.6671875 0.65625 0.6546875 0.65625 0.6546875000000001 0.8765625 0.6671875000000002 0.8765625
0 0.4203125000000001 0.659375 0.4078125 0.659375 0.4078125000000001 0.8671875 0.4203125000000002 0.8671875
0 0.5328125000000001 0.9453125 0.47968750000000016 0.9453125 0.47968750000000016 0.959375 0.5328125000000001 0.959375
0 0.7390625000000001 0.6640625000000002 0.73125 0.6640625000000002 0.7312500000000001 0.875 0.7390625000000002 0.875
0 0.853125 0.9515625 0.803125 0.9515625 0.803125 0.9640625 0.853125 0.9640625
0 0.96875 0.6859375000000002 0.9609375 0.6859375000000002 0.9609375 0.8515625 0.96875 0.8515625
0 1 0.6453125000000002 0.9875 0.6453125000000002 0.9875 0.896875 1 0.896875
0 0.55625 0.5515625 0.484375 0.5515625 0.484375 0.646875 0.55625 0.646875
1 0.94375 0.9671875 0.8625 0.9671875 0.8625 1 0.94375 1
1 0.34062500000000007 0.9625 0.2500000000000001 0.9625 0.2500000000000001 1 0.34062500000000007 1