0 0.2234375 0.2 0.16250000000000003 0.2 0.16250000000000003 0.3375 0.2234375 0.3375
0 0.6109375 0.35000000000000003 0.19218750000000004 0.35 0.19218750000000007 0.6 0.6109375 0.6
0 0.565625 0.35000000000000003 0.259375 0.35 0.259375 0.5375 0.565625 0.5375
0 0.490625 0.35156250000000006 0.2609375 0.3515625 0.26093750000000004 0.4671875 0.490625 0.4671875
0 0.6609375 0.2218750000000001 0.5953125 0.2218750000000001 0.5953125 0.3140625000000001 0.6609375 0.3140625000000001
0 0.23593750000000005 0.3515625 0.19218750000000004 0.3515625 0.19218750000000007 0.5984375 0.23593750000000008 0.5984375
0 0.2734375 0.10156250000000004 0.1984375 0.10156250000000004 0.19843750000000002 0.18437500000000004 0.2734375 0.18437500000000004
0 0.3703125 0.17187500000000006 0.3359375 0.17187500000000006 0.3359375 0.21718750000000003 0.3703125 0.2171875000000001
0 0.4796875 0.13593750000000004 0.390625 0.13593750000000004 0.390625 0.2171875000000001 0.4796875 0.2171875000000001
2 0.946875 0.04531250000000011 0.9125 0.04531250000000011 0.9125 0.09687500000000011 0.946875 0.09687500000000011
2 0.9046875 0.020312500000000108 0.85 0.020312500000000105 0.85 0.0953125000000001 0.9046875 0.0953125000000001
0 0.9078125 0.1812500000000001 0.85 0.18125000000000008 0.85 0.35625000000000007 0.9078125 0.35625000000000007
0 0.8546875 0.34843750000000007 0.7484375 0.34843750000000007 0.7484375 0.4359375000000002 0.8546875 0.4359375000000002
1 0.3265625 0.050000000000000044 0.3171875 0.050000000000000044 0.3171875 0.07968750000000005 0.3265625 0.07968750000000005
1 0.2671875 0.050000000000000024 0.259375 0.050000000000000024 0.259375 0.07656250000000002 0.2671875 0.07656250000000002
1 0.28125 0.05156250000000003 0.2671875 0.051562500000000025 0.2671875 0.07656250000000003 0.28125 0.07656250000000005
2 0.6265625 0.17968750000000008 0.596875 0.17968750000000008 0.596875 0.22812500000000008 0.6265625 0.22812500000000008
1 0.4140625 0.10625000000000004 0.4015625 0.10625000000000004 0.4015625 0.13750000000000004 0.4140625 0.13750000000000004
1 0.425 0.10937500000000004 0.4125 0.10937500000000004 0.4125 0.13593750000000004 0.425 0.13593750000000004
1 0.4671875 0.11093750000000005 0.4546875 0.11093750000000005 0.4546875 0.13593750000000004 0.4671875 0.13593750000000004
1 0.48125 0.10937500000000004 0.465625 0.10937500000000004 0.465625 0.13750000000000004 0.48125 0.13750000000000004
1 0.3390625 0.050000000000000044 0.325 0.050000000000000044 0.325 0.08281250000000004 0.3390625 0.08281250000000004
0 0.32812500000000006 0.325 0.2734375 0.325 0.27343750000000006 0.3734375 0.3281250000000001 0.3734375
1 0.328125 0.3328125 0.309375 0.3328125 0.309375 0.35625 0.328125 0.35625
1 0.3078125000000001 0.3921875 0.28593750000000007 0.3921875 0.28593750000000007 0.4125 0.3078125000000001 0.4125
1 0.3062500000000001 0.3796875 0.2906250000000001 0.3796875 0.2906250000000001 0.3953125 0.3062500000000001 0.3953125
1 0.3781250000000001 0.4140625 0.3687500000000001 0.4140625 0.3687500000000001 0.4390625 0.3781250000000001 0.4390625
1 0.4046875 0.39531250000000007 0.3921875000000001 0.39531250000000007 0.3921875000000001 0.4171875 0.4046875 0.4171875
1 0.421875 0.3921875000000001 0.409375 0.3921875000000001 0.409375 0.4171875 0.421875 0.4171875
1 0.4421875 0.534375 0.425 0.534375 0.425 0.565625 0.4421875 0.565625
1 0.2578125000000001 0.534375 0.2406250000000001 0.534375 0.2406250000000001 0.5640625 0.2578125000000001 0.5640625
1 0.3687500000000001 0.403125 0.3546875000000001 0.403125 0.3546875000000001 0.4328125 0.3687500000000001 0.4328125
1 0.43125 0.465625 0.421875 0.465625 0.421875 0.496875 0.43125 0.496875
1 0.4453125 0.4765625 0.434375 0.4765625 0.434375 0.496875 0.4453125 0.496875
1 0.3953125 0.2250000000000001 0.378125 0.2250000000000001 0.378125 0.3125000000000001 0.3953125 0.3125000000000001
0 0.590625 0.3687500000000001 0.4984375 0.3687500000000001 0.4984375 0.3984375000000001 0.590625 0.3984375000000001
1 0.3453125 0.16093750000000004 0.33125 0.16093750000000004 0.33125 0.18437500000000004 0.3453125 0.18437500000000004
1 0.359375 0.15781250000000005 0.340625 0.15781250000000005 0.340625 0.18437500000000004 0.359375 0.18437500000000004
2 0.4359375 0.10000000000000005 0.4265625 0.10000000000000005 0.4265625 0.12031250000000004 0.4359375 0.12031250000000004
2 0.35 0.04843750000000004 0.34375 0.04843750000000004 0.34375 0.06875000000000005 0.35 0.06875000000000005
2 0.2890625 0.04531250000000003 0.28125 0.04531250000000003 0.28125 0.06406250000000005 0.2890625 0.06406250000000005
2 0.4921875 0.10312500000000005 0.48125 0.10312500000000005 0.48125 0.11718750000000004 0.4921875 0.11718750000000004
1 0.60625 0.16562500000000008 0.59375 0.16562500000000008 0.59375 0.19531250000000008 0.60625 0.19531250000000008
1 0.6171875 0.1703125000000001 0.6078125 0.1703125000000001 0.6078125 0.19531250000000008 0.6171875 0.19531250000000008
1 0.634375 0.25468750000000007 0.6140625 0.25468750000000007 0.6140625 0.27812500000000007 0.634375 0.27812500000000007
1 0.37968750000000007 0.68125 0.3625000000000001 0.68125 0.3625000000000001 0.7171875 0.37968750000000007 0.7171875
1 0.53125 0.6828125 0.515625 0.6828125 0.515625 0.7125 0.53125 0.7125
2 0.4312500000000002 0.8515625 0.39531250000000007 0.8515625 0.39531250000000007 0.9015625 0.4312500000000002 0.9015625
1 0.4046875000000002 0.834375 0.3921875000000001 0.834375 0.3921875000000001 0.865625 0.4046875000000002 0.865625
1 0.4203125000000002 0.840625 0.40937500000000016 0.840625 0.40937500000000016 0.8640625 0.4203125000000002 0.8640625
0 0.8546875 0.8234375 0.7000000000000002 0.8234375 0.7000000000000002 0.859375 0.8546875 0.859375
1 0.7890625000000002 0.8125 0.7609375000000002 0.8125 0.7609375000000002 0.8390625 0.7890625000000002 0.8390625
1 0.7796875000000002 0.865625 0.7625000000000002 0.865625 0.7625000000000002 0.8921875 0.7796875000000002 0.8921875
0 0.8921875 0.846875 0.8765625 0.846875 0.8765625 0.93125 0.8921875 0.93125
0 0.89375 0.9703125 0.8828125 0.9703125 0.8828125 1 0.89375 1
0 0.7921875000000002 0.9 0.7265625000000002 0.9 0.7265625000000002 0.9515625 0.7921875000000002 0.9515625
0 0.2593750000000001 0.8171875 0.2250000000000001 0.8171875 0.2250000000000001 0.8546875 0.2593750000000001 0.8546875
1 0.2468750000000001 0.7765625 0.2234375000000001 0.7765625 0.2234375000000001 0.8171875 0.2468750000000001 0.8171875
1 0.7875000000000002 0.7421875000000002 0.7640625000000002 0.7421875000000002 0.7640625000000002 0.7843750000000002 0.7875000000000002 0.7843750000000002
1 0.8796875 0.8671875 0.859375 0.8671875 0.859375 0.8921875 0.8796875 0.8921875
1 0.7890625000000002 0.8765625 0.7812500000000002 0.8765625 0.7812500000000002 0.9015625 0.7890625000000002 0.9015625
1 0.80625 0.37968750000000007 0.7953125 0.37968750000000007 0.7953125 0.40625000000000017 0.80625 0.40625000000000017
1 0.8 0.4828125000000002 0.7859375 0.4828125000000002 0.7859375 0.5093750000000001 0.8 0.5093750000000001
1 0.815625 0.4828125000000002 0.8015625 0.4828125000000002 0.8015625 0.5093750000000001 0.815625 0.5093750000000001
1 0.828125 0.4828125000000002 0.815625 0.4828125000000002 0.815625 0.5109375000000002 0.828125 0.5109375000000002
1 0.8390625 0.4828125000000002 0.8296875 0.4828125000000002 0.8296875 0.5078125000000002 0.8390625 0.5078125000000002
1 0.8890625 0.2531250000000001 0.8703125 0.2531250000000001 0.8703125 0.27031250000000007 0.8890625 0.27031250000000007
1 0.378125 0.25781250000000006 0.3609375 0.2578125 0.3609375 0.2828125 0.378125 0.2828125000000001
1 0.17968750000000006 0.2515625 0.16093750000000004 0.2515625 0.16093750000000004 0.278125 0.17968750000000006 0.278125