0 0.3734375000000001 0.39687500000000003 0.3156250000000001 0.396875 0.3156250000000001 0.409375 0.3734375000000001 0.409375
0 0.6125 0.4 0.3734375000000001 0.4 0.3734375000000001 0.4078125 0.6125 0.4078125
0 0.775 0.3890625000000001 0.6703125 0.3890625000000001 0.6703125 0.4078125000000001 0.775 0.4078125000000002
0 0.6140625 0.3421875000000001 0.4203125 0.3421875000000001 0.4203125 0.3546875000000001 0.6140625 0.3546875000000001
0 0.646875 0.18750000000000008 0.634375 0.18750000000000008 0.634375 0.2140625000000001 0.646875 0.2140625000000001
0 0.65 0.2406250000000001 0.6359375 0.2406250000000001 0.6359375 0.2765625000000001 0.65 0.2765625000000001
0 0.3484375 0.13125000000000003 0.3125 0.13125000000000003 0.3125 0.15781250000000005 0.3484375 0.15781250000000005
1 0.825 0.5156250000000002 0.7953125 0.5156250000000002 0.7953125 0.5421875000000002 0.825 0.5421875000000002
1 0.8109375 0.5750000000000002 0.7984375 0.5750000000000002 0.7984375 0.6093750000000002 0.8109375 0.6093750000000002
1 0.8125 0.6484375000000002 0.796875 0.6484375000000002 0.796875 0.6671875000000002 0.8125 0.6671875000000002
1 0.825 0.7093750000000002 0.796875 0.7093750000000002 0.7968750000000001 0.7343750000000002 0.825 0.7343750000000002
1 0.809375 0.7765625000000002 0.7953125000000002 0.7765625000000002 0.7953125000000002 0.7968750000000002 0.809375 0.7968750000000002
1 0.8265625 0.840625 0.7953125000000002 0.840625 0.7953125000000002 0.8671875 0.8265625 0.8671875
0 0.746875 0.3468750000000001 0.6984375 0.3468750000000001 0.6984375 0.3578125000000001 0.746875 0.3578125000000001