0 0.4125 0.36875 0.10468750000000004 0.36875 0.10468750000000004 0.37968750000000007 0.4125 0.37968750000000007
0 0.14375000000000004 0.3359375 0.10468750000000004 0.3359375 0.10468750000000004 0.3484375 0.14375000000000004 0.3484375
0 0.4125 0.33125000000000004 0.315625 0.33125 0.315625 0.34375000000000006 0.4125 0.3437500000000001
0 0.08125000000000003 0.2390625 0.07187500000000002 0.2390625 0.07187500000000004 0.296875 0.08125000000000004 0.296875
0 0.11718750000000008 0.6015625 0.07187500000000006 0.6015625 0.07187500000000006 0.634375 0.11718750000000008 0.634375
0 0.0750000000000001 0.6421875 0.06406250000000009 0.6421875 0.06406250000000009 0.7453125 0.0750000000000001 0.7453125
0 0.44375 0.615625 0.37187500000000007 0.615625 0.37187500000000007 0.628125 0.44375 0.628125
0 0.4265625 0.6609375 0.41875 0.6609375 0.41875 0.7171875 0.4265625 0.7171875
0 0.3984375000000001 0.775 0.2984375000000001 0.775 0.2984375000000001 0.7859375 0.3984375000000001 0.7859375
0 0.3968750000000001 0.803125 0.08750000000000009 0.803125 0.08750000000000009 0.8125 0.3968750000000001 0.8125
0 0.1140625000000001 0.784375 0.08906250000000009 0.784375 0.08906250000000009 0.7953125 0.1140625000000001 0.7953125
0 0.1531250000000001 0.6453125 0.11718750000000008 0.6453125 0.11718750000000008 0.659375 0.1531250000000001 0.659375
0 0.5531250000000001 0.6375 0.54375 0.6375 0.5437500000000001 0.746875 0.5531250000000002 0.746875
0 0.596875 0.4359375 0.5875 0.4359375 0.5875000000000001 0.765625 0.5968750000000002 0.765625
0 0.871875 0.5453125000000002 0.765625 0.5453125000000002 0.765625 0.6500000000000001 0.871875 0.6500000000000001
2 0.809375 0.5781250000000002 0.7984375 0.5781250000000002 0.7984375 0.6015625000000002 0.809375 0.6015625000000002
1 0.8203125 0.5734375000000002 0.8078125 0.5734375000000002 0.8078125 0.5937500000000002 0.8203125 0.5937500000000002
0 1 0.80625 0.9484375 0.80625 0.9484375 0.81875 1 0.81875
1 0.98125 0.7765625000000002 0.971875 0.7765625000000002 0.971875 0.8015625 0.98125 0.8015625
1 0.5421875 0.675 0.53125 0.675 0.53125 0.7109375 0.5421875 0.7109375
2 0.2812500000000001 0.621875 0.21093750000000008 0.621875 0.21093750000000008 0.659375 0.2812500000000001 0.659375
1 0.2500000000000001 0.7828125 0.2296875000000001 0.7828125 0.2296875000000001 0.8015625 0.2500000000000001 0.8015625
1 0.35625000000000007 0.753125 0.3375000000000001 0.753125 0.3375000000000001 0.7703125 0.35625000000000007 0.7703125
1 0.4390625 0.5984375 0.4109375 0.5984375 0.4109375 0.6140625 0.4390625 0.6140625
1 0.5875 0.5859375 0.5765625 0.5859375 0.5765625 0.625 0.5875 0.625
1 0.6578125000000001 0.7765625 0.6484375000000002 0.7765625 0.6484375000000002 0.7984375 0.6578125000000001 0.7984375
1 0.6828125 0.28593750000000007 0.6578125 0.28593750000000007 0.6578125 0.3109375000000001 0.6828125 0.3109375000000001
1 0.8703125 0.35625000000000007 0.8359375 0.35625000000000007 0.8359375 0.3843750000000001 0.8703125 0.3843750000000001
1 0.896875 0.3546875000000001 0.875 0.3546875000000001 0.875 0.3859375000000001 0.896875 0.3859375000000001
1 0.759375 0.3921875000000001 0.746875 0.3921875000000001 0.746875 0.41718750000000016 0.759375 0.41718750000000016
1 0.98125 0.3843750000000001 0.971875 0.3843750000000001 0.971875 0.4109375000000002 0.98125 0.4109375000000002
1 1 0.15156250000000013 0.9859375 0.15156250000000013 0.9859375 0.18593750000000014 1 0.18593750000000014
0 0.9375 0.3343750000000001 0.8125 0.3343750000000001 0.8125 0.3453125000000001 0.9375 0.3453125000000001
1 0.884375 0.31718750000000007 0.865625 0.31718750000000007 0.865625 0.33281250000000007 0.884375 0.33281250000000007
1 0.7546875 0.17968750000000008 0.7265625 0.17968750000000008 0.7265625 0.2171875000000001 0.7546875 0.2171875000000001
1 0.5375 0.15156250000000004 0.528125 0.15156250000000004 0.528125 0.18437500000000004 0.5375 0.18437500000000004
1 0.5734375 0.13437500000000008 0.559375 0.13437500000000008 0.559375 0.18906250000000008 0.5734375 0.18906250000000008
1 0.6265625 0.2078125000000001 0.6125 0.2078125000000001 0.6125 0.22656250000000008 0.6265625 0.22656250000000008
0 0.7046875 0.3140625000000001 0.6390625 0.3140625000000001 0.6390625 0.3265625000000001 0.7046875 0.3265625000000001
0 0.55 0.08593750000000007 0.5390625 0.08593750000000007 0.5390625 0.24375000000000008 0.55 0.24375000000000008
0 0.58125 0.08593750000000007 0.5734375 0.08593750000000007 0.5734375 0.2296875000000001 0.58125 0.2296875000000001
0 0.6671875 7.950636641339458e-17 0.63125 7.730582919617668e-17 0.63125 0.05625000000000008 0.6671875 0.05625000000000009
0 0.728125 0.1703125000000001 0.696875 0.1703125000000001 0.696875 0.2718750000000001 0.728125 0.2718750000000001
2 0.6046875 0.19687500000000008 0.5796875 0.19687500000000008 0.5796875 0.2328125000000001 0.6046875 0.2328125000000001
0 0.6843750000000002 0.8015625 0.6265625000000001 0.8015625 0.6265625000000001 0.8140625 0.6843750000000002 0.8140625
0 0.42187500000000017 0.78125 0.4000000000000002 0.78125 0.4000000000000002 0.81875 0.42187500000000017 0.81875
1 0.13281250000000006 0.309375 0.11406250000000004 0.309375 0.11406250000000004 0.3328125 0.13281250000000006 0.3328125
1 0.275 0.3390625 0.2390625 0.3390625 0.23906250000000004 0.365625 0.2750000000000001 0.365625
1 0.36875 0.30781250000000004 0.3515625 0.3078125 0.3515625 0.3296875 0.36875 0.3296875000000001
1 0.41875 0.6671875 0.4046875 0.6671875 0.4046875 0.684375 0.41875 0.684375
1 0.4203125000000002 0.7453125 0.4078125000000002 0.7453125 0.4078125000000002 0.775 0.4203125000000002 0.775
1 0.07031250000000003 0.10625 0.05468750000000002 0.10625 0.05468750000000002 0.1359375 0.07031250000000003 0.1359375
1 0.07343750000000002 0.1453125 0.05468750000000002 0.1453125 0.05468750000000002 0.1703125 0.07343750000000002 0.1703125
1 0.1937500000000001 0.565625 0.18125000000000008 0.565625 0.18125000000000008 0.5875 0.1937500000000001 0.5875
1 0.2078125000000001 0.559375 0.19687500000000008 0.559375 0.19687500000000008 0.5921875 0.2078125000000001 0.5921875
1 0.26250000000000007 0.5625 0.2375000000000001 0.5625 0.2375000000000001 0.5953125 0.26250000000000007 0.5953125
1 0.2765625000000001 0.5609375 0.2593750000000001 0.5609375 0.2593750000000001 0.5921875 0.2765625000000001 0.5921875
1 0.3515625000000001 0.5609375 0.3156250000000001 0.5609375 0.3156250000000001 0.5890625 0.3515625000000001 0.5890625
1 0.3812500000000001 0.55625 0.35625000000000007 0.55625 0.35625000000000007 0.59375 0.3812500000000001 0.59375