0 0.1984375000000001 0.55 0.11250000000000009 0.55 0.11250000000000009 0.6671875 0.1984375000000001 0.6671875
0 0.6078125 0.5515625 0.23593750000000008 0.5515625 0.23593750000000008 0.659375 0.6078125 0.659375
0 0.665625 0.37187500000000007 0.60625 0.37187500000000007 0.60625 0.5015625 0.665625 0.5015625
0 0.9515625 0.5453125000000002 0.8125 0.5453125000000002 0.8125 0.6593750000000002 0.9515625 0.6593750000000002
1 0.646875 0.2906250000000001 0.6078125 0.2906250000000001 0.6078125 0.31718750000000007 0.646875 0.31718750000000007
1 0.65 0.2593750000000001 0.6046875 0.2593750000000001 0.6046875 0.2984375000000001 0.65 0.2984375000000001
1 0.6453125 0.2171875000000001 0.6078125 0.2171875000000001 0.6078125 0.2578125000000001 0.6453125 0.2578125000000001
1 0.65 0.1906250000000001 0.60625 0.1906250000000001 0.60625 0.2296875000000001 0.65 0.2296875000000001
1 0.421875 0.559375 0.3968750000000001 0.559375 0.3968750000000001 0.615625 0.421875 0.615625
1 0.15625000000000008 0.559375 0.13281250000000008 0.559375 0.13281250000000008 0.6125 0.15625000000000008 0.6125
1 0.1843750000000001 0.5578125 0.15781250000000008 0.5578125 0.15781250000000008 0.615625 0.1843750000000001 0.615625
1 0.44375 0.559375 0.4171875 0.559375 0.4171875 0.6171875 0.44375 0.6171875
1 0.8765625 0.5562500000000001 0.8609375 0.5562500000000001 0.8609375 0.6203125000000002 0.8765625 0.6203125000000002
1 0.9 0.5609375000000002 0.8796875 0.5609375000000002 0.8796875 0.6171875000000002 0.9 0.6171875000000002