0 0.8125 0.12187500000000007 0.41875 0.12187500000000004 0.41875 0.2640625000000001 0.8125 0.2640625000000001
0 0.8109375 0.6171875000000001 0.1828125000000001 0.6171875 0.1828125000000001 0.9078125 0.8109375 0.9078125
0 0.8140625 0.6171875000000001 0.2875000000000001 0.6171875 0.2875000000000001 0.784375 0.8140625 0.7843750000000002
0 0.959375 0.2609375000000001 0.8125 0.2609375000000001 0.8125 0.7031250000000002 0.959375 0.7031250000000002
1 0.5234375 0.6671875 0.5015625 0.6671875 0.5015625 0.71875 0.5234375 0.71875
1 0.5484375 0.66875 0.5265625 0.66875 0.5265625 0.7171875 0.5484375 0.7171875
1 0.46875000000000017 0.8 0.4468750000000002 0.8 0.4468750000000002 0.834375 0.46875000000000017 0.834375
1 0.4968750000000002 0.79375 0.4703125000000002 0.79375 0.4703125000000002 0.8328125 0.4968750000000002 0.8328125
1 0.609375 0.10937500000000008 0.590625 0.10937500000000008 0.590625 0.1531250000000001 0.609375 0.1531250000000001
1 0.6359375 0.11093750000000009 0.6125 0.11093750000000009 0.6125 0.1531250000000001 0.6359375 0.1531250000000001
1 0.9375 0.2718750000000001 0.9140625 0.2718750000000001 0.9140625 0.48437500000000017 0.9375 0.48437500000000017