0 0.4640625 0.4484375 0.4203125 0.4484375 0.4203125 0.5421875 0.4640625 0.5421875
0 0.3390625000000001 0.465625 0.2718750000000001 0.465625 0.2718750000000001 0.5375 0.3390625000000001 0.5375
0 0.7984375 0.4671875000000001 0.5875 0.4671875 0.5875 0.5421875 0.7984375 0.5421875000000002
0 0.80625 0.39531250000000007 0.76875 0.39531250000000007 0.76875 0.5500000000000002 0.80625 0.5500000000000002
0 0.621875 0.403125 0.5828125 0.403125 0.5828125 0.540625 0.621875 0.540625
1 0.27031250000000007 0.7265625 0.2609375000000001 0.7265625 0.2609375000000001 0.7453125 0.27031250000000007 0.7453125
1 0.2828125000000001 0.7234375 0.2718750000000001 0.7234375 0.2718750000000001 0.7453125 0.2828125000000001 0.7453125
1 0.27812500000000007 0.79375 0.2718750000000001 0.79375 0.2718750000000001 0.815625 0.27812500000000007 0.815625
1 0.28593750000000007 0.796875 0.2765625000000001 0.796875 0.2765625000000001 0.8171875 0.28593750000000007 0.8171875
1 0.2718750000000001 0.8296875 0.2640625000000001 0.8296875 0.2640625000000001 0.853125 0.2718750000000001 0.853125
1 0.2796875000000001 0.83125 0.2718750000000001 0.83125 0.2718750000000001 0.853125 0.2796875000000001 0.853125
1 0.27031250000000007 0.865625 0.26250000000000007 0.865625 0.26250000000000007 0.8890625 0.27031250000000007 0.8890625
1 0.2765625000000001 0.8671875 0.27031250000000007 0.8671875 0.27031250000000007 0.8890625 0.2765625000000001 0.8890625
1 0.3531250000000001 0.7234375 0.34062500000000007 0.7234375 0.34062500000000007 0.7453125 0.3531250000000001 0.7453125
1 0.3421875000000001 0.759375 0.3343750000000001 0.759375 0.3343750000000001 0.7828125 0.3421875000000001 0.7828125
1 0.3546875000000001 0.759375 0.3453125000000001 0.759375 0.3453125000000001 0.78125 0.3546875000000001 0.78125
1 0.3515625000000001 0.79375 0.3453125000000001 0.79375 0.3453125000000001 0.815625 0.3515625000000001 0.815625
1 0.3609375000000001 0.79375 0.3515625000000001 0.79375 0.3515625000000001 0.8140625 0.3609375000000001 0.8140625
1 0.3468750000000001 0.8328125 0.3375000000000001 0.8328125 0.3375000000000001 0.85 0.3468750000000001 0.85
1 0.3546875000000001 0.83125 0.3453125000000001 0.83125 0.3453125000000001 0.85 0.3546875000000001 0.85
1 0.3437500000000001 0.86875 0.3359375000000001 0.86875 0.3359375000000001 0.8875 0.3437500000000001 0.8875
1 0.3531250000000001 0.865625 0.3421875000000001 0.865625 0.3421875000000001 0.8875 0.3531250000000001 0.8875
1 0.3578125000000001 0.6890625 0.34843750000000007 0.6890625 0.34843750000000007 0.7125 0.3578125000000001 0.7125
1 0.2765625000000001 0.690625 0.2687500000000001 0.690625 0.2687500000000001 0.7078125 0.2765625000000001 0.7078125
1 0.2875000000000001 0.690625 0.2796875000000001 0.690625 0.2796875000000001 0.709375 0.2875000000000001 0.709375
1 0.425 0.6890625 0.415625 0.6890625 0.415625 0.709375 0.425 0.709375
1 0.4375 0.6890625 0.428125 0.6890625 0.428125 0.7109375 0.4375 0.7109375
1 0.4234375000000001 0.725 0.415625 0.725 0.4156250000000001 0.74375 0.4234375000000002 0.74375
1 0.42187500000000017 0.759375 0.4125000000000002 0.759375 0.4125000000000002 0.78125 0.42187500000000017 0.78125
1 0.4265625000000002 0.7953125 0.4187500000000002 0.7953125 0.4187500000000002 0.81875 0.4265625000000002 0.81875
1 0.4359375000000002 0.7953125 0.42500000000000016 0.7953125 0.42500000000000016 0.8171875 0.4359375000000002 0.8171875
1 0.4203125000000002 0.83125 0.4125000000000002 0.83125 0.4125000000000002 0.85 0.4203125000000002 0.85
1 0.42968750000000017 0.83125 0.4203125000000002 0.83125 0.4203125000000002 0.8515625 0.42968750000000017 0.8515625
1 0.4265625000000002 0.865625 0.41718750000000016 0.865625 0.41718750000000016 0.8890625 0.4265625000000002 0.8890625
1 0.41718750000000016 0.865625 0.4125000000000002 0.865625 0.4125000000000002 0.8875 0.41718750000000016 0.8875
1 0.4937500000000001 0.7234375 0.484375 0.7234375 0.4843750000000001 0.746875 0.4937500000000002 0.746875
1 0.5031250000000002 0.7265625 0.4968750000000002 0.7265625 0.4968750000000002 0.7453125 0.5031250000000002 0.7453125
1 0.49218750000000017 0.759375 0.4828125000000002 0.759375 0.4828125000000002 0.78125 0.49218750000000017 0.78125
1 0.5015625000000001 0.759375 0.49218750000000017 0.759375 0.49218750000000017 0.7796875 0.5015625000000001 0.7796875
1 0.5000000000000002 0.7953125 0.4937500000000002 0.7953125 0.4937500000000002 0.815625 0.5000000000000002 0.815625
1 0.5109375000000002 0.7953125 0.5015625000000001 0.7953125 0.5015625000000001 0.815625 0.5109375000000002 0.815625
1 0.4937500000000002 0.828125 0.4859375000000002 0.828125 0.4859375000000002 0.8515625 0.4937500000000002 0.8515625
1 0.5046875000000002 0.8296875 0.4937500000000002 0.8296875 0.4937500000000002 0.8515625 0.5046875000000002 0.8515625
1 0.4906250000000002 0.865625 0.48437500000000017 0.865625 0.48437500000000017 0.8890625 0.4906250000000002 0.8890625
1 0.5015625000000001 0.865625 0.49218750000000017 0.865625 0.49218750000000017 0.890625 0.5015625000000001 0.890625
1 0.5640625000000001 0.8671875 0.5609375000000002 0.8671875 0.5609375000000002 0.8890625 0.5640625000000001 0.8890625
1 0.5750000000000002 0.8640625 0.5656250000000002 0.8640625 0.5656250000000002 0.8875 0.5750000000000002 0.8875
1 0.5687500000000002 0.828125 0.5593750000000002 0.828125 0.5593750000000002 0.8515625 0.5687500000000002 0.8515625
1 0.5765625000000002 0.83125 0.5703125000000002 0.83125 0.5703125000000002 0.85 0.5765625000000002 0.85
1 0.5750000000000002 0.7953125 0.5656250000000002 0.7953125 0.5656250000000002 0.8171875 0.5750000000000002 0.8171875
1 0.5843750000000002 0.79375 0.5750000000000002 0.79375 0.5750000000000002 0.815625 0.5843750000000002 0.815625
1 0.5640625000000001 0.7609375 0.5578125000000002 0.7609375 0.5578125000000002 0.784375 0.5640625000000001 0.784375
1 0.5765625000000002 0.7609375 0.5687500000000002 0.7609375 0.5687500000000002 0.7828125 0.5765625000000002 0.7828125
1 0.5734375 0.7234375 0.5625 0.7234375 0.5625000000000001 0.7453125 0.5734375000000002 0.7453125
1 0.5046875 0.6875 0.496875 0.6875 0.496875 0.7109375 0.5046875 0.7109375
1 0.5796875 0.690625 0.56875 0.690625 0.56875 0.7125 0.5796875 0.7125
1 0.653125 0.6875 0.64375 0.6875 0.64375 0.7109375 0.653125 0.7109375
1 0.6468750000000001 0.725 0.6375 0.725 0.6375000000000001 0.7453125 0.6468750000000002 0.7453125
1 0.6437500000000002 0.759375 0.6359375000000002 0.759375 0.6359375000000002 0.7796875 0.6437500000000002 0.7796875
1 0.6484375000000002 0.7953125 0.6406250000000002 0.7953125 0.6406250000000002 0.815625 0.6484375000000002 0.815625
1 0.6578125000000001 0.7953125 0.6500000000000001 0.7953125 0.6500000000000001 0.8171875 0.6578125000000001 0.8171875
1 0.6421875000000001 0.83125 0.6343750000000001 0.83125 0.6343750000000001 0.8515625 0.6421875000000001 0.8515625
1 0.6500000000000001 0.8296875 0.6421875000000001 0.8296875 0.6421875000000001 0.85 0.6500000000000001 0.85
1 0.6406250000000002 0.8640625 0.6328125000000002 0.8640625 0.6328125000000002 0.8890625 0.6406250000000002 0.8890625
1 0.6484375000000002 0.865625 0.6390625000000002 0.865625 0.6390625000000002 0.8875 0.6484375000000002 0.8875
1 0.728125 0.6890625000000001 0.71875 0.6890625 0.71875 0.7093750000000001 0.728125 0.7093750000000002
1 0.7156250000000001 0.725 0.709375 0.725 0.7093750000000001 0.7453125 0.7156250000000002 0.7453125
1 0.7265625000000001 0.7234375000000001 0.715625 0.7234375 0.7156250000000001 0.7437500000000001 0.7265625000000002 0.7437500000000001
1 0.7203125000000001 0.759375 0.7093750000000002 0.759375 0.7093750000000002 0.7828125 0.7203125000000001 0.7828125
1 0.7234375000000002 0.7953125 0.7140625000000002 0.7953125 0.7140625000000002 0.815625 0.7234375000000002 0.815625
1 0.7312500000000002 0.7937500000000001 0.7218750000000002 0.79375 0.7218750000000002 0.815625 0.7312500000000002 0.815625
1 0.7156250000000002 0.8328125 0.7078125000000002 0.8328125 0.7078125000000002 0.8515625 0.7156250000000002 0.8515625
1 0.7234375000000002 0.83125 0.7171875000000002 0.83125 0.7171875000000002 0.8515625 0.7234375000000002 0.8515625
1 0.7140625000000002 0.8671875 0.7062500000000002 0.8671875 0.7062500000000002 0.8890625 0.7140625000000002 0.8890625
1 0.7218750000000002 0.865625 0.7140625000000002 0.865625 0.7140625000000002 0.8875 0.7218750000000002 0.8875
1 0.803125 0.6890625000000001 0.79375 0.6890625000000001 0.79375 0.7109375000000002 0.803125 0.7109375000000002
1 0.7906250000000001 0.7250000000000002 0.7828125 0.7250000000000002 0.7828125000000001 0.7468750000000002 0.7906250000000001 0.7468750000000002
1 0.7984375000000001 0.7250000000000002 0.7921875 0.7250000000000002 0.7921875 0.7484375000000002 0.7984375000000001 0.7484375000000002
1 0.7875000000000002 0.7593750000000001 0.7781250000000002 0.7593750000000001 0.7781250000000002 0.7828125000000001 0.7875000000000002 0.7828125000000001
1 0.7984375000000001 0.7578125000000002 0.7890625000000002 0.7578125000000002 0.7890625000000002 0.7796875000000002 0.7984375000000001 0.7796875000000002
1 0.7968750000000002 0.7968750000000002 0.7875000000000002 0.7968750000000002 0.7875000000000002 0.815625 0.7968750000000002 0.815625
1 0.80625 0.7953125000000002 0.7953125000000002 0.7953125000000002 0.7953125000000002 0.815625 0.80625 0.815625
1 0.7906250000000001 0.83125 0.7828125000000001 0.83125 0.7828125000000001 0.85 0.7906250000000001 0.85
1 0.7968750000000002 0.8296875 0.7906250000000001 0.8296875 0.7906250000000001 0.85 0.7968750000000002 0.85
1 0.7890625000000002 0.8671875 0.7812500000000002 0.8671875 0.7812500000000002 0.8875 0.7890625000000002 0.8875
1 0.7968750000000002 0.865625 0.7890625000000002 0.865625 0.7890625000000002 0.8875 0.7968750000000002 0.8875
1 0.871875 0.6906250000000002 0.865625 0.6906250000000002 0.865625 0.7093750000000002 0.871875 0.7093750000000002
1 0.88125 0.6890625000000001 0.8703125 0.6890625000000001 0.8703125 0.7093750000000002 0.88125 0.7093750000000002
1 0.8640625 0.7234375000000002 0.8578125 0.7234375000000002 0.8578125 0.7437500000000001 0.8640625 0.7437500000000001
1 0.871875 0.7218750000000002 0.865625 0.7218750000000002 0.865625 0.7421875000000002 0.871875 0.7421875000000002
1 0.8671875 0.7609375000000002 0.85625 0.7609375000000002 0.85625 0.7796875000000002 0.8671875 0.7796875000000002
1 0.8703125 0.7953125000000002 0.8609375 0.7953125000000002 0.8609375 0.815625 0.8703125 0.815625
1 0.8796875 0.7921875000000002 0.871875 0.7921875000000002 0.871875 0.815625 0.8796875 0.815625
1 0.8640625 0.8296875 0.8578125 0.8296875 0.8578125 0.853125 0.8640625 0.853125
1 0.8734375 0.834375 0.8640625 0.834375 0.8640625 0.8515625 0.8734375 0.8515625
1 0.8640625 0.865625 0.85625 0.865625 0.85625 0.8875 0.8640625 0.8875
1 0.871875 0.8671875 0.8625 0.8671875 0.8625 0.8859375 0.871875 0.8859375
1 0.9359375 0.8671875 0.928125 0.8671875 0.928125 0.8875 0.9359375 0.8875
1 0.94375 0.865625 0.934375 0.865625 0.934375 0.8875 0.94375 0.8875
1 0.9390625 0.83125 0.93125 0.83125 0.93125 0.853125 0.9390625 0.853125
1 0.9453125 0.83125 0.9390625 0.83125 0.9390625 0.8515625 0.9453125 0.8515625
1 0.9453125 0.7953125000000002 0.9359375 0.7953125000000002 0.9359375 0.8171875 0.9453125 0.8171875
1 0.953125 0.7937500000000002 0.946875 0.7937500000000002 0.946875 0.81875 0.953125 0.81875
1 0.9359375 0.7609375000000002 0.9296875 0.7609375000000002 0.9296875 0.7812500000000002 0.9359375 0.7812500000000002
1 0.9453125 0.7593750000000001 0.9375 0.7593750000000001 0.9375 0.7828125000000001 0.9453125 0.7828125000000001
1 0.9390625 0.7265625000000002 0.93125 0.7265625000000002 0.93125 0.7468750000000002 0.9390625 0.7468750000000002
1 0.946875 0.7265625000000002 0.9375 0.7265625000000002 0.9375 0.7484375000000002 0.946875 0.7484375000000002
1 0.94375 0.6906250000000002 0.9375 0.6906250000000002 0.9375 0.7109375000000002 0.94375 0.7109375000000002
1 0.9546875 0.6890625000000001 0.9453125 0.6890625000000001 0.9453125 0.7093750000000002 0.9546875 0.7093750000000002