0 0.571875 0.4859375 0.3234375000000001 0.4859375 0.3234375000000001 0.5109375 0.571875 0.5109375
0 0.7453125 0.4906250000000001 0.6921875 0.490625 0.6921875 0.5078125000000001 0.7453125 0.5078125000000002
0 0.8328125 0.4968750000000002 0.771875 0.4968750000000002 0.771875 0.5109375000000002 0.8328125 0.5109375000000002
0 0.4390625 0.13125000000000003 0.3625 0.13125000000000003 0.3625 0.14375000000000004 0.4390625 0.14375000000000004
0 0.340625 0.13437500000000005 0.30625 0.13437500000000005 0.30625 0.15468750000000003 0.340625 0.15468750000000003
2 0.4265625 0.17812500000000003 0.3609375 0.17812500000000003 0.3609375 0.24375000000000005 0.4265625 0.24375000000000008
2 0.2968750000000001 0.4609375 0.2593750000000001 0.4609375 0.2593750000000001 0.5078125 0.2968750000000001 0.5078125
2 0.7671875 0.3781250000000001 0.7484375 0.3781250000000001 0.7484375 0.4234375000000002 0.7671875 0.4234375000000002
2 0.7875 0.4312500000000002 0.75 0.4312500000000002 0.75 0.4734375000000002 0.7875 0.4734375000000002
2 0.60625 0.2156250000000001 0.578125 0.2156250000000001 0.578125 0.2468750000000001 0.60625 0.2468750000000001
0 0.625 0.2515625000000001 0.6140625 0.2515625000000001 0.6140625 0.3375000000000001 0.625 0.3375000000000001
0 0.471875 0.4453125 0.3265625000000001 0.4453125 0.3265625000000001 0.4640625 0.471875 0.4640625
0 0.56875 0.4453125 0.4796875 0.4453125 0.4796875 0.4640625 0.56875 0.4640625
0 0.23750000000000004 0.209375 0.228125 0.209375 0.22812500000000005 0.3734375 0.2375000000000001 0.3734375
0 0.27187500000000003 0.215625 0.2625 0.215625 0.26250000000000007 0.365625 0.2718750000000001 0.365625
0 0.4 0.4015625 0.3609375000000001 0.4015625 0.3609375000000001 0.4171875 0.4 0.4171875
0 0.32500000000000007 0.4015625 0.3062500000000001 0.4015625 0.3062500000000001 0.41875 0.32500000000000007 0.41875
0 0.428125 0.2515625000000001 0.41875 0.2515625000000001 0.41875 0.3281250000000001 0.428125 0.3281250000000001
2 0.465625 0.21093750000000008 0.43125 0.21093750000000008 0.43125 0.2453125000000001 0.465625 0.2453125000000001
1 0.19062500000000004 0.28125 0.16718750000000004 0.28125 0.16718750000000004 0.3265625 0.19062500000000004 0.3265625
1 0.2671875000000001 0.3765625 0.2406250000000001 0.3765625 0.2406250000000001 0.403125 0.2671875000000001 0.403125
1 0.609375 0.1921875000000001 0.584375 0.1921875000000001 0.584375 0.2234375000000001 0.609375 0.2234375000000001
1 0.7953125 0.3984375000000001 0.7734375 0.3984375000000001 0.7734375 0.43281250000000016 0.7953125 0.43281250000000016
1 0.75 0.3781250000000001 0.728125 0.3781250000000001 0.728125 0.40625000000000017 0.75 0.40625000000000017
0 0.3984375000000001 0.7375 0.3531250000000001 0.7375 0.3531250000000001 0.759375 0.3984375000000001 0.759375
0 0.4984375000000002 0.7390625 0.42968750000000017 0.7390625 0.42968750000000017 0.75625 0.4984375000000002 0.75625