1 0.2984375 0.08750000000000004 0.21875 0.08750000000000002 0.21875 0.11875000000000005 0.2984375 0.11875000000000005
2 0.4359375 0.18281250000000004 0.3484375 0.18281250000000004 0.3484375 0.25781250000000006 0.4359375 0.2578125000000001
1 0.3828125 0.15312500000000004 0.3546875 0.15312500000000004 0.3546875 0.17656250000000004 0.3828125 0.17656250000000004
1 0.4296875 0.15156250000000004 0.4015625 0.15156250000000004 0.4015625 0.18593750000000003 0.4296875 0.18593750000000003
1 0.58125 0.2171875000000001 0.54375 0.2171875000000001 0.54375 0.2468750000000001 0.58125 0.2468750000000001
1 0.3140625 0.2078125 0.2796875 0.2078125 0.2796875 0.234375 0.3140625 0.234375
1 0.2531250000000001 0.428125 0.2375000000000001 0.428125 0.2375000000000001 0.4734375 0.2531250000000001 0.4734375
0 0.6109375 0.2765625000000001 0.6015625 0.2765625000000001 0.6015625 0.35625000000000007 0.6109375 0.35625000000000007
0 0.50625 0.421875 0.4609375 0.421875 0.4609375 0.43125 0.50625 0.43125
0 0.515625 0.5546875 0.2218750000000001 0.5546875 0.2218750000000001 0.5671875 0.515625 0.5671875
0 0.55 0.625 0.2218750000000001 0.625 0.2218750000000001 0.634375 0.55 0.634375
0 0.17187500000000008 0.625 0.1390625000000001 0.625 0.1390625000000001 0.634375 0.17187500000000008 0.634375
0 0.4390625 0.490625 0.22031250000000008 0.490625 0.22031250000000008 0.4984375 0.4390625 0.4984375
0 0.5375 0.4234375 0.5265625 0.4234375 0.5265625 0.43125 0.5375 0.43125
0 0.12968750000000004 0.25 0.12187500000000004 0.25 0.12187500000000004 0.3765625 0.12968750000000004 0.3765625
0 0.8203125 0.46562500000000007 0.725 0.465625 0.725 0.4750000000000001 0.8203125 0.4750000000000002
0 0.8765625 0.2296875000000001 0.865625 0.2296875000000001 0.865625 0.3984375000000001 0.8765625 0.3984375000000001
1 0.7921875 0.5375000000000002 0.7453125 0.5375000000000002 0.7453125 0.5765625000000002 0.7921875 0.5765625000000002
0 0.228125 0.15156250000000002 0.153125 0.1515625 0.153125 0.2234375 0.228125 0.2234375
0 0.8046875 0.8828125 0.6578125000000001 0.8828125 0.6578125000000001 0.8984375 0.8046875 0.8984375
0 0.8453125 0.91875 0.8359375 0.91875 0.8359375 0.9796875 0.8453125 0.9796875
2 0.2171875000000001 0.8609375 0.17343750000000008 0.8609375 0.17343750000000008 0.903125 0.2171875000000001 0.903125
2 0.3218750000000001 0.9046875 0.2875000000000001 0.9046875 0.2875000000000001 0.940625 0.3218750000000001 0.940625
2 0.7468750000000002 0.9078125 0.6953125000000002 0.9078125 0.6953125000000002 0.965625 0.7468750000000002 0.965625
2 0.5875 0.2484375000000001 0.559375 0.2484375000000001 0.559375 0.2750000000000001 0.5875 0.2750000000000001
2 0.3296875 0.225 0.2921875 0.225 0.2921875 0.2625 0.3296875 0.2625
2 0.26250000000000007 0.36875 0.2234375000000001 0.36875 0.2234375000000001 0.415625 0.26250000000000007 0.415625
2 0.2375000000000001 0.4296875 0.22031250000000008 0.4296875 0.22031250000000008 0.4703125 0.2375000000000001 0.4703125
0 0.3453125 0.2703125 0.3375 0.2703125 0.3375 0.3578125 0.3453125 0.3578125