0 0.421875 0.6375 0.1453125000000001 0.6375 0.1453125000000001 0.6515625 0.421875 0.6515625
0 0.18906250000000008 0.4375 0.17656250000000004 0.4375 0.17656250000000007 0.546875 0.18906250000000008 0.546875
0 0.421875 0.5921875 0.24375000000000008 0.5921875 0.24375000000000008 0.603125 0.421875 0.603125
0 0.4671875 0.4328125 0.453125 0.4328125 0.453125 0.54375 0.4671875 0.54375
0 0.6390625 0.6203125 0.5390625 0.6203125 0.5390625 0.6359375 0.6390625 0.6359375
0 0.6859375 0.40625 0.678125 0.40625 0.678125 0.571875 0.6859375 0.571875
0 0.8296875 0.6625000000000002 0.775 0.6625000000000002 0.775 0.6718750000000002 0.8296875 0.6718750000000002
0 0.890625 0.6046875000000002 0.7953125 0.6046875000000002 0.7953125 0.6156250000000002 0.890625 0.6156250000000002
1 0.19531250000000006 0.315625 0.13750000000000004 0.315625 0.13750000000000004 0.3421875 0.19531250000000006 0.3421875
1 0.1687500000000001 0.6859375 0.1359375000000001 0.6859375 0.1359375000000001 0.7140625 0.1687500000000001 0.7140625
1 0.59375 0.6 0.5828125 0.6 0.5828125 0.625 0.59375 0.625
1 0.88125 0.5750000000000002 0.8546875 0.5750000000000002 0.8546875 0.6031250000000001 0.88125 0.6031250000000001
1 0.8078125 0.6421875000000001 0.7921875 0.6421875000000001 0.7921875 0.6656250000000001 0.8078125 0.6656250000000001
1 0.459375 0.4734375 0.4421875 0.4734375 0.4421875 0.496875 0.459375 0.496875
1 0.3390625000000001 0.5703125 0.32500000000000007 0.5703125 0.32500000000000007 0.5921875 0.3390625000000001 0.5921875
1 0.2890625000000001 0.615625 0.2765625000000001 0.615625 0.2765625000000001 0.6359375 0.2890625000000001 0.6359375
1 0.18281250000000004 0.4625 0.16250000000000003 0.4625 0.16250000000000003 0.4828125 0.18281250000000004 0.4828125