0 0.7984375 0.3453125000000001 0.7484375 0.3453125000000001 0.7484375 0.7093750000000002 0.7984375 0.7093750000000002
0 0.7515625000000001 0.7031250000000001 0.5328125 0.703125 0.5328125000000001 0.7656250000000001 0.7515625000000001 0.7656250000000002
0 0.48125000000000007 0.70625 0.37187500000000007 0.70625 0.37187500000000007 0.76875 0.4812500000000002 0.76875
0 0.534375 0.20312500000000008 0.365625 0.20312500000000008 0.365625 0.3437500000000001 0.534375 0.3437500000000001
0 0.3687500000000001 0.5171875 0.26250000000000007 0.5171875 0.26250000000000007 0.7171875 0.3687500000000001 0.7171875
1 0.7921875 0.5125000000000002 0.7765625 0.5125000000000002 0.7765625 0.5296875000000002 0.7921875 0.5296875000000002
1 0.6484375000000001 0.7234375 0.6359375 0.7234375 0.6359375 0.75625 0.6484375000000002 0.75625
1 0.5234375 0.2234375000000001 0.509375 0.2234375000000001 0.509375 0.2515625000000001 0.5234375 0.2515625000000001
2 0.53125 0.2234375000000001 0.5234375 0.2234375000000001 0.5234375 0.23593750000000008 0.53125 0.23593750000000008
1 0.4796875 0.2250000000000001 0.4671875 0.2250000000000001 0.4671875 0.25468750000000007 0.4796875 0.25468750000000007
2 0.4890625 0.2234375000000001 0.48125 0.2234375000000001 0.48125 0.2375000000000001 0.4890625 0.2375000000000001
1 0.4640625 0.2234375000000001 0.4578125 0.2234375000000001 0.4578125 0.2515625000000001 0.4640625 0.2515625000000001
1 0.5078125 0.2234375000000001 0.496875 0.2234375000000001 0.496875 0.2515625000000001 0.5078125 0.2515625000000001
2 0.3359375000000001 0.590625 0.3218750000000001 0.590625 0.3218750000000001 0.6171875 0.3359375000000001 0.6171875
1 0.3468750000000001 0.5890625 0.3375000000000001 0.5890625 0.3375000000000001 0.61875 0.3468750000000001 0.61875
1 0.3593750000000001 0.5890625 0.3500000000000001 0.5890625 0.3500000000000001 0.6140625 0.3593750000000001 0.6140625
2 0.3687500000000001 0.5859375 0.3609375000000001 0.5859375 0.3609375000000001 0.5984375 0.3687500000000001 0.5984375
1 0.3125000000000001 0.5859375 0.3000000000000001 0.5859375 0.3000000000000001 0.615625 0.3125000000000001 0.615625
2 0.3203125000000001 0.5875 0.3125000000000001 0.5875 0.3125000000000001 0.6 0.3203125000000001 0.6
1 0.3000000000000001 0.5859375 0.2890625000000001 0.5859375 0.2890625000000001 0.6140625 0.3000000000000001 0.6140625