0 0.3546875000000001 0.41875 0.20312500000000008 0.41875 0.20312500000000008 0.55 0.3546875000000001 0.55
0 0.8 0.4843750000000001 0.19218750000000004 0.484375 0.19218750000000007 0.6734375000000001 0.8 0.6734375000000001
0 0.3578125000000001 0.4828125 0.19218750000000004 0.4828125 0.19218750000000007 0.5546875 0.3578125000000001 0.5546875
0 0.16562500000000008 0.48125 0.03593750000000005 0.48125 0.03593750000000006 0.553125 0.16562500000000008 0.553125
0 0.8375 0.2296875000000001 0.775 0.2296875000000001 0.775 0.40156250000000016 0.8375 0.40156250000000016
0 0.771875 0.41093750000000007 0.4359375 0.4109375 0.4359375 0.6078125000000001 0.771875 0.6078125000000002
0 0.7640625 0.4015625000000001 0.6625 0.4015625 0.6625 0.5312500000000001 0.7640625 0.5312500000000002
0 0.796875 0.4000000000000002 0.7609375 0.4000000000000002 0.7609375 0.6718750000000002 0.796875 0.6718750000000002
0 0.290625 0.2171875 0.2734375 0.2171875 0.27343750000000006 0.40625 0.2906250000000001 0.40625
0 0.4 0.22812500000000008 0.3859375 0.22812500000000008 0.38593750000000004 0.39531250000000007 0.4 0.39531250000000007
0 0.10000000000000002 0.07968750000000001 0.03750000000000001 0.0796875 0.03750000000000002 0.215625 0.10000000000000005 0.215625
0 0.04218750000000004 0.2375 0.0015625000000000291 0.2375 0.0015625000000000374 0.3765625 0.042187500000000044 0.3765625
0 0.9875 0.6546875000000002 0.9015625 0.6546875000000002 0.9015625 0.7046875000000001 0.9875 0.7046875000000001
0 0.9046875 0.6937500000000002 0.78125 0.6937500000000002 0.7812500000000001 0.81875 0.9046875 0.81875
0 0.98125 0.81875 0.9171875 0.81875 0.9171875 0.9328125 0.98125 0.9328125
2 0.2734375 0.30625 0.253125 0.30625 0.253125 0.3359375 0.2734375 0.3359375
1 0.075 0.053125 0.0578125 0.053125 0.0578125 0.0828125 0.075 0.0828125
1 0.0875 0.0578125 0.0734375 0.0578125 0.0734375 0.0859375 0.0875 0.0859375
2 0.096875 0.06093750000000001 0.0875 0.0609375 0.0875 0.07500000000000001 0.096875 0.07500000000000002
2 0.3859375 0.3140625000000001 0.3640625 0.3140625000000001 0.3640625 0.34062500000000007 0.3859375 0.34062500000000007
1 0.825 0.2828125000000001 0.7984375 0.2828125000000001 0.7984375 0.2984375000000001 0.825 0.2984375000000001
1 0.821875 0.2593750000000001 0.7953125 0.2593750000000001 0.7953125 0.2828125000000001 0.821875 0.2828125000000001
1 0.6875 0.4703125 0.6734375 0.4703125 0.6734375 0.509375 0.6875 0.509375
1 0.7 0.4703125 0.6859375 0.4703125 0.6859375 0.5046875 0.7 0.5046875
1 0.7203125 0.4671875 0.709375 0.4671875 0.709375 0.5046875 0.7203125 0.5046875
1 0.73125 0.4687500000000001 0.71875 0.46875 0.71875 0.5046875000000001 0.73125 0.5046875000000002
1 0.6078125 0.5421875 0.5953125 0.5421875 0.5953125 0.5796875 0.6078125 0.5796875
1 0.6203125 0.5421875 0.60625 0.5421875 0.60625 0.5796875 0.6203125 0.5796875
1 0.4875 0.6140625 0.4734375 0.6140625 0.4734375 0.65 0.4875 0.65
1 0.4984375 0.6125 0.4859375 0.6125 0.4859375 0.65 0.4984375 0.65
1 0.3828125 0.3000000000000001 0.3640625 0.3000000000000001 0.3640625 0.3125000000000001 0.3828125 0.3125000000000001
1 0.3859375 0.2765625000000001 0.365625 0.2765625000000001 0.365625 0.3000000000000001 0.3859375 0.3000000000000001
1 0.2734375 0.28125 0.2515625 0.28125 0.2515625 0.3015625 0.2734375 0.3015625
1 0.10625000000000004 0.4859375 0.09687500000000007 0.4859375 0.09687500000000007 0.525 0.10625000000000004 0.525
1 0.11562500000000005 0.484375 0.10468750000000004 0.484375 0.10468750000000004 0.5265625 0.11562500000000005 0.5265625
1 0.2765625000000001 0.4875 0.2578125000000001 0.4875 0.2578125000000001 0.5296875 0.2765625000000001 0.5296875
1 0.2906250000000001 0.490625 0.2734375000000001 0.490625 0.2734375000000001 0.528125 0.2906250000000001 0.528125
1 0.9484375 0.5515625000000002 0.9265625 0.5515625000000002 0.9265625 0.6203125000000002 0.9484375 0.6203125000000002
1 0.971875 0.5546875000000002 0.959375 0.5546875000000002 0.959375 0.6187500000000001 0.971875 0.6187500000000001
1 0.9578125 0.5953125000000001 0.95 0.5953125000000001 0.95 0.6062500000000002 0.9578125 0.6062500000000002
1 0.9578125 0.5687500000000002 0.9515625 0.5687500000000002 0.9515625 0.5906250000000002 0.9578125 0.5906250000000002
2 0.7859375000000002 0.7687500000000002 0.7625000000000002 0.7687500000000002 0.7625000000000002 0.7953125000000002 0.7859375000000002 0.7953125000000002
1 0.7859375000000002 0.7562500000000002 0.7640625000000002 0.7562500000000002 0.7640625000000002 0.7703125000000002 0.7859375000000002 0.7703125000000002
1 0.7875000000000002 0.7453125000000002 0.7625000000000002 0.7453125000000002 0.7625000000000002 0.7578125000000002 0.7875000000000002 0.7578125000000002
1 0.7859375000000001 0.7218750000000002 0.7640625 0.7218750000000002 0.7640625000000001 0.7421875000000002 0.7859375000000002 0.7421875000000002