0 0.815625 0.23593750000000008 0.65 0.23593750000000008 0.65 0.2812500000000001 0.815625 0.2812500000000001
0 0.6 0.21093750000000008 0.4359375 0.21093750000000008 0.4359375 0.2765625000000001 0.6 0.2765625000000001
0 0.4421875 0.23281250000000003 0.3421875 0.2328125 0.3421875 0.275 0.4421875 0.2750000000000001
0 0.34375 0.03281250000000004 0.325 0.03281250000000004 0.325 0.13125000000000003 0.34375 0.13125000000000003
2 0.325 0.08125000000000004 0.3078125 0.08125000000000004 0.3078125 0.10625000000000004 0.325 0.10625000000000004
1 0.325 0.06562500000000004 0.30625 0.06562500000000004 0.30625 0.08593750000000004 0.325 0.08593750000000004
1 0.3265625 0.057812500000000044 0.30625 0.057812500000000044 0.30625 0.07343750000000004 0.3265625 0.07343750000000004
1 0.39375 0.2328125000000001 0.3796875 0.2328125000000001 0.3796875 0.2578125000000001 0.39375 0.2578125000000001
1 0.4046875 0.2296875000000001 0.3921875 0.2296875000000001 0.3921875 0.2593750000000001 0.4046875 0.2593750000000001
1 0.515625 0.2312500000000001 0.50625 0.2312500000000001 0.50625 0.2562500000000001 0.515625 0.2562500000000001
1 0.528125 0.2328125000000001 0.515625 0.2328125000000001 0.515625 0.2578125000000001 0.528125 0.2578125000000001
1 0.7328125 0.2312500000000001 0.7234375 0.2312500000000001 0.7234375 0.2609375000000001 0.7328125 0.2609375000000001
1 0.740625 0.2312500000000001 0.7296875 0.2312500000000001 0.7296875 0.2593750000000001 0.740625 0.2593750000000001
0 0.3343750000000001 0.3765625 0.3046875000000001 0.3765625 0.3046875000000001 0.4734375 0.3343750000000001 0.4734375
0 0.3968750000000001 0.4734375 0.33281250000000007 0.4734375 0.33281250000000007 0.534375 0.3968750000000001 0.534375
0 0.559375 0.4703125 0.3937500000000001 0.4703125 0.3937500000000001 0.534375 0.559375 0.534375
0 0.6484375 0.3781250000000001 0.5953125 0.3781250000000001 0.5953125 0.528125 0.6484375 0.528125
0 0.65 0.4078125 0.61875 0.4078125 0.61875 0.5015625 0.65 0.5015625
0 0.7015625 0.5265625 0.6484375 0.5265625 0.6484375 0.5796875 0.7015625 0.5796875
0 0.8171875 0.5281250000000002 0.7265625 0.5281250000000002 0.7265625 0.5765625000000002 0.8171875 0.5765625000000002
0 0.8203125 0.5156250000000002 0.7875 0.5156250000000002 0.7875 0.5812500000000002 0.8203125 0.5812500000000002
0 0.7546875 0.5093750000000001 0.725 0.509375 0.725 0.5703125000000001 0.7546875 0.5703125000000002
1 0.5671875 0.3265625000000001 0.55625 0.3265625000000001 0.55625 0.3578125000000001 0.5671875 0.3578125000000001
1 0.578125 0.3312500000000001 0.5640625 0.3312500000000001 0.5640625 0.35625000000000007 0.578125 0.35625000000000007
1 0.53125 0.3281250000000001 0.521875 0.3281250000000001 0.521875 0.35625000000000007 0.53125 0.35625000000000007
1 0.5390625 0.3312500000000001 0.53125 0.3312500000000001 0.53125 0.3578125000000001 0.5390625 0.3578125000000001
1 0.5484375 0.3296875000000001 0.5375 0.3296875000000001 0.5375 0.3578125000000001 0.5484375 0.3578125000000001
1 0.5125 0.3265625000000001 0.5015625 0.3265625000000001 0.5015625 0.3578125000000001 0.5125 0.3578125000000001
1 0.521875 0.3296875000000001 0.5125 0.3296875000000001 0.5125 0.3578125000000001 0.521875 0.3578125000000001
1 0.4265625 0.3296875000000001 0.415625 0.3296875000000001 0.415625 0.3578125000000001 0.4265625 0.3578125000000001
1 0.4359375 0.3281250000000001 0.425 0.3281250000000001 0.425 0.35625000000000007 0.4359375 0.35625000000000007
1 0.4453125 0.3296875000000001 0.434375 0.3296875000000001 0.434375 0.3578125000000001 0.4453125 0.3578125000000001
1 0.4546875 0.3296875000000001 0.44375 0.3296875000000001 0.44375 0.3546875000000001 0.4546875 0.3546875000000001
1 0.4015625 0.3296875000000001 0.3890625 0.3296875000000001 0.3890625 0.3578125000000001 0.4015625 0.3578125000000001
1 0.4125 0.3312500000000001 0.4 0.3312500000000001 0.4 0.35625000000000007 0.4125 0.35625000000000007
1 0.3125000000000001 0.4140625 0.29375000000000007 0.4140625 0.29375000000000007 0.4328125 0.3125000000000001 0.4328125
1 0.30937500000000007 0.403125 0.2921875000000001 0.403125 0.2921875000000001 0.4171875 0.30937500000000007 0.4171875
1 0.3671875000000001 0.484375 0.3546875000000001 0.484375 0.3546875000000001 0.5140625 0.3671875000000001 0.5140625
1 0.3781250000000001 0.4875 0.36406250000000007 0.4875 0.36406250000000007 0.515625 0.3781250000000001 0.515625
1 0.4796875 0.4859375 0.4671875 0.4859375 0.4671875 0.515625 0.4796875 0.515625
1 0.4890625 0.4875 0.478125 0.4875 0.478125 0.515625 0.4890625 0.515625
1 0.5953125 0.4515625 0.578125 0.4515625 0.578125 0.4671875 0.5953125 0.4671875
1 0.5953125 0.4375 0.5765625 0.4375 0.5765625 0.45 0.5953125 0.45
1 0.625 0.440625 0.6046875 0.440625 0.6046875 0.459375 0.625 0.459375
1 0.6234375 0.4265625 0.6078125 0.4265625 0.6078125 0.4453125 0.6234375 0.4453125
1 0.675 0.5359375 0.6671875 0.5359375 0.6671875 0.5609375 0.675 0.5609375
1 0.6828125 0.5359375 0.6734375 0.5359375 0.6734375 0.5609375 0.6828125 0.5609375
1 0.7734375 0.5343750000000002 0.759375 0.5343750000000002 0.759375 0.5593750000000002 0.7734375 0.5593750000000002
1 0.7828125 0.5359375000000002 0.771875 0.5359375000000002 0.771875 0.5593750000000002 0.7828125 0.5593750000000002
1 0.7015625 0.3343750000000001 0.690625 0.3343750000000001 0.690625 0.3609375000000001 0.7015625 0.3609375000000001
1 0.7125 0.3343750000000001 0.7 0.3343750000000001 0.7 0.3609375000000001 0.7125 0.3609375000000001
1 0.7234375 0.3359375000000001 0.7109375 0.3359375000000001 0.7109375 0.3609375000000001 0.7234375 0.3609375000000001
1 0.778125 0.3359375000000001 0.7671875 0.3359375000000001 0.7671875 0.3609375000000001 0.778125 0.3609375000000001
1 0.7875 0.3343750000000001 0.7765625 0.3343750000000001 0.7765625 0.3593750000000001 0.7875 0.3593750000000001
1 0.79375 0.3375000000000001 0.7859375 0.3375000000000001 0.7859375 0.3593750000000001 0.79375 0.3593750000000001
1 0.803125 0.3343750000000001 0.790625 0.3343750000000001 0.790625 0.3609375000000001 0.803125 0.3609375000000001
1 0.821875 0.3343750000000001 0.809375 0.3343750000000001 0.809375 0.3593750000000001 0.821875 0.3593750000000001
1 0.83125 0.3359375000000001 0.8171875 0.3359375000000001 0.8171875 0.3593750000000001 0.83125 0.3593750000000001
1 0.46875 0.07187500000000005 0.45 0.07187500000000005 0.45 0.08906250000000006 0.46875 0.08906250000000007
1 0.465625 0.05781250000000006 0.4515625 0.057812500000000044 0.4515625 0.07500000000000005 0.465625 0.07500000000000007
1 0.490625 0.5703125 0.48125 0.5703125 0.48125 0.596875 0.490625 0.596875
1 0.496875 0.5703125 0.490625 0.5703125 0.490625 0.59375 0.496875 0.59375
1 0.5046875 0.5671875 0.496875 0.5671875 0.496875 0.5984375 0.5046875 0.5984375
1 0.515625 0.5671875 0.503125 0.5671875 0.503125 0.596875 0.515625 0.596875
1 0.521875 0.5703125 0.5109375 0.5703125 0.5109375 0.596875 0.521875 0.596875
1 0.5390625 0.5671875 0.5265625 0.5671875 0.5265625 0.596875 0.5390625 0.596875
1 0.5515625 0.56875 0.5375 0.56875 0.5375 0.596875 0.5515625 0.596875
0 0.4062500000000001 0.640625 0.3578125000000001 0.640625 0.3578125000000001 0.759375 0.40625000000000017 0.759375
2 0.3890625000000001 0.703125 0.37187500000000007 0.703125 0.37187500000000007 0.721875 0.3890625000000001 0.721875
1 0.3890625000000001 0.690625 0.3734375000000001 0.690625 0.3734375000000001 0.70625 0.3890625000000001 0.70625
1 0.3890625000000001 0.675 0.3734375000000001 0.675 0.3734375000000001 0.6921875 0.3890625000000001 0.6921875
2 0.31718750000000007 0.7125 0.3000000000000001 0.7125 0.3000000000000001 0.7359375 0.31718750000000007 0.7359375
1 0.3203125000000001 0.7015625 0.3000000000000001 0.7015625 0.3000000000000001 0.7171875 0.3203125000000001 0.7171875
1 0.31718750000000007 0.68125 0.2968750000000001 0.68125 0.2968750000000001 0.7015625 0.31718750000000007 0.7015625
0 0.3359375000000001 0.625 0.31718750000000007 0.625 0.31718750000000007 0.7921875 0.3359375000000001 0.7921875
0 0.3843750000000001 0.7953125 0.3500000000000001 0.7953125 0.3500000000000001 0.8390625 0.3843750000000001 0.8390625
0 0.3437500000000001 0.79375 0.3156250000000001 0.79375 0.3156250000000001 0.8390625 0.3437500000000001 0.8390625
1 0.3812500000000001 0.790625 0.3687500000000001 0.790625 0.3687500000000001 0.81875 0.3812500000000001 0.81875
0 0.478125 0.046875000000000056 0.46875 0.046875000000000056 0.46875 0.11406250000000004 0.478125 0.11406250000000004