0 0.54375 0.19843750000000004 0.5234375 0.19843750000000004 0.5234375 0.37968750000000007 0.54375 0.37968750000000007
0 0.371875 0.26250000000000007 0.3125 0.2625 0.3125 0.29531250000000003 0.371875 0.2953125000000001
0 0.35 0.2578125 0.3140625 0.2578125 0.3140625 0.3453125 0.35 0.3453125
0 0.3484375 0.2953125 0.3140625 0.2953125 0.3140625 0.3421875 0.3484375 0.3421875
0 0.3796875 0.20468750000000005 0.3421875 0.2046875 0.3421875 0.2828125 0.3796875 0.2828125000000001
0 0.5453125 0.19687500000000008 0.49375 0.19687500000000005 0.49375 0.2875000000000001 0.5453125 0.2875000000000001
0 0.45625 0.4203125 0.409375 0.4203125 0.409375 0.440625 0.45625 0.440625
0 0.4921875 0.16250000000000003 0.3796875 0.16250000000000003 0.3796875 0.19687500000000005 0.4921875 0.19687500000000005
0 0.465625 0.18593750000000003 0.4046875 0.18593750000000003 0.4046875 0.2015625000000001 0.465625 0.2015625000000001
0 0.4578125 0.2453125000000001 0.4421875 0.2453125000000001 0.4421875 0.2890625000000001 0.4578125 0.2890625000000001
0 0.68125 0.23437500000000008 0.6640625 0.23437500000000008 0.6640625 0.2843750000000001 0.68125 0.2843750000000001
0 0.6703125 0.1671875000000001 0.61875 0.1671875000000001 0.61875 0.1937500000000001 0.6703125 0.1937500000000001
0 0.7484375 0.14062500000000008 0.6953125 0.14062500000000008 0.6953125 0.2843750000000001 0.7484375 0.2843750000000001
0 0.7046875 0.20468750000000008 0.696875 0.20468750000000008 0.696875 0.2406250000000001 0.7046875 0.2406250000000001
0 0.7046875 0.14062500000000008 0.696875 0.14062500000000008 0.696875 0.18750000000000008 0.7046875 0.18750000000000008
0 0.7453125 0.14062500000000008 0.7375 0.14062500000000008 0.7375 0.1859375000000001 0.7453125 0.1859375000000001
0 0.746875 0.2234375000000001 0.7359375 0.2234375000000001 0.7359375 0.27812500000000007 0.746875 0.27812500000000007
0 0.7453125 0.4671875000000001 0.6921875 0.4671875 0.6921875 0.565625 0.7453125 0.5656250000000002
0 0.7453125 0.3531250000000001 0.7296875 0.3531250000000001 0.7296875 0.46406250000000016 0.7453125 0.46406250000000016
0 0.7453125 0.29375000000000007 0.728125 0.29375000000000007 0.728125 0.3609375000000001 0.7453125 0.3609375000000001
0 0.3390625000000001 0.5453125 0.3078125000000001 0.5453125 0.3078125000000001 0.746875 0.3390625000000001 0.746875