1 0.7828125 0.10781250000000009 0.7625 0.10781250000000009 0.7625 0.1515625000000001 0.7828125 0.1515625000000001
2 0.79375 0.10312500000000009 0.7734375 0.10312500000000009 0.7734375 0.15000000000000008 0.79375 0.15000000000000008
1 0.6171875 0.1750000000000001 0.60625 0.1750000000000001 0.60625 0.2078125000000001 0.6171875 0.2078125000000001
1 0.6171875 0.12656250000000008 0.60625 0.12656250000000008 0.60625 0.1515625000000001 0.6171875 0.1515625000000001
1 0.6265625 0.1281250000000001 0.61875 0.1281250000000001 0.61875 0.15000000000000008 0.6265625 0.15000000000000008
1 0.6390625 0.12656250000000008 0.628125 0.12656250000000008 0.628125 0.15000000000000008 0.6390625 0.15000000000000008
1 0.6046875 0.12656250000000008 0.590625 0.12656250000000008 0.590625 0.15000000000000008 0.6046875 0.15000000000000008
1 0.61875 0.3125000000000001 0.603125 0.3125000000000001 0.603125 0.3515625000000001 0.61875 0.3515625000000001
1 0.65 0.2875000000000001 0.6390625 0.2875000000000001 0.6390625 0.31718750000000007 0.65 0.31718750000000007
1 0.653125 0.3765625000000001 0.6359375 0.3765625000000001 0.6359375 0.4140625 0.653125 0.4140625
1 0.571875 0.3265625000000001 0.553125 0.3265625000000001 0.553125 0.3625000000000001 0.571875 0.3625000000000001
1 0.58125 0.4265625 0.565625 0.4265625 0.565625 0.4546875 0.58125 0.4546875
1 0.6171875 0.421875 0.6046875 0.421875 0.6046875 0.45625 0.6171875 0.45625
1 0.61875 0.4859375 0.6 0.4859375 0.6 0.521875 0.61875 0.521875
0 0.61875 0.3703125000000001 0.546875 0.3703125000000001 0.546875 0.4078125 0.61875 0.4078125
0 0.671875 0.19531250000000008 0.6515625 0.19531250000000008 0.6515625 0.2500000000000001 0.671875 0.2500000000000001
2 0.26875 0.09687500000000002 0.2546875 0.09687500000000002 0.2546875 0.14218750000000005 0.26875 0.14218750000000005
1 0.2578125 0.10937500000000004 0.2421875 0.10937500000000004 0.2421875 0.14218750000000005 0.2578125 0.14218750000000005
1 0.4140625 0.26250000000000007 0.40625 0.26250000000000007 0.40625 0.28593750000000007 0.4140625 0.28593750000000007
1 0.4078125 0.2562500000000001 0.3921875 0.2562500000000001 0.3921875 0.2843750000000001 0.4078125 0.2843750000000001
1 0.4140625 0.425 0.4046875 0.425 0.4046875 0.4484375 0.4140625 0.4484375
1 0.409375 0.4109375 0.3921875000000001 0.4109375 0.3921875000000001 0.4484375 0.409375 0.4484375
2 0.54375 0.534375 0.528125 0.534375 0.528125 0.5828125 0.54375 0.5828125
1 0.5328125 0.5375 0.5140625 0.5375 0.5140625 0.5796875 0.5328125 0.5796875
0 0.14375000000000002 0.121875 0.06250000000000003 0.121875 0.06250000000000003 0.20625 0.14375000000000004 0.20625
1 0.1046875 0.09843750000000002 0.09531250000000002 0.09843750000000002 0.09531250000000002 0.121875 0.1046875 0.121875
1 0.1171875 0.1015625 0.103125 0.1015625 0.103125 0.121875 0.1171875 0.121875
1 0.07968750000000002 0.1734375 0.07031250000000003 0.1734375 0.07031250000000003 0.20625 0.07968750000000002 0.20625
1 0.06875000000000002 0.2171875 0.051562500000000025 0.2171875 0.051562500000000025 0.25 0.06875000000000002 0.25
1 0.07656250000000002 0.2265625 0.06562500000000002 0.2265625 0.06562500000000002 0.253125 0.07656250000000002 0.253125
1 0.08125000000000004 0.3125 0.06562500000000004 0.3125 0.06562500000000004 0.35 0.08125000000000004 0.35
1 0.11250000000000004 0.2875 0.10312500000000005 0.2875 0.10312500000000005 0.31875 0.11250000000000004 0.31875
1 0.11718750000000004 0.3765625 0.10000000000000005 0.3765625 0.10000000000000005 0.4125 0.11718750000000004 0.4125
1 0.2625 0.30625 0.246875 0.30625 0.246875 0.3390625 0.2625 0.3390625
0 0.14843750000000006 0.5 0.057812500000000065 0.5 0.057812500000000065 0.609375 0.14843750000000008 0.609375
1 0.10312500000000009 0.5625 0.09375000000000007 0.5625 0.09375000000000007 0.5875 0.10312500000000009 0.5875
1 0.11093750000000009 0.559375 0.10156250000000008 0.559375 0.10156250000000008 0.584375 0.11093750000000009 0.584375
1 0.08125000000000007 0.4875 0.06562500000000007 0.4875 0.06562500000000007 0.521875 0.08125000000000007 0.521875
1 0.17968750000000008 0.6 0.16562500000000008 0.6 0.16562500000000008 0.621875 0.17968750000000008 0.621875
1 0.1921875000000001 0.596875 0.1828125000000001 0.596875 0.1828125000000001 0.621875 0.1921875000000001 0.621875
1 0.2000000000000001 0.6 0.1906250000000001 0.6 0.1906250000000001 0.6203125 0.2000000000000001 0.6203125
1 0.2093750000000001 0.5984375 0.1984375000000001 0.5984375 0.1984375000000001 0.621875 0.2093750000000001 0.621875
1 0.07187500000000005 0.4390625 0.05625000000000004 0.4390625 0.05625000000000006 0.478125 0.07187500000000006 0.478125
1 0.08125000000000006 0.453125 0.07031250000000004 0.453125 0.07031250000000006 0.4765625 0.08125000000000007 0.4765625
0 0.24375000000000008 0.471875 0.2140625000000001 0.471875 0.2140625000000001 0.5921875 0.24375000000000008 0.5921875