0 0.609375 0.5984375 0.584375 0.5984375 0.584375 0.615625 0.609375 0.615625
0 0.66875 0.6015625 0.621875 0.6015625 0.621875 0.6140625 0.66875 0.6140625
0 0.7625 0.6000000000000001 0.70625 0.6 0.70625 0.6156250000000001 0.7625 0.6156250000000002
0 0.9484375 0.41406250000000017 0.9328125 0.41406250000000017 0.9328125 0.47656250000000017 0.9484375 0.47656250000000017
0 0.94375 0.5000000000000002 0.9296875 0.5000000000000002 0.9296875 0.5625000000000002 0.94375 0.5625000000000002
0 0.90625 0.35625000000000007 0.8765625 0.35625000000000007 0.8765625 0.3781250000000001 0.90625 0.3781250000000001
0 0.8546875 0.35625000000000007 0.8234375 0.35625000000000007 0.8234375 0.3750000000000001 0.8546875 0.3750000000000001
0 0.609375 0.3781250000000001 0.528125 0.3781250000000001 0.528125 0.4421875 0.609375 0.4421875
0 0.5734375 0.3578125000000001 0.5265625 0.3578125000000001 0.5265625 0.37187500000000007 0.5734375 0.37187500000000007
0 0.4859375 0.3593750000000001 0.4484375 0.3593750000000001 0.4484375 0.3734375000000001 0.4859375 0.3734375000000001
0 0.1515625 0.028125000000000018 0.1078125 0.02812500000000001 0.1078125 0.046875000000000014 0.1515625 0.04687500000000002
0 0.2671875 0.050000000000000024 0.19375 0.050000000000000024 0.19375 0.12343750000000005 0.2671875 0.12343750000000005
0 0.2328125 0.02812500000000003 0.190625 0.02812500000000002 0.190625 0.045312500000000026 0.2328125 0.04531250000000003
0 0.24375 0.12656250000000005 0.2296875 0.12656250000000005 0.2296875 0.2046875 0.24375 0.2046875
0 0.4875 0.03437500000000006 0.4515625 0.03437500000000006 0.4515625 0.053125000000000054 0.4875 0.05312500000000007
0 0.59375 0.057812500000000065 0.53125 0.057812500000000065 0.53125 0.11875000000000006 0.59375 0.11875000000000009
0 0.5671875 0.032812500000000064 0.525 0.032812500000000064 0.525 0.05468750000000007 0.5671875 0.05468750000000007
0 0.15000000000000005 0.35625 0.11250000000000004 0.35625 0.11250000000000004 0.365625 0.15000000000000005 0.365625
0 0.2812500000000001 0.375 0.19062500000000004 0.375 0.19062500000000004 0.44375 0.2812500000000001 0.44375
0 0.23593750000000005 0.353125 0.19218750000000004 0.353125 0.19218750000000004 0.3703125 0.23593750000000008 0.3703125
0 0.24218750000000008 0.446875 0.2296875000000001 0.446875 0.2296875000000001 0.471875 0.24218750000000008 0.471875
0 0.24218750000000008 0.4953125 0.22656250000000008 0.4953125 0.22656250000000008 0.528125 0.24218750000000008 0.528125
0 0.2796875000000001 0.6046875 0.2468750000000001 0.6046875 0.2468750000000001 0.61875 0.2796875000000001 0.61875
0 0.3390625000000001 0.60625 0.2890625000000001 0.60625 0.2890625000000001 0.6234375 0.3390625000000001 0.6234375
0 0.4265625 0.6015625 0.37187500000000007 0.6015625 0.37187500000000007 0.621875 0.4265625 0.621875
0 0.2796875 0.28125 0.246875 0.28125 0.246875 0.3015625 0.2796875 0.3015625
0 0.3421875 0.284375 0.2890625 0.284375 0.2890625 0.2984375 0.3421875 0.2984375
0 0.4265625 0.2796875000000001 0.36875 0.2796875000000001 0.36875 0.2953125000000001 0.4265625 0.2953125000000001
0 0.5953125 0.12343750000000009 0.5828125 0.12343750000000009 0.5828125 0.14218750000000008 0.5953125 0.14218750000000008
0 0.5953125 0.17187500000000008 0.584375 0.17187500000000008 0.584375 0.2062500000000001 0.5953125 0.2062500000000001
0 0.6125 0.2796875000000001 0.584375 0.2796875000000001 0.584375 0.29375000000000007 0.6125 0.29375000000000007
0 0.665625 0.27812500000000007 0.6203125 0.27812500000000007 0.6203125 0.29375000000000007 0.665625 0.29375000000000007
0 0.765625 0.27812500000000007 0.7078125 0.27812500000000007 0.7078125 0.2921875000000001 0.765625 0.2921875000000001
0 0.853125 0.0375000000000001 0.8171875 0.0375000000000001 0.8171875 0.05156250000000011 0.853125 0.05156250000000011
0 0.90625 0.03750000000000011 0.875 0.03750000000000011 0.875 0.05312500000000011 0.90625 0.05312500000000011
0 0.9421875 0.08906250000000011 0.9328125 0.08906250000000011 0.9328125 0.15468750000000014 0.9421875 0.15468750000000014
0 0.946875 0.17656250000000012 0.93125 0.17656250000000012 0.93125 0.23437500000000008 0.946875 0.23437500000000008