2 0.509375 0.5375 0.4875 0.5375 0.4875 0.5625 0.509375 0.5625
2 0.5328125 0.5359375 0.5140625 0.5359375 0.5140625 0.5625 0.5328125 0.5625
2 0.65 0.3500000000000001 0.628125 0.3500000000000001 0.628125 0.37187500000000007 0.65 0.37187500000000007
2 0.51875 0.3500000000000001 0.5 0.3500000000000001 0.5 0.3671875000000001 0.51875 0.3671875000000001
0 0.440625 0.5734375 0.43125 0.5734375 0.43125 0.68125 0.440625 0.68125
0 0.440625 0.3671875000000001 0.4328125 0.3671875000000001 0.4328125 0.4515625 0.440625 0.4515625
2 0.509375 0.3281250000000001 0.4828125 0.3281250000000001 0.4828125 0.3703125000000001 0.509375 0.3703125000000001
0 0.515625 0.709375 0.453125 0.709375 0.453125 0.71875 0.515625 0.71875
0 0.625 0.5109375 0.4828125 0.5109375 0.4828125 0.5171875 0.625 0.5171875
0 0.6515625 0.3734375000000001 0.6453125 0.3734375000000001 0.6453125 0.44375 0.6515625 0.44375
0 0.6234375 0.4796875 0.5234375 0.4796875 0.5234375 0.4921875 0.6234375 0.4921875
0 0.4796875 0.5109375 0.4578125 0.5109375 0.4578125 0.51875 0.4796875 0.51875
0 0.5125 0.3750000000000001 0.50625 0.3750000000000001 0.50625 0.446875 0.5125 0.446875
0 0.5546875 0.3671875000000001 0.5453125 0.3671875000000001 0.5453125 0.4515625 0.5546875 0.4515625
2 0.4828125 0.29375000000000007 0.453125 0.29375000000000007 0.453125 0.3531250000000001 0.4828125 0.3531250000000001