0 0.4046875 0.10156250000000004 0.396875 0.10156250000000004 0.396875 0.15781250000000005 0.4046875 0.15781250000000005
0 0.3328125 0.09375000000000004 0.309375 0.09375000000000004 0.309375 0.16562500000000005 0.3328125 0.16562500000000005
0 0.5453125 0.09375000000000007 0.5125 0.09375000000000007 0.5125 0.16406250000000006 0.5453125 0.16406250000000008
0 0.5140625 0.18437500000000004 0.3078125 0.18437500000000004 0.3078125 0.24687500000000004 0.5140625 0.2468750000000001
0 0.5125 0.18593750000000003 0.35625 0.18593750000000003 0.35625 0.25000000000000006 0.5125 0.2500000000000001
0 0.5125 0.16406250000000006 0.4203125 0.16406250000000006 0.4203125 0.21093750000000008 0.5125 0.21093750000000008
0 0.3390625 0.17656250000000004 0.309375 0.17656250000000004 0.309375 0.2453125 0.3390625 0.2453125
0 0.5375 0.05156250000000007 0.51875 0.05156250000000007 0.51875 0.09375000000000007 0.5375 0.09375000000000007
0 0.403125 0.07500000000000004 0.384375 0.07500000000000004 0.384375 0.09531250000000005 0.403125 0.09531250000000005
0 0.3734375 0.03750000000000004 0.3078125 0.03750000000000003 0.3078125 0.07343750000000004 0.3734375 0.07343750000000004
0 0.61875 0.1843750000000001 0.546875 0.1843750000000001 0.546875 0.2453125000000001 0.61875 0.2453125000000001
0 0.6515625 0.07187500000000008 0.6171875 0.07187500000000006 0.6171875 0.1859375000000001 0.6515625 0.1859375000000001
0 0.78125 0.07812500000000008 0.7046875 0.07812500000000008 0.7046875 0.09531250000000009 0.78125 0.09531250000000009
0 0.78125 0.16406250000000008 0.7046875 0.16406250000000008 0.7046875 0.17968750000000008 0.78125 0.17968750000000008
0 0.7796875 0.07812500000000008 0.746875 0.07812500000000008 0.746875 0.1765625000000001 0.7796875 0.1765625000000001
0 0.740625 0.19531250000000008 0.6421875 0.19531250000000008 0.6421875 0.2484375000000001 0.740625 0.2484375000000001
0 0.740625 0.1765625000000001 0.6984375 0.1765625000000001 0.6984375 0.2453125000000001 0.740625 0.2453125000000001
0 0.7453125 0.1750000000000001 0.696875 0.1750000000000001 0.696875 0.21093750000000008 0.7453125 0.21093750000000008
0 0.6984375 0.1843750000000001 0.66875 0.1843750000000001 0.66875 0.2078125000000001 0.6984375 0.2078125000000001
0 0.678125 0.1765625000000001 0.6421875 0.1765625000000001 0.6421875 0.2484375000000001 0.678125 0.2484375000000001
0 0.4640625 0.4640625 0.3265625000000001 0.4640625 0.3265625000000001 0.50625 0.4640625 0.50625
0 0.45625 0.446875 0.425 0.446875 0.425 0.475 0.45625 0.475
0 0.503125 0.4453125 0.4625 0.4453125 0.4625 0.4796875 0.503125 0.4796875
0 0.37968750000000007 0.6984375 0.2921875000000001 0.6984375 0.2921875000000001 0.7328125 0.37968750000000007 0.7328125
0 0.3781250000000001 0.7 0.3265625000000001 0.7 0.3265625000000001 0.7328125 0.3781250000000001 0.7328125
0 0.3187500000000001 0.6984375 0.29375000000000007 0.6984375 0.29375000000000007 0.734375 0.3187500000000001 0.734375
0 0.6078125 0.5875 0.5796875 0.5875 0.5796875 0.6953125 0.6078125 0.6953125
0 0.609375 0.5890625 0.58125 0.5890625 0.58125 0.6359375 0.609375 0.6359375
0 0.6078125 0.646875 0.578125 0.646875 0.578125 0.6953125 0.6078125 0.6953125
0 0.7375000000000002 0.9171875 0.6984375000000002 0.9171875 0.6984375000000002 0.9765625 0.7375000000000002 0.9765625
0 0.7031250000000002 0.928125 0.6671875000000002 0.928125 0.6671875000000002 0.978125 0.7031250000000002 0.978125
0 0.3859375000000001 0.9234375 0.3062500000000001 0.9234375 0.3062500000000001 0.984375 0.3859375000000001 0.984375
0 0.3750000000000001 0.9234375 0.3421875000000001 0.9234375 0.3421875000000001 0.953125 0.3750000000000001 0.953125
0 0.3390625000000001 0.9171875 0.3078125000000001 0.9171875 0.3078125000000001 0.9515625 0.3390625000000001 0.9515625
0 0.3359375000000001 0.7890625 0.3078125000000001 0.7890625 0.3078125000000001 0.8921875 0.3359375000000001 0.8921875
0 0.3343750000000001 0.8390625 0.3078125000000001 0.8390625 0.3078125000000001 0.903125 0.3343750000000001 0.903125
0 0.3437500000000001 0.86875 0.3312500000000001 0.86875 0.3312500000000001 0.8953125 0.3437500000000001 0.8953125
1 0.521875 0.07343750000000007 0.5109375 0.07343750000000007 0.5109375 0.08281250000000007 0.521875 0.08281250000000007
1 0.521875 0.05937500000000007 0.5109375 0.05937500000000007 0.5109375 0.07187500000000006 0.521875 0.07187500000000006
1 0.4 0.06406250000000005 0.3921875 0.06406250000000005 0.3921875 0.07812500000000004 0.4 0.07812500000000004
1 0.3921875 0.06250000000000004 0.3828125 0.06250000000000004 0.3828125 0.07968750000000005 0.3921875 0.07968750000000005
1 0.3 0.04218750000000003 0.2921875 0.04218750000000003 0.2921875 0.059375000000000046 0.3 0.059375000000000046
1 0.303125 0.03593750000000003 0.2953125 0.03593750000000003 0.2953125 0.05468750000000004 0.303125 0.05468750000000004
1 0.3140625 0.023437500000000038 0.3046875 0.023437500000000038 0.3046875 0.04531250000000003 0.3140625 0.04531250000000003
1 0.31875 0.018750000000000037 0.3125 0.018750000000000037 0.3125 0.03906250000000004 0.31875 0.03906250000000004
1 0.31875 0.12031250000000004 0.303125 0.12031250000000004 0.303125 0.13906250000000003 0.31875 0.13906250000000003
1 0.3828125 0.17968750000000006 0.371875 0.17968750000000006 0.371875 0.19062500000000004 0.3828125 0.19062500000000004
1 0.3828125 0.19531250000000006 0.3703125 0.19531250000000006 0.3703125 0.20468750000000008 0.3828125 0.20468750000000008
1 0.3984375 0.11718750000000004 0.3890625 0.11718750000000004 0.3890625 0.12812500000000004 0.3984375 0.12812500000000004
1 0.5453125 0.5171875 0.5359375 0.5171875 0.5359375 0.5359375 0.5453125 0.5359375
1 0.5843750000000002 0.7421875 0.5718750000000001 0.7421875 0.5718750000000001 0.765625 0.5843750000000002 0.765625
1 0.3734375000000001 0.703125 0.36406250000000007 0.703125 0.36406250000000007 0.7203125 0.3734375000000001 0.7203125
1 0.3265625000000001 0.771875 0.3187500000000001 0.771875 0.3187500000000001 0.790625 0.3265625000000001 0.790625
1 0.34062500000000007 0.771875 0.3312500000000001 0.771875 0.3312500000000001 0.7921875 0.34062500000000007 0.7921875
1 0.3140625000000001 0.840625 0.3031250000000001 0.840625 0.3031250000000001 0.8515625 0.3140625000000001 0.8515625
1 0.7296875000000002 0.9375 0.7171875000000002 0.9375 0.7171875000000002 0.9609375 0.7296875000000002 0.9609375
1 0.5484375 0.2875000000000001 0.5375 0.2875000000000001 0.5375 0.30937500000000007 0.5484375 0.30937500000000007
1 0.5 0.4484375 0.49375 0.4484375 0.49375 0.4640625 0.5 0.4640625
1 0.40625 0.475 0.4 0.475 0.4 0.4890625 0.40625 0.4890625
1 0.3765625 0.2578125000000001 0.365625 0.2578125000000001 0.365625 0.2750000000000001 0.3765625 0.2750000000000001
1 0.3890625 0.2562500000000001 0.378125 0.2562500000000001 0.378125 0.2750000000000001 0.3890625 0.2750000000000001
1 0.3953125 0.2562500000000001 0.3875 0.2562500000000001 0.3875 0.2734375000000001 0.3953125 0.2734375000000001
1 0.4046875 0.2578125000000001 0.3953125 0.2578125000000001 0.3953125 0.2734375000000001 0.4046875 0.2734375000000001
2 0.321875 0.012500000000000039 0.3171875 0.012500000000000039 0.3171875 0.023437500000000038 0.321875 0.023437500000000038
1 0.59375 7.242637710582393e-17 0.5890625 7.213935051227377e-17 0.5890625 0.010937500000000072 0.59375 0.010937500000000072
1 0.6 0.584375 0.5890625 0.584375 0.5890625 0.59375 0.6 0.59375