1 0.815625 0.3625000000000001 0.7984375 0.3625000000000001 0.7984375 0.3890625000000001 0.815625 0.3890625000000001
0 0.7453125 0.4906250000000001 0.678125 0.490625 0.678125 0.503125 0.7453125 0.5031250000000002
1 0.7171875 0.4703125 0.696875 0.4703125 0.696875 0.49375 0.7171875 0.49375
1 0.7390625 0.24218750000000008 0.69375 0.24218750000000008 0.69375 0.2656250000000001 0.7390625 0.2656250000000001
0 0.9125 0.2671875000000001 0.8515625 0.2671875000000001 0.8515625 0.27812500000000007 0.9125 0.27812500000000007
1 0.8890625 0.24218750000000008 0.871875 0.24218750000000008 0.871875 0.2687500000000001 0.8890625 0.2687500000000001
0 0.4546875 0.30000000000000004 0.25 0.3 0.25 0.30781250000000004 0.4546875 0.3078125000000001
1 0.309375 0.2734375 0.284375 0.2734375 0.284375 0.296875 0.309375 0.296875
1 0.49375 0.3703125000000001 0.478125 0.3703125000000001 0.478125 0.403125 0.49375 0.403125
1 0.49375 0.4171875 0.48125 0.4171875 0.48125 0.4421875 0.49375 0.4421875
0 0.2203125 0.3015625 0.15625000000000006 0.3015625 0.15625000000000006 0.3078125 0.2203125 0.3078125
1 0.19843750000000004 0.2828125 0.17812500000000003 0.2828125 0.17812500000000003 0.303125 0.19843750000000004 0.303125
0 0.6875 0.2687500000000001 0.6671875 0.2687500000000001 0.6671875 0.2765625000000001 0.6875 0.2765625000000001
0 0.753125 0.2687500000000001 0.7328125 0.2687500000000001 0.7328125 0.2765625000000001 0.753125 0.2765625000000001
0 0.8234375 0.3218750000000001 0.815625 0.3218750000000001 0.815625 0.4468750000000002 0.8234375 0.4468750000000002
2 0.815625 0.39531250000000007 0.8 0.39531250000000007 0.8 0.4125000000000002 0.815625 0.4125000000000002
0 0.5015625 0.3531250000000001 0.49375 0.3531250000000001 0.49375 0.3890625000000001 0.5015625 0.3890625000000001
0 0.5015625 0.453125 0.49375 0.453125 0.49375 0.4875 0.5015625 0.4875
1 0.15625000000000008 0.65625 0.13437500000000008 0.65625 0.13437500000000008 0.6734375 0.15625000000000008 0.6734375
1 0.2609375000000001 0.68125 0.21875000000000008 0.68125 0.21875000000000008 0.7015625 0.2609375000000001 0.7015625
1 0.2562500000000001 0.6546875 0.22031250000000008 0.6546875 0.22031250000000008 0.6765625 0.2562500000000001 0.6765625
1 0.15625000000000008 0.6828125 0.1359375000000001 0.6828125 0.1359375000000001 0.6984375 0.15625000000000008 0.6984375
1 0.1546875000000001 0.7109375 0.13437500000000008 0.7109375 0.13437500000000008 0.7265625 0.1546875000000001 0.7265625
1 0.2609375000000001 0.7109375 0.22031250000000008 0.7109375 0.22031250000000008 0.728125 0.2609375000000001 0.728125
1 0.4 0.65625 0.3203125000000001 0.65625 0.3203125000000001 0.675 0.4 0.675
1 0.4 0.6859375 0.3187500000000001 0.6859375 0.3187500000000001 0.7 0.4 0.7
1 0.4015625000000001 0.7109375 0.3218750000000001 0.7109375 0.3218750000000001 0.7265625 0.40156250000000016 0.7265625
1 0.48125 0.6796875 0.4578125 0.6796875 0.4578125 0.7 0.48125 0.7
1 0.4796875 0.6578125 0.4609375 0.6578125 0.4609375 0.675 0.4796875 0.675
1 0.4781250000000001 0.709375 0.459375 0.709375 0.4593750000000001 0.7265625 0.4781250000000002 0.7265625
1 0.45 0.546875 0.4171875 0.546875 0.4171875 0.5671875 0.45 0.5671875