0 0.2734375000000001 0.50625 0.2250000000000001 0.50625 0.2250000000000001 0.521875 0.2734375000000001 0.521875
0 0.8328125 0.5562500000000001 0.2296875000000001 0.55625 0.2296875000000001 0.5734375 0.8328125 0.5734375000000002
0 0.571875 0.5078125 0.2765625000000001 0.5078125 0.2765625000000001 0.5234375 0.571875 0.5234375
0 0.6171875 0.50625 0.571875 0.50625 0.571875 0.51875 0.6171875 0.51875
0 0.834375 0.5062500000000001 0.6234375 0.50625 0.6234375 0.5203125000000001 0.834375 0.5203125000000002
0 0.371875 0.22031250000000005 0.3578125 0.2203125 0.3578125 0.34843750000000007 0.371875 0.34843750000000007
0 0.8265625 0.40625000000000017 0.771875 0.40625000000000017 0.771875 0.41718750000000016 0.8265625 0.41718750000000016
0 0.2578125000000001 0.9375 0.16406250000000014 0.9375 0.16406250000000014 0.9625 0.2578125000000001 0.9625
0 0.2328125000000001 0.896875 0.16562500000000008 0.896875 0.1656250000000001 0.9109375 0.2328125000000001 0.9109375
0 0.13750000000000004 0.2390625 0.12500000000000006 0.2390625 0.12500000000000006 0.3375 0.13750000000000004 0.3375
0 0.5109375000000002 0.8609375 0.3937500000000001 0.8609375 0.3937500000000001 0.878125 0.5109375000000002 0.878125
0 0.971875 0.2171875000000001 0.953125 0.2171875000000001 0.953125 0.35625000000000007 0.971875 0.35625000000000007
1 0.9578125 0.0015625000000001146 0.9140625 0.0015625000000001118 0.9140625 0.028125000000000115 0.9578125 0.028125000000000122