0 0.3421875 0.13906250000000003 0.3359375 0.13906250000000003 0.3359375 0.2515625 0.3421875 0.2515625
0 0.340625 0.06250000000000004 0.33125 0.06250000000000004 0.33125 0.09218750000000005 0.340625 0.09218750000000005
2 0.578125 0.22656250000000008 0.54375 0.22656250000000008 0.54375 0.2562500000000001 0.578125 0.2562500000000001
2 0.5765625 0.1312500000000001 0.546875 0.1312500000000001 0.546875 0.15781250000000008 0.5765625 0.15781250000000008
1 0.3359375 0.10625000000000004 0.3203125 0.10625000000000004 0.3203125 0.12812500000000004 0.3359375 0.12812500000000004
1 0.3359375 0.18125000000000005 0.321875 0.18125000000000005 0.321875 0.2078125 0.3359375 0.2078125
1 0.5734375 0.01562500000000007 0.5609375 0.015625000000000066 0.5609375 0.04375000000000007 0.5734375 0.04375000000000007
1 0.6515625000000002 0.83125 0.5765625000000002 0.83125 0.5765625000000002 0.8640625 0.6515625000000002 0.8640625
1 0.6750000000000002 0.8328125 0.6593750000000002 0.8328125 0.6593750000000002 0.8640625 0.6750000000000002 0.8640625
1 0.7046875000000001 0.828125 0.6781250000000002 0.828125 0.6781250000000002 0.865625 0.7046875000000001 0.865625
1 0.7375000000000002 0.83125 0.7093750000000002 0.83125 0.7093750000000002 0.8671875 0.7375000000000002 0.8671875
1 0.7984375000000001 0.9109375 0.7750000000000001 0.9109375 0.7750000000000001 0.94375 0.7984375000000001 0.94375
1 0.30156250000000007 0.4234375 0.2812500000000001 0.4234375 0.2812500000000001 0.4484375 0.30156250000000007 0.4484375
1 0.3000000000000001 0.3890625 0.2843750000000001 0.3890625 0.2843750000000001 0.4171875 0.3000000000000001 0.4171875
1 0.3031250000000001 0.4515625 0.2890625000000001 0.4515625 0.2890625000000001 0.4765625 0.3031250000000001 0.4765625
1 0.3046875000000001 0.6828125 0.2890625000000001 0.6828125 0.2890625000000001 0.7015625 0.3046875000000001 0.7015625
1 0.3031250000000001 0.6484375 0.2906250000000001 0.6484375 0.2906250000000001 0.66875 0.3031250000000001 0.66875
1 0.3109375000000001 0.6171875 0.2968750000000001 0.6171875 0.2968750000000001 0.6390625 0.3109375000000001 0.6390625
1 0.30937500000000007 0.5859375 0.2984375000000001 0.5859375 0.2984375000000001 0.6046875 0.30937500000000007 0.6046875
1 0.30937500000000007 0.553125 0.2984375000000001 0.553125 0.2984375000000001 0.5734375 0.30937500000000007 0.5734375
1 0.3078125000000001 0.7734375 0.2968750000000001 0.7734375 0.2968750000000001 0.796875 0.3078125000000001 0.796875
1 0.3109375000000001 0.740625 0.3000000000000001 0.740625 0.3000000000000001 0.7625 0.3109375000000001 0.7625
1 0.30937500000000007 0.7109375 0.2968750000000001 0.7109375 0.2968750000000001 0.7328125 0.30937500000000007 0.7328125
1 0.5734375 0.12031250000000009 0.5640625 0.12031250000000009 0.5640625 0.1515625000000001 0.5734375 0.1515625000000001
1 0.5734375 0.21875000000000008 0.5578125 0.21875000000000008 0.5578125 0.2500000000000001 0.5734375 0.2500000000000001