1 0.21093750000000008 0.4203125 0.19531250000000006 0.4203125 0.19531250000000006 0.440625 0.21093750000000008 0.440625
1 0.2328125000000001 0.4234375 0.2171875000000001 0.4234375 0.2171875000000001 0.44375 0.2328125000000001 0.44375
1 0.3140625000000001 0.453125 0.2906250000000001 0.453125 0.2906250000000001 0.475 0.3140625000000001 0.475
1 0.4 0.490625 0.3781250000000001 0.490625 0.3781250000000001 0.5140625 0.4 0.5140625
2 0.40625 0.6078125 0.3546875000000001 0.6078125 0.3546875000000001 0.615625 0.40625 0.615625
1 0.3921875000000001 0.5890625 0.37968750000000007 0.5890625 0.37968750000000007 0.609375 0.3921875000000001 0.609375
1 0.88125 0.4546875000000002 0.85625 0.4546875000000002 0.85625 0.4781250000000002 0.88125 0.4781250000000002
0 0.86875 0.6406250000000001 0.721875 0.640625 0.721875 0.6484375000000001 0.86875 0.6484375000000002
0 0.5453125 0.640625 0.4796875 0.640625 0.4796875 0.6515625 0.5453125 0.6515625
0 0.5703125 0.4921875 0.5625 0.4921875 0.5625 0.603125 0.5703125 0.603125
0 0.4109375 0.6578125 0.2312500000000001 0.6578125 0.2312500000000001 0.6671875 0.4109375 0.6671875
0 0.22656250000000008 0.65625 0.20312500000000008 0.65625 0.20312500000000008 0.665625 0.22656250000000008 0.665625
0 0.18281250000000007 0.5046875 0.17656250000000004 0.5046875 0.17656250000000007 0.590625 0.1828125000000001 0.590625
0 0.440625 0.515625 0.434375 0.515625 0.434375 0.5796875 0.440625 0.5796875
0 0.409375 0.6359375 0.3156250000000001 0.6359375 0.3156250000000001 0.64375 0.409375 0.64375
0 0.2796875000000001 0.5171875 0.2718750000000001 0.5171875 0.2718750000000001 0.5796875 0.2796875000000001 0.5796875
2 0.3203125000000001 0.4453125 0.2296875000000001 0.4453125 0.2296875000000001 0.5125 0.3203125000000001 0.5125
2 0.2453125000000001 0.428125 0.23593750000000008 0.428125 0.23593750000000008 0.4421875 0.2453125000000001 0.4421875
2 0.37187500000000007 0.4796875 0.3359375000000001 0.4796875 0.3359375000000001 0.5125 0.37187500000000007 0.5125
2 0.434375 0.60625 0.4109375 0.60625 0.4109375 0.6125 0.434375 0.6125
2 0.2531250000000001 0.5828125 0.2312500000000001 0.5828125 0.2312500000000001 0.615625 0.2531250000000001 0.615625
2 0.834375 0.44843750000000016 0.80625 0.44843750000000016 0.80625 0.48437500000000017 0.834375 0.48437500000000017
2 0.909375 0.4515625000000002 0.8890625 0.4515625000000002 0.8890625 0.4859375000000002 0.909375 0.4859375000000002
0 0.896875 0.6125000000000002 0.8390625 0.6125000000000002 0.8390625 0.6187500000000001 0.896875 0.6187500000000001