0 0.60625 0.5734375 0.51875 0.5734375 0.51875 0.628125 0.60625 0.628125
0 0.6015625 0.403125 0.56875 0.403125 0.56875 0.4765625 0.6015625 0.4765625
0 0.71875 0.4015625 0.6046875 0.4015625 0.6046875 0.478125 0.71875 0.478125
0 0.66875 0.409375 0.6078125 0.409375 0.6078125 0.71875 0.66875 0.71875
0 0.671875 0.475 0.60625 0.475 0.60625 0.5703125 0.671875 0.5703125
0 0.6671875 0.6296875 0.3468750000000001 0.6296875 0.3468750000000001 0.7703125 0.6671875000000002 0.7703125
0 0.5171875 0.6265625 0.3468750000000001 0.6265625 0.3468750000000001 0.6921875 0.5171875 0.6921875
0 0.51875 0.625 0.4046875 0.625 0.4046875 0.6921875 0.51875 0.6921875
0 0.4671875 0.471875 0.4546875 0.471875 0.4546875 0.5765625 0.4671875 0.5765625
0 0.37187500000000007 0.4203125 0.3031250000000001 0.4203125 0.3031250000000001 0.6265625 0.37187500000000007 0.6265625
0 0.3703125000000001 0.4734375 0.3375000000000001 0.4734375 0.3375000000000001 0.575 0.3703125000000001 0.575
0 0.36406250000000007 0.471875 0.3453125000000001 0.471875 0.3453125000000001 0.515625 0.36406250000000007 0.515625
0 0.3687500000000001 0.53125 0.34062500000000007 0.53125 0.34062500000000007 0.578125 0.3687500000000001 0.578125
0 0.3734375000000001 0.38906250000000003 0.30156250000000007 0.3890625 0.30156250000000007 0.425 0.3734375000000001 0.425
0 0.4078125 0.3890625000000001 0.3781250000000001 0.3890625000000001 0.3781250000000001 0.421875 0.4078125 0.421875
2 0.3031250000000001 0.5203125 0.2828125000000001 0.5203125 0.2828125000000001 0.5484375 0.3031250000000001 0.5484375
2 0.45 0.40625 0.4296875 0.40625 0.4296875 0.4265625 0.45 0.4265625
0 0.5265625 0.3531250000000001 0.515625 0.3531250000000001 0.515625 0.453125 0.5265625 0.453125
1 0.3453125 0.359375 0.3296875 0.359375 0.3296875 0.3890625 0.3453125000000001 0.3890625
1 0.32812500000000006 0.359375 0.3140625 0.359375 0.3140625 0.390625 0.3281250000000001 0.390625
1 0.3046875000000001 0.5015625 0.2828125000000001 0.5015625 0.2828125000000001 0.5234375 0.3046875000000001 0.5234375
1 0.3453125000000001 0.509375 0.3218750000000001 0.509375 0.3218750000000001 0.5296875 0.3453125000000001 0.5296875
1 0.4515625 0.38750000000000007 0.43125 0.38750000000000007 0.43125 0.4078125 0.4515625 0.4078125
1 0.515625 0.3843750000000001 0.4953125 0.3843750000000001 0.4953125 0.4078125 0.515625 0.4078125
1 0.5140625 0.3625000000000001 0.490625 0.3625000000000001 0.490625 0.3843750000000001 0.5140625 0.3843750000000001
1 0.653125 0.3734375000000001 0.6359375 0.3734375000000001 0.6359375 0.4078125 0.653125 0.4078125
1 0.6671875 0.3734375000000001 0.6515625 0.3734375000000001 0.6515625 0.40625 0.6671875 0.40625
1 0.684375 0.3734375000000001 0.671875 0.3734375000000001 0.671875 0.40625 0.684375 0.40625
1 0.696875 0.3734375000000001 0.684375 0.3734375000000001 0.684375 0.4078125 0.696875 0.4078125
1 0.5640625 0.575 0.553125 0.575 0.553125 0.6078125 0.5640625 0.6078125
1 0.5093750000000001 0.70625 0.49375 0.70625 0.4937500000000001 0.740625 0.5093750000000001 0.740625
1 0.48125000000000007 0.7078125 0.471875 0.7078125 0.4718750000000001 0.740625 0.4812500000000002 0.740625
1 0.4921875000000001 0.7078125 0.478125 0.7078125 0.4781250000000001 0.740625 0.49218750000000017 0.740625
1 0.4609375 0.634375 0.44375 0.634375 0.44375 0.66875 0.4609375 0.66875
1 0.475 0.6328125 0.4609375 0.6328125 0.4609375 0.6671875 0.475 0.6671875
1 0.3968750000000001 0.6328125 0.3812500000000001 0.6328125 0.3812500000000001 0.6671875 0.3968750000000001 0.6671875