0 0.3265625 0.2859375 0.14687500000000003 0.2859375 0.14687500000000003 0.35625 0.3265625 0.35625
0 0.4546875 0.04843750000000005 0.40625 0.04843750000000004 0.40625 0.2640625000000001 0.4546875 0.2640625000000001
0 0.5234375 0.2890625000000001 0.453125 0.2890625000000001 0.453125 0.3609375000000001 0.5234375 0.3609375000000001
0 0.4734375 0.2531250000000001 0.4484375 0.2531250000000001 0.4484375 0.3609375000000001 0.4734375 0.3609375000000001
0 0.8984375 0.2921875000000001 0.5140625 0.2921875000000001 0.5140625 0.44218750000000007 0.8984375 0.4421875000000002
0 0.59375 0.2687500000000001 0.525 0.2687500000000001 0.525 0.3593750000000001 0.59375 0.3593750000000001
0 0.66875 0.2296875000000001 0.5921875 0.2296875000000001 0.5921875 0.2921875000000001 0.66875 0.2921875000000001
0 0.9 0.2406250000000001 0.6828125 0.2406250000000001 0.6828125 0.3281250000000001 0.9 0.3281250000000001
0 0.66875 0.1062500000000001 0.6546875 0.1062500000000001 0.6546875 0.2171875000000001 0.66875 0.2171875000000001
0 0.9453125 0.07343750000000011 0.896875 0.07343750000000011 0.896875 0.2390625000000001 0.9453125 0.2390625000000001
0 0.6984375 8.237663234889618e-17 0.646875 7.921933981984441e-17 0.646875 0.06093750000000009 0.6984375 0.06093750000000009
0 0.5828125 0.007812500000000068 0.528125 0.007812500000000064 0.528125 0.05156250000000007 0.5828125 0.05156250000000007
0 0.5171875 0.18906250000000005 0.4796875 0.18906250000000005 0.4796875 0.2500000000000001 0.5171875 0.2500000000000001
0 0.7015625 0.30156250000000007 0.653125 0.30156250000000007 0.653125 0.3593750000000001 0.7015625 0.3593750000000001
0 0.640625 0.05937500000000008 0.5953125 0.05937500000000007 0.5953125 0.09375000000000008 0.640625 0.09375000000000008
0 0.684375 0.4796875 0.6125 0.4796875 0.6125 0.628125 0.684375 0.628125
0 0.684375 0.5765625 0.5671875 0.5765625 0.5671875 0.628125 0.684375 0.628125
0 0.6234375 0.478125 0.6125 0.478125 0.6125 0.721875 0.6234375 0.721875
0 0.6656250000000001 0.73125 0.6515625000000002 0.73125 0.6515625000000002 0.915625 0.6656250000000001 0.915625
0 0.7609375 0.7140625000000002 0.7453125 0.7140625000000002 0.7453125 0.928125 0.7609375000000002 0.928125
1 0.903125 0.02968750000000011 0.8890625 0.02968750000000011 0.8890625 0.05937500000000011 0.903125 0.05937500000000011
1 0.884375 0.03281250000000011 0.875 0.03281250000000011 0.875 0.057812500000000114 0.884375 0.057812500000000114
1 0.8765625 0.03125000000000011 0.8671875 0.03125000000000011 0.8671875 0.05937500000000011 0.8765625 0.05937500000000011
2 0.8859375 0.050000000000000114 0.88125 0.050000000000000114 0.88125 0.06093750000000011 0.8859375 0.06093750000000011
2 0.9078125 0.04843750000000011 0.884375 0.04843750000000011 0.884375 0.0796875000000001 0.9078125 0.0796875000000001
2 0.7437500000000001 0.815625 0.7281250000000001 0.815625 0.7281250000000001 0.8375 0.7437500000000001 0.8375