0 0.45 0.275 0.2921875 0.275 0.29218750000000004 0.39531250000000007 0.45 0.39531250000000007
0 0.29531250000000003 0.240625 0.14843750000000006 0.240625 0.14843750000000006 0.3984375 0.2953125000000001 0.3984375
0 0.596875 0.017187500000000064 0.45625 0.017187500000000057 0.45625 0.3156250000000001 0.596875 0.3156250000000001
0 0.5203125 0.01093750000000006 0.453125 0.010937500000000055 0.453125 0.2062500000000001 0.5203125 0.2062500000000001
0 0.278125 2.3918882795846743e-17 0.1125 1.3777276490407724e-17 0.11250000000000002 0.225 0.278125 0.225
0 0.278125 2.602374448188126e-17 0.146875 1.798699986247675e-17 0.146875 0.1375 0.278125 0.13750000000000004
1 0.109375 0.1109375 0.07500000000000002 0.1109375 0.07500000000000002 0.15 0.109375 0.15
1 0.109375 0.02343750000000001 0.0703125 0.02343750000000001 0.0703125 0.06562500000000002 0.109375 0.06562500000000002
1 0.109375 0.08281250000000001 0.0734375 0.0828125 0.07343750000000002 0.1125 0.109375 0.1125
1 0.18281250000000004 0.3125 0.16093750000000004 0.3125 0.16093750000000004 0.3640625 0.18281250000000004 0.3640625
1 0.3734375 0.30156250000000007 0.35 0.3015625 0.35 0.35468750000000004 0.3734375 0.3546875000000001
1 0.4 0.3000000000000001 0.375 0.3000000000000001 0.375 0.3546875000000001 0.4 0.3546875000000001
1 0.56875 0.12031250000000007 0.528125 0.12031250000000004 0.528125 0.15312500000000007 0.56875 0.1531250000000001
1 0.565625 0.08125000000000007 0.528125 0.08125000000000007 0.528125 0.11875000000000006 0.565625 0.11875000000000009
1 0.56875 0.05156250000000007 0.5328125 0.05156250000000007 0.5328125 0.08593750000000007 0.56875 0.08593750000000007
2 0.553125 0.023437500000000066 0.5375 0.023437500000000066 0.5375 0.05156250000000007 0.553125 0.05156250000000007
1 0.4984375 0.04375000000000005 0.4609375 0.04375000000000005 0.4609375 0.07968750000000006 0.4984375 0.07968750000000006
1 0.4953125 0.01093750000000006 0.465625 0.010937500000000058 0.465625 0.04062500000000006 0.4953125 0.04062500000000006
0 0.93125 0.2718750000000001 0.725 0.2718750000000001 0.725 0.3984375000000001 0.93125 0.3984375000000001
1 0.8265625 0.30937500000000007 0.8015625 0.30937500000000007 0.8015625 0.3609375000000001 0.8265625 0.3609375000000001
1 0.853125 0.30937500000000007 0.8296875 0.30937500000000007 0.8296875 0.3656250000000001 0.853125 0.3656250000000001
1 0.99375 0.045312500000000124 0.959375 0.045312500000000124 0.959375 0.08125000000000011 0.99375 0.08125000000000011
1 0.9953125 0.13281250000000014 0.9546875 0.13281250000000014 0.9546875 0.16875000000000012 0.9953125 0.16875000000000012
1 0.99375 0.10000000000000013 0.9578125 0.10000000000000013 0.9578125 0.13593750000000013 0.99375 0.13593750000000013
2 1 0.08125000000000013 0.98125 0.08125000000000011 0.98125 0.10468750000000013 1 0.10468750000000013
1 0.12031250000000009 0.5921875 0.09687500000000007 0.5921875 0.09687500000000007 0.6453125 0.12031250000000009 0.6453125
1 0.23593750000000008 0.8171875 0.20312500000000008 0.8171875 0.20312500000000008 0.8484375 0.23593750000000008 0.8484375
1 0.23437500000000008 0.775 0.1984375000000001 0.775 0.1984375000000001 0.8125 0.23437500000000008 0.8125
0 0.5937500000000002 0.7484375 0.45625000000000016 0.7484375 0.45625000000000016 1 0.5937500000000002 1
1 0.5718750000000001 0.8515625 0.5328125000000001 0.8515625 0.5328125000000001 0.8828125 0.5718750000000001 0.8828125
1 0.5703125000000002 0.8125 0.5328125000000001 0.8125 0.5328125000000001 0.853125 0.5703125000000002 0.853125
1 0.5671875000000002 0.778125 0.5343750000000002 0.778125 0.5343750000000002 0.81875 0.5671875000000002 0.81875
0 0.5296875000000002 0.7328125 0.4593750000000002 0.7328125 0.4593750000000002 0.921875 0.5296875000000002 0.921875
1 0.5078125000000002 0.7859375 0.4750000000000002 0.7859375 0.4750000000000002 0.821875 0.5078125000000002 0.821875
1 0.5062500000000002 0.746875 0.47656250000000017 0.746875 0.47656250000000017 0.7875 0.5062500000000002 0.7875
1 0.9984375 0.8421875 0.9625 0.8421875 0.9625 0.88125 0.9984375 0.88125
1 0.996875 0.8078125 0.9609375 0.8078125 0.9609375 0.8421875 0.996875 0.8421875
1 0.996875 0.7546875000000002 0.9609375 0.7546875000000002 0.9609375 0.7937500000000002 0.996875 0.7937500000000002
0 1 0.6390625000000002 0.853125 0.6390625000000002 0.853125 0.6750000000000002 1 0.6750000000000002
0 0.2968750000000001 0.66875 0.23437500000000008 0.66875 0.23437500000000008 0.975 0.2968750000000001 0.975