0 0.715625 0.5234375 0.60625 0.5234375 0.60625 0.575 0.715625 0.575
0 0.6859375 0.3812500000000001 0.63125 0.3812500000000001 0.63125 0.3921875000000001 0.6859375 0.3921875000000001
0 0.690625 0.060937500000000075 0.61875 0.06093750000000007 0.61875 0.1296875000000001 0.690625 0.1296875000000001
0 0.6828125 0.10000000000000009 0.6296875 0.10000000000000009 0.6296875 0.1281250000000001 0.6828125 0.1281250000000001
0 0.3984375 0.08750000000000004 0.265625 0.08750000000000002 0.265625 0.13437500000000005 0.3984375 0.13437500000000005
0 0.5296875 0.13125000000000003 0.45625 0.13125000000000003 0.45625 0.465625 0.5296875 0.465625
0 0.496875 0.13281250000000006 0.453125 0.13281250000000006 0.453125 0.3375000000000001 0.496875 0.3375000000000001
0 0.2703125 0.11093750000000005 0.190625 0.11093750000000005 0.190625 0.17812500000000003 0.2703125 0.17812500000000003
0 0.2640625 0.17187500000000006 0.190625 0.17187500000000006 0.19062500000000002 0.25 0.2640625 0.25
0 0.26875 0.17812500000000003 0.2359375 0.17812500000000003 0.2359375 0.23125 0.26875 0.23125
0 0.23906250000000004 0.26875 0.19062500000000004 0.26875 0.19062500000000004 0.3703125 0.2390625000000001 0.3703125
0 0.2375000000000001 0.365625 0.19062500000000004 0.365625 0.19062500000000004 0.4671875 0.2375000000000001 0.4671875
0 0.2718750000000001 0.46875 0.19218750000000004 0.46875 0.19218750000000004 0.5328125 0.2718750000000001 0.5328125
0 0.4859375 0.4671875 0.4015625 0.4671875 0.4015625 0.55 0.4859375 0.55
0 0.2718750000000001 0.5265625 0.22812500000000008 0.5265625 0.22812500000000008 0.5640625 0.2718750000000001 0.5640625
0 0.4265625 0.15781250000000005 0.3984375 0.15781250000000005 0.3984375 0.17656250000000004 0.4265625 0.17656250000000004
0 0.32500000000000007 0.46875 0.3125000000000001 0.46875 0.3125000000000001 0.51875 0.32500000000000007 0.51875
0 0.35625 0.17968750000000006 0.3421875 0.17968750000000006 0.3421875 0.2421875 0.35625 0.2421875
0 0.3921875 0.18281250000000004 0.375 0.18281250000000004 0.375 0.21250000000000008 0.3921875 0.21250000000000008
1 0.46875 0.4828125 0.459375 0.4828125 0.459375 0.515625 0.46875 0.515625
1 0.48125 0.4859375 0.46875 0.4859375 0.46875 0.5109375 0.48125 0.5109375
2 0.49375 0.4828125 0.48125 0.4828125 0.48125 0.5 0.49375 0.5
0 0.4125000000000002 0.821875 0.26250000000000007 0.821875 0.26250000000000007 0.8828125 0.4125000000000002 0.8828125
0 0.7015625 0.1687500000000001 0.6828125 0.1687500000000001 0.6828125 0.2328125000000001 0.7015625 0.2328125000000001
0 0.6796875 0.459375 0.665625 0.459375 0.665625 0.515625 0.6796875 0.515625
1 0.5625 0.590625 0.55 0.590625 0.55 0.61875 0.5625 0.61875
1 0.6015625 0.6296875 0.5921875 0.6296875 0.5921875 0.65625 0.6015625 0.65625
1 0.61875 0.628125 0.609375 0.628125 0.609375 0.65625 0.61875 0.65625
1 0.5640625 0.665625 0.553125 0.665625 0.553125 0.6953125 0.5640625 0.6953125
1 0.5796875 0.6671875 0.5703125 0.6671875 0.5703125 0.6953125 0.5796875 0.6953125
1 0.5625000000000001 0.7078125 0.5515625 0.7078125 0.5515625000000001 0.7328125 0.5625000000000002 0.7328125
1 0.5796875000000001 0.703125 0.56875 0.703125 0.5687500000000001 0.7328125 0.5796875000000001 0.7328125
1 0.5656250000000002 0.746875 0.5546875000000002 0.746875 0.5546875000000002 0.7765625 0.5656250000000002 0.7765625
1 0.6109375000000001 0.740625 0.6000000000000002 0.740625 0.6000000000000002 0.771875 0.6109375000000001 0.771875
1 0.5750000000000002 0.78125 0.5687500000000002 0.78125 0.5687500000000002 0.8109375 0.5750000000000002 0.8109375
1 0.6046875000000002 0.784375 0.5984375000000002 0.784375 0.5984375000000002 0.8109375 0.6046875000000002 0.8109375
1 0.6187500000000001 0.7828125 0.6062500000000002 0.7828125 0.6062500000000002 0.8078125 0.6187500000000001 0.8078125
1 0.6328125000000002 0.7828125 0.6187500000000001 0.7828125 0.6187500000000001 0.809375 0.6328125000000002 0.809375
1 0.5906250000000002 0.81875 0.5796875000000001 0.81875 0.5796875000000001 0.84375 0.5906250000000002 0.84375
1 0.5750000000000002 0.81875 0.5593750000000002 0.81875 0.5593750000000002 0.84375 0.5750000000000002 0.84375
1 0.5765625000000002 0.8484375 0.5640625000000001 0.8484375 0.5640625000000001 0.88125 0.5765625000000002 0.88125
1 0.5937500000000002 0.8515625 0.5828125000000002 0.8515625 0.5828125000000002 0.8796875 0.5937500000000002 0.8796875
1 0.6250000000000002 0.8171875 0.6125000000000002 0.8171875 0.6125000000000002 0.8421875 0.6250000000000002 0.8421875
1 0.6406250000000002 0.81875 0.6312500000000002 0.81875 0.6312500000000002 0.8453125 0.6406250000000002 0.8453125
1 0.7359375 0.5890625000000002 0.7296875 0.5890625000000002 0.7296875 0.6156250000000002 0.7359375 0.6156250000000002
1 0.7546875 0.5875000000000001 0.7421875 0.5875000000000001 0.7421875 0.6140625000000002 0.7546875 0.6140625000000002
1 0.7375 0.6640625000000002 0.728125 0.6640625000000002 0.728125 0.6921875000000002 0.7375 0.6921875000000002
1 0.7546875 0.6656250000000001 0.746875 0.6656250000000001 0.746875 0.6890625000000001 0.7546875 0.6890625000000001
1 0.7156250000000002 0.746875 0.7078125000000002 0.746875 0.7078125000000002 0.76875 0.7156250000000002 0.76875
1 0.7609375000000002 0.7468750000000002 0.7515625000000001 0.7468750000000002 0.7515625000000001 0.7671875000000001 0.7609375000000002 0.7671875000000001
1 0.7296875000000002 0.8078125 0.7218750000000002 0.8078125 0.7218750000000002 0.8359375 0.7296875000000002 0.8359375
1 0.7468750000000002 0.80625 0.7375000000000002 0.80625 0.7375000000000002 0.83125 0.7468750000000002 0.83125
1 0.7390625000000002 0.84375 0.7296875000000002 0.84375 0.7296875000000002 0.871875 0.7390625000000002 0.871875
1 0.7562500000000002 0.846875 0.7468750000000002 0.846875 0.7468750000000002 0.875 0.7562500000000002 0.875
1 0.7687500000000002 0.84375 0.7562500000000002 0.84375 0.7562500000000002 0.8734375 0.7687500000000002 0.8734375
1 0.6828125 0.2000000000000001 0.665625 0.2000000000000001 0.665625 0.22656250000000008 0.6828125 0.22656250000000008
1 0.6625 0.08125000000000009 0.65625 0.08125000000000009 0.65625 0.10156250000000008 0.6625 0.10156250000000008
1 0.6578125 0.0671875000000001 0.64375 0.0671875000000001 0.64375 0.09375000000000008 0.6578125 0.09375000000000008
1 0.6640625 0.03281250000000008 0.65 0.03281250000000008 0.65 0.05937500000000009 0.6640625 0.05937500000000009