0 0.27656250000000004 0.10468750000000004 0.2640625 0.10468750000000004 0.26406250000000003 0.4609375 0.2765625000000001 0.4609375
0 0.1515625 0.048437500000000015 0.0875 0.04843750000000001 0.0875 0.06093750000000001 0.1515625 0.06093750000000002
0 0.24375 0.234375 0.2359375 0.234375 0.2359375 0.340625 0.24375 0.340625
0 0.24375000000000005 0.3453125 0.234375 0.3453125 0.23437500000000006 0.459375 0.24375000000000008 0.459375
0 0.3703125 0.06875000000000005 0.3578125 0.06875000000000005 0.3578125 0.20312500000000006 0.3703125 0.20312500000000008
0 0.4296875 0.27031250000000007 0.390625 0.27031250000000007 0.390625 0.2843750000000001 0.4296875 0.2843750000000001
1 0.1359375 0.023437500000000017 0.115625 0.023437500000000017 0.115625 0.04843750000000001 0.1359375 0.04843750000000001
1 0.265625 0.26875 0.2484375 0.26875 0.2484375 0.2953125 0.265625 0.2953125
1 0.234375 0.271875 0.215625 0.271875 0.215625 0.30625 0.234375 0.30625
1 0.23593750000000008 0.3828125 0.21875000000000008 0.3828125 0.21875000000000008 0.41875 0.23593750000000008 0.41875
2 0.35625 0.13906250000000003 0.340625 0.13906250000000003 0.340625 0.16250000000000003 0.35625 0.16250000000000003
1 0.35625 0.11562500000000005 0.3390625 0.11562500000000005 0.3390625 0.14218750000000005 0.35625 0.14218750000000005
1 0.421875 0.24375000000000008 0.4015625 0.24375000000000008 0.4015625 0.2671875000000001 0.421875 0.2671875000000001
1 0.559375 0.2453125000000001 0.5453125 0.2453125000000001 0.5453125 0.2718750000000001 0.559375 0.2718750000000001
1 0.4953125 0.001562500000000059 0.46875 0.0015625000000000575 0.46875 0.025000000000000057 0.4953125 0.025000000000000057
1 0.60625 0.01718750000000007 0.5875 0.01718750000000007 0.5875 0.043750000000000074 0.60625 0.04375000000000008
2 0.615625 0.015625000000000076 0.6078125 0.015625000000000073 0.6078125 0.028125000000000077 0.615625 0.028125000000000077
2 0.70625 0.1359375000000001 0.6890625 0.1359375000000001 0.6890625 0.1609375000000001 0.70625 0.1609375000000001
1 0.603125 0.2062500000000001 0.5890625 0.2062500000000001 0.5890625 0.22812500000000008 0.603125 0.22812500000000008
1 0.7046875 0.11562500000000009 0.690625 0.11562500000000009 0.690625 0.14218750000000008 0.7046875 0.14218750000000008
1 0.7375 0.11562500000000009 0.721875 0.11562500000000009 0.721875 0.1687500000000001 0.7375 0.1687500000000001
1 0.409375 4.8794520903527353e-17 0.3875 4.7455063466959936e-17 0.3875 0.01250000000000005 0.409375 0.01250000000000005
0 0.85625 0.2671875000000001 0.75625 0.2671875000000001 0.75625 0.2734375000000001 0.85625 0.2734375000000001
1 0.8171875 0.2375000000000001 0.796875 0.2375000000000001 0.796875 0.26250000000000007 0.8171875 0.26250000000000007
1 0.8859375 0.11562500000000009 0.86875 0.11562500000000009 0.86875 0.1593750000000001 0.8859375 0.1593750000000001
0 0.896875 0.05625000000000011 0.8875 0.05625000000000011 0.8875 0.21875000000000008 0.896875 0.21875000000000008
0 0.42968750000000017 0.8484375 0.4203125000000002 0.8484375 0.4203125000000002 0.95 0.42968750000000017 0.95
0 0.4578125000000002 0.8109375 0.44843750000000016 0.8109375 0.44843750000000016 0.9859375 0.4578125000000002 0.9859375
2 0.4468750000000002 0.9015625 0.4312500000000002 0.9015625 0.4312500000000002 0.9234375 0.4468750000000002 0.9234375
2 0.41718750000000016 0.9015625 0.4000000000000002 0.9015625 0.4000000000000002 0.9203125 0.41718750000000016 0.9203125
1 0.4187500000000002 0.871875 0.3984375000000001 0.871875 0.3984375000000001 0.9046875 0.4187500000000002 0.9046875
1 0.4437500000000002 0.8796875 0.43281250000000016 0.8796875 0.43281250000000016 0.9046875 0.4437500000000002 0.9046875
2 0.5953125 0.58125 0.5765625 0.58125 0.5765625 0.6 0.5953125 0.6
2 0.7328125 0.6000000000000001 0.715625 0.6 0.715625 0.6187500000000001 0.7328125 0.6187500000000001
1 0.7734375 0.5859375000000002 0.7546875 0.5859375000000002 0.7546875 0.6187500000000001 0.7734375 0.6187500000000001
2 0.7640625 0.5750000000000002 0.75625 0.5750000000000002 0.75625 0.5875000000000001 0.7640625 0.5875000000000001
2 0.68125 0.4328125 0.6734375 0.4328125 0.6734375 0.440625 0.68125 0.440625
1 0.59375 0.559375 0.5765625 0.559375 0.5765625 0.5796875 0.59375 0.5796875
0 0.6046875 0.5078125 0.5953125 0.5078125 0.5953125 0.646875 0.6046875 0.646875
1 0.621875 0.5546875 0.60625 0.5546875 0.60625 0.5828125 0.621875 0.5828125
1 0.675 0.428125 0.6484375 0.428125 0.6484375 0.4515625 0.675 0.4515625
1 0.7328125 0.5546875000000001 0.7140625 0.5546875 0.7140625 0.6000000000000001 0.7328125 0.6000000000000002
1 0.690625 0.684375 0.6703125 0.684375 0.6703125 0.70625 0.690625 0.70625
1 0.8828125 0.6843750000000002 0.865625 0.6843750000000002 0.865625 0.7093750000000002 0.8828125 0.7093750000000002
1 0.9609375 0.5515625000000002 0.9421875 0.5515625000000002 0.9421875 0.5984375000000002 0.9609375 0.5984375000000002
0 0.6296875 0.5234375 0.625 0.5234375 0.625 0.6265625 0.6296875 0.6265625
0 0.7078125 0.709375 0.65625 0.709375 0.65625 0.71875 0.7078125 0.71875
0 0.925 0.7109375000000002 0.8234375 0.7109375000000002 0.8234375 0.7187500000000002 0.925 0.7187500000000002
0 0.9703125 0.49218750000000017 0.9625 0.49218750000000017 0.9625 0.6578125000000001 0.9703125 0.6578125000000001