0 0.459375 0.3734375000000001 0.40625 0.3734375000000001 0.40625 0.5421875 0.459375 0.5421875
0 0.315625 0.056250000000000036 0.246875 0.05625000000000002 0.246875 0.16875000000000004 0.315625 0.16875000000000004
0 0.846875 0.17187500000000008 0.7734375 0.17187500000000008 0.7734375 0.6609375000000002 0.846875 0.6609375000000002
0 0.7703125000000001 0.6578125000000001 0.48125 0.6578125 0.48125000000000007 0.7406250000000001 0.7703125000000002 0.7406250000000002
0 0.4062500000000001 0.6578125 0.2468750000000001 0.6578125 0.2468750000000001 0.740625 0.40625000000000017 0.740625
1 0.2609375 0.026562500000000034 0.246875 0.026562500000000034 0.246875 0.05312500000000002 0.2609375 0.05312500000000002
1 0.2734375 0.032812500000000036 0.25625 0.032812500000000036 0.25625 0.05781250000000003 0.2734375 0.057812500000000044
1 0.3078125 0.04218750000000003 0.290625 0.04218750000000003 0.290625 0.06875000000000005 0.3078125 0.06875000000000005
1 0.3171875 0.051562500000000046 0.3046875 0.051562500000000046 0.3046875 0.07500000000000004 0.3171875 0.07500000000000004
2 0.328125 0.05468750000000004 0.3203125 0.05468750000000004 0.3203125 0.06875000000000005 0.328125 0.06875000000000005
1 0.446875 0.4171875 0.428125 0.4171875 0.428125 0.440625 0.446875 0.440625
1 0.3359375000000001 0.6953125 0.3125000000000001 0.6953125 0.3125000000000001 0.71875 0.3359375000000001 0.71875
1 0.2843750000000001 0.765625 0.27812500000000007 0.765625 0.27812500000000007 0.790625 0.2843750000000001 0.790625
1 0.2953125000000001 0.7625 0.28593750000000007 0.7625 0.28593750000000007 0.7859375 0.2953125000000001 0.7859375
1 0.2796875000000001 0.80625 0.2687500000000001 0.80625 0.2687500000000001 0.828125 0.2796875000000001 0.828125
1 0.2953125000000001 0.8046875 0.2843750000000001 0.8046875 0.2843750000000001 0.828125 0.2953125000000001 0.828125
1 0.2796875000000001 0.8453125 0.2687500000000001 0.8453125 0.2687500000000001 0.8703125 0.2796875000000001 0.8703125
1 0.29375000000000007 0.8421875 0.2843750000000001 0.8421875 0.2843750000000001 0.871875 0.29375000000000007 0.871875
1 0.2765625000000001 0.884375 0.2687500000000001 0.884375 0.2687500000000001 0.9125 0.2765625000000001 0.9125
1 0.2750000000000001 0.925 0.2640625000000001 0.925 0.2640625000000001 0.953125 0.2750000000000001 0.953125
1 0.29375000000000007 0.8859375 0.2843750000000001 0.8859375 0.2843750000000001 0.9109375 0.29375000000000007 0.9109375
1 0.2890625000000001 0.9265625 0.2765625000000001 0.9265625 0.2765625000000001 0.9515625 0.2890625000000001 0.9515625
1 0.2984375000000001 0.928125 0.2906250000000001 0.928125 0.2906250000000001 0.9515625 0.2984375000000001 0.9515625
1 0.3734375000000001 0.7609375 0.36406250000000007 0.7609375 0.36406250000000007 0.7875 0.3734375000000001 0.7875
1 0.3578125000000001 0.8046875 0.3437500000000001 0.8046875 0.3437500000000001 0.8296875 0.3578125000000001 0.8296875
1 0.37187500000000007 0.8015625 0.3609375000000001 0.8015625 0.3609375000000001 0.8296875 0.37187500000000007 0.8296875
1 0.35625000000000007 0.8453125 0.3421875000000001 0.8453125 0.3421875000000001 0.8703125 0.35625000000000007 0.8703125
1 0.37187500000000007 0.8453125 0.3578125000000001 0.8453125 0.3578125000000001 0.8703125 0.37187500000000007 0.8703125
1 0.36406250000000007 0.8859375 0.3531250000000001 0.8859375 0.3531250000000001 0.9125 0.36406250000000007 0.9125
1 0.34843750000000007 0.925 0.3390625000000001 0.925 0.3390625000000001 0.9546875 0.34843750000000007 0.9546875
1 0.3656250000000001 0.9265625 0.35625000000000007 0.9265625 0.35625000000000007 0.953125 0.3656250000000001 0.953125
1 0.3765625000000001 0.9265625 0.3656250000000001 0.9265625 0.3656250000000001 0.9515625 0.3765625000000001 0.9515625
1 0.4500000000000002 0.8453125 0.4359375000000002 0.8453125 0.4359375000000002 0.8703125 0.4500000000000002 0.8703125
1 0.4500000000000002 0.8828125 0.4359375000000002 0.8828125 0.4359375000000002 0.9109375 0.4500000000000002 0.9109375
1 0.4359375000000002 0.928125 0.4234375000000002 0.928125 0.4234375000000002 0.9546875 0.4359375000000002 0.9546875
1 0.4515625000000002 0.9265625 0.44062500000000016 0.9265625 0.44062500000000016 0.953125 0.4515625000000002 0.953125
1 0.46093750000000017 0.928125 0.4515625000000002 0.928125 0.4515625000000002 0.953125 0.46093750000000017 0.953125
1 0.4390625000000002 0.8046875 0.42968750000000017 0.8046875 0.42968750000000017 0.8296875 0.4390625000000002 0.8296875
1 0.4578125000000002 0.803125 0.4437500000000002 0.803125 0.4437500000000002 0.83125 0.4578125000000002 0.83125
1 0.4593750000000002 0.7625 0.44843750000000016 0.7625 0.44843750000000016 0.7890625 0.4593750000000002 0.7890625
1 0.5421875000000002 0.803125 0.5312500000000002 0.803125 0.5312500000000002 0.83125 0.5421875000000002 0.83125
1 0.5421875000000002 0.84375 0.5328125000000001 0.84375 0.5328125000000001 0.8703125 0.5421875000000002 0.8703125
1 0.5343750000000002 0.8859375 0.5281250000000002 0.8859375 0.5281250000000002 0.909375 0.5343750000000002 0.909375
1 0.5468750000000002 0.8875 0.5328125000000001 0.8875 0.5328125000000001 0.909375 0.5468750000000002 0.909375
1 0.5218750000000002 0.9265625 0.5140625000000002 0.9265625 0.5140625000000002 0.953125 0.5218750000000002 0.953125
1 0.5312500000000002 0.928125 0.5250000000000001 0.928125 0.5250000000000001 0.9546875 0.5312500000000002 0.9546875
1 0.5500000000000002 0.9296875 0.5390625000000002 0.9296875 0.5390625000000002 0.9515625 0.5500000000000002 0.9515625
1 0.5593750000000002 0.9265625 0.5484375000000001 0.9265625 0.5484375000000001 0.9515625 0.5593750000000002 0.9515625
1 0.6187500000000001 0.80625 0.6125000000000002 0.80625 0.6125000000000002 0.83125 0.6187500000000001 0.83125
1 0.6265625000000001 0.8453125 0.6140625000000002 0.8453125 0.6140625000000002 0.8703125 0.6265625000000001 0.8703125
1 0.6234375000000002 0.8859375 0.6187500000000001 0.8859375 0.6187500000000001 0.9125 0.6234375000000002 0.9125
1 0.6156250000000002 0.9234375 0.6046875000000002 0.9234375 0.6046875000000002 0.95625 0.6156250000000002 0.95625
1 0.6234375000000002 0.9265625 0.6156250000000002 0.9265625 0.6156250000000002 0.9515625 0.6234375000000002 0.9515625
1 0.6375000000000002 0.8828125 0.6281250000000002 0.8828125 0.6281250000000002 0.9109375 0.6375000000000002 0.9109375
1 0.6390625000000002 0.9265625 0.6312500000000002 0.9265625 0.6312500000000002 0.9515625 0.6390625000000002 0.9515625
1 0.6515625000000002 0.928125 0.6406250000000002 0.928125 0.6406250000000002 0.953125 0.6515625000000002 0.953125
1 0.6406250000000002 0.8453125 0.6296875000000002 0.8453125 0.6296875000000002 0.8703125 0.6406250000000002 0.8703125
1 0.6375000000000002 0.803125 0.6250000000000002 0.803125 0.6250000000000002 0.83125 0.6375000000000002 0.83125
1 0.6468750000000002 0.8046875 0.6359375000000002 0.8046875 0.6359375000000002 0.8296875 0.6468750000000002 0.8296875
1 0.5531250000000002 0.7625 0.5406250000000001 0.7625 0.5406250000000001 0.7890625 0.5531250000000002 0.7890625
1 0.6437500000000002 0.7640625 0.6328125000000002 0.7640625 0.6328125000000002 0.7890625 0.6437500000000002 0.7890625
1 0.7171875000000002 0.8046875 0.7093750000000002 0.8046875 0.7093750000000002 0.8328125 0.7171875000000002 0.8328125
1 0.7328125000000002 0.8015625 0.7234375000000002 0.8015625 0.7234375000000002 0.83125 0.7328125000000002 0.83125
1 0.7234375000000002 0.8453125 0.7140625000000002 0.8453125 0.7140625000000002 0.8703125 0.7234375000000002 0.8703125
1 0.7187500000000002 0.8859375 0.7093750000000002 0.8859375 0.7093750000000002 0.9140625 0.7187500000000002 0.9140625
1 0.7328125000000002 0.884375 0.7187500000000002 0.884375 0.7187500000000002 0.9109375 0.7328125000000002 0.9109375
1 0.7109375000000002 0.925 0.7015625000000002 0.925 0.7015625000000002 0.953125 0.7109375000000002 0.953125
1 0.7234375000000002 0.9265625 0.7109375000000002 0.9265625 0.7109375000000002 0.9515625 0.7234375000000002 0.9515625
1 0.7390625000000002 0.928125 0.7281250000000001 0.928125 0.7281250000000001 0.95 0.7390625000000002 0.95
1 0.7937500000000002 0.8046875 0.7859375000000002 0.8046875 0.7859375000000002 0.83125 0.7937500000000002 0.83125
1 0.8015625 0.846875 0.7921875000000002 0.846875 0.7921875000000002 0.875 0.8015625 0.875
1 0.815625 0.84375 0.8015625 0.84375 0.8015625 0.86875 0.815625 0.86875
1 0.8015625 0.8859375 0.7937500000000002 0.8859375 0.7937500000000002 0.909375 0.8015625 0.909375
1 0.815625 0.8859375 0.8015625 0.8859375 0.8015625 0.9140625 0.815625 0.9140625
1 0.7968750000000002 0.925 0.7843750000000002 0.925 0.7843750000000002 0.953125 0.7968750000000002 0.953125
1 0.8046875 0.928125 0.7984375000000001 0.928125 0.7984375000000001 0.953125 0.8046875 0.953125
1 0.821875 0.928125 0.8140625 0.928125 0.8140625 0.9515625 0.821875 0.9515625
1 0.8125 0.803125 0.8 0.803125 0.8 0.83125 0.8125 0.83125
1 0.821875 0.8046875 0.8109375 0.8046875 0.8109375 0.8328125 0.821875 0.8328125
1 0.7265625000000002 0.7640625000000001 0.7203125000000001 0.7640625 0.7203125000000001 0.7890625000000001 0.7265625000000002 0.7890625000000002
1 0.7406250000000002 0.7656250000000002 0.7281250000000001 0.7656250000000002 0.7281250000000001 0.7890625000000002 0.7406250000000002 0.7890625000000002
1 0.809375 0.7640625000000002 0.803125 0.7640625000000002 0.803125 0.7906250000000001 0.809375 0.7906250000000001
1 0.8234375 0.7640625000000002 0.8125 0.7640625000000002 0.8125 0.7890625000000002 0.8234375 0.7890625000000002
1 0.8875 0.7656250000000002 0.878125 0.7656250000000002 0.878125 0.7875000000000002 0.8875 0.7875000000000002
1 0.884375 0.80625 0.871875 0.80625 0.871875 0.828125 0.884375 0.828125
1 0.8765625 0.8453125 0.86875 0.8453125 0.86875 0.8703125 0.8765625 0.8703125
1 0.878125 0.8828125 0.86875 0.8828125 0.86875 0.9109375 0.878125 0.9109375
1 0.8671875 0.9265625 0.8546875 0.9265625 0.8546875 0.95 0.8671875 0.95
1 0.8765625 0.9265625 0.865625 0.9265625 0.865625 0.9515625 0.8765625 0.9515625
1 0.8921875 0.925 0.8796875 0.925 0.8796875 0.953125 0.8921875 0.953125
1 0.903125 0.925 0.890625 0.925 0.890625 0.953125 0.903125 0.953125
1 0.8890625 0.8859375 0.8796875 0.8859375 0.8796875 0.9109375 0.8890625 0.9109375
1 0.8875 0.84375 0.878125 0.84375 0.878125 0.871875 0.8875 0.871875
1 0.9015625 0.7640625000000002 0.8890625 0.7640625000000002 0.8890625 0.7890625000000002 0.9015625 0.7890625000000002