0 0.23906250000000004 0.25625 0.17343750000000005 0.25625 0.17343750000000005 0.39375 0.2390625000000001 0.39375
0 0.23906250000000004 0.3046875 0.19531250000000006 0.3046875 0.19531250000000006 0.3828125 0.2390625000000001 0.3828125
2 0.23593750000000005 0.3484375 0.215625 0.3484375 0.21562500000000004 0.3765625 0.23593750000000008 0.3765625
0 0.30156250000000007 0.4140625 0.2375000000000001 0.4140625 0.2375000000000001 0.46875 0.30156250000000007 0.46875
2 0.2390625000000001 0.4234375 0.2218750000000001 0.4234375 0.2218750000000001 0.45 0.2390625000000001 0.45
0 0.36718750000000006 0.25781250000000006 0.3015625 0.2578125 0.30156250000000007 0.4421875 0.3671875000000001 0.4421875
0 0.34062500000000007 0.303125 0.303125 0.303125 0.30312500000000003 0.384375 0.34062500000000007 0.384375
0 0.275 0.18281250000000004 0.225 0.18281250000000004 0.225 0.2375 0.275 0.2375
2 0.303125 0.15625000000000006 0.296875 0.15625000000000006 0.296875 0.16718750000000004 0.303125 0.16718750000000004
1 0.3578125 0.3203125 0.34375 0.3203125 0.34375 0.328125 0.3578125 0.328125
1 0.3578125 0.3078125 0.346875 0.3078125 0.346875 0.3203125 0.3578125 0.3203125
1 0.359375 0.296875 0.346875 0.296875 0.346875 0.309375 0.359375 0.309375
2 0.353125 0.284375 0.346875 0.284375 0.346875 0.29375 0.353125 0.29375
1 0.2625 0.15781250000000005 0.25625 0.15781250000000005 0.25625 0.17500000000000004 0.2625 0.17500000000000004
1 0.26875 0.15781250000000005 0.2609375 0.15781250000000005 0.2609375 0.17500000000000004 0.26875 0.17500000000000004
1 0.2875 0.15781250000000005 0.278125 0.15781250000000005 0.278125 0.17656250000000004 0.2875 0.17656250000000004
1 0.2953125 0.15781250000000005 0.2875 0.15781250000000005 0.2875 0.17500000000000004 0.2953125 0.17500000000000004
1 0.415625 0.13281250000000006 0.409375 0.13281250000000006 0.409375 0.15000000000000005 0.415625 0.15000000000000005
2 0.3187500000000001 0.428125 0.3000000000000001 0.428125 0.3000000000000001 0.459375 0.3187500000000001 0.459375
1 0.3234375000000001 0.4203125 0.3109375000000001 0.4203125 0.3109375000000001 0.4328125 0.3234375000000001 0.4328125
1 0.3234375000000001 0.4390625 0.3109375000000001 0.4390625 0.3109375000000001 0.4515625 0.3234375000000001 0.4515625
2 0.3265625000000001 0.4359375 0.3218750000000001 0.4359375 0.3218750000000001 0.4421875 0.3265625000000001 0.4421875
0 0.5 0.4125 0.39531250000000007 0.4125 0.39531250000000007 0.4671875 0.5 0.4671875
0 0.53125 0.2375000000000001 0.4984375 0.2375000000000001 0.4984375 0.4125 0.53125 0.4125
0 0.7734375 0.2578125000000001 0.7359375 0.2578125000000001 0.7359375 0.3937500000000001 0.7734375 0.3937500000000001
0 0.7640625 0.4140625000000001 0.70625 0.4140625 0.70625 0.46562500000000007 0.7640625 0.4656250000000002
1 0.22656250000000008 0.4296875 0.2140625000000001 0.4296875 0.2140625000000001 0.4421875 0.22656250000000008 0.4421875
1 0.22656250000000008 0.4484375 0.2140625000000001 0.4484375 0.2140625000000001 0.4625 0.22656250000000008 0.4625
1 0.2750000000000001 0.4390625 0.2640625000000001 0.4390625 0.2640625000000001 0.4578125 0.2750000000000001 0.4578125
1 0.17343750000000005 0.325 0.16406250000000006 0.325 0.16406250000000006 0.3390625 0.17343750000000005 0.3390625
1 0.17812500000000003 0.3140625 0.17031250000000003 0.3140625 0.17031250000000003 0.3265625 0.17812500000000003 0.3265625
1 0.19843750000000004 0.31875 0.18593750000000003 0.31875 0.18593750000000003 0.3328125 0.19843750000000004 0.3328125
1 0.2171875 0.3390625 0.209375 0.3390625 0.209375 0.3578125 0.2171875 0.3578125
1 0.23125 0.3359375 0.2203125 0.3359375 0.2203125 0.3578125 0.23125 0.3578125
1 0.328125 0.321875 0.315625 0.321875 0.315625 0.3359375 0.328125 0.3359375
1 0.3328125 0.3140625 0.325 0.3140625 0.325 0.3234375 0.3328125 0.3234375
1 0.3578125 0.3515625 0.3453125 0.3515625 0.3453125 0.3625 0.3578125 0.3625
1 0.3578125 0.3421875 0.3453125 0.3421875 0.3453125 0.3515625 0.3578125 0.3515625
1 0.4515625 0.4328125 0.44375 0.4328125 0.44375 0.4515625 0.4515625 0.4515625
1 0.5203125 0.3203125000000001 0.5109375 0.3203125000000001 0.5109375 0.33281250000000007 0.5203125 0.33281250000000007
1 0.759375 0.32500000000000007 0.746875 0.32500000000000007 0.746875 0.3375000000000001 0.759375 0.3375000000000001
1 0.7640625 0.3125000000000001 0.75625 0.3125000000000001 0.75625 0.32500000000000007 0.7640625 0.32500000000000007
1 0.7515625 0.42500000000000016 0.7421875 0.42500000000000016 0.7421875 0.4437500000000002 0.7515625 0.4437500000000002
1 0.7609375 0.44062500000000016 0.75 0.44062500000000016 0.75 0.4500000000000002 0.7609375 0.4500000000000002
1 0.9515625 0.5093750000000001 0.94375 0.5093750000000001 0.94375 0.5218750000000002 0.9515625 0.5218750000000002
1 0.959375 0.5078125000000002 0.9515625 0.5078125000000002 0.9515625 0.5234375000000002 0.959375 0.5234375000000002
1 0.8921875 0.5093750000000001 0.884375 0.5093750000000001 0.884375 0.5250000000000001 0.8921875 0.5250000000000001
1 0.8984375 0.5078125000000002 0.8921875 0.5078125000000002 0.8921875 0.5250000000000001 0.8984375 0.5250000000000001
1 0.896875 0.5500000000000002 0.8890625 0.5500000000000002 0.8890625 0.5656250000000002 0.896875 0.5656250000000002
1 0.9484375 0.5515625000000002 0.940625 0.5515625000000002 0.940625 0.5671875000000002 0.9484375 0.5671875000000002
1 0.9609375 0.5500000000000002 0.9546875 0.5500000000000002 0.9546875 0.5656250000000002 0.9609375 0.5656250000000002
1 0.8328125 0.5078125000000002 0.8265625 0.5078125000000002 0.8265625 0.5234375000000002 0.8328125 0.5234375000000002
1 0.840625 0.5093750000000001 0.834375 0.5093750000000001 0.834375 0.5234375000000002 0.840625 0.5234375000000002
1 0.83125 0.5515625000000002 0.8234375 0.5515625000000002 0.8234375 0.5671875000000002 0.83125 0.5671875000000002
1 0.84375 0.5500000000000002 0.834375 0.5500000000000002 0.834375 0.5687500000000002 0.84375 0.5687500000000002
1 0.9265625 0.5828125000000002 0.915625 0.5828125000000002 0.915625 0.5984375000000002 0.9265625 0.5984375000000002
1 0.775 0.5078125000000002 0.7671875 0.5078125000000002 0.7671875 0.5250000000000001 0.775 0.5250000000000001
1 0.7828125 0.5093750000000001 0.775 0.5093750000000001 0.775 0.5250000000000001 0.7828125 0.5250000000000001
1 0.715625 0.50625 0.70625 0.50625 0.70625 0.525 0.715625 0.525
1 0.725 0.5078125 0.7171875 0.5078125 0.7171875 0.525 0.725 0.525
1 0.65625 0.509375 0.6484375 0.509375 0.6484375 0.525 0.65625 0.525
1 0.665625 0.509375 0.65625 0.509375 0.65625 0.5234375 0.665625 0.5234375
1 0.5984375 0.509375 0.590625 0.509375 0.590625 0.5234375 0.5984375 0.5234375
1 0.60625 0.5078125 0.596875 0.5078125 0.596875 0.5234375 0.60625 0.5234375
1 0.5375 0.5078125 0.5328125 0.5078125 0.5328125 0.5234375 0.5375 0.5234375
1 0.546875 0.5078125 0.5390625 0.5078125 0.5390625 0.525 0.546875 0.525
1 0.596875 0.55 0.5875 0.55 0.5875 0.5671875 0.596875 0.5671875
1 0.6078125 0.55 0.6 0.55 0.6 0.5671875 0.6078125 0.5671875
1 0.478125 0.509375 0.4734375 0.509375 0.4734375 0.525 0.478125 0.525
1 0.4875 0.5078125 0.48125 0.5078125 0.48125 0.5234375 0.4875 0.5234375
1 0.4546875 0.55 0.4453125 0.55 0.4453125 0.5671875 0.4546875 0.5671875
1 0.421875 0.509375 0.4171875 0.509375 0.4171875 0.525 0.421875 0.525
1 0.43125 0.5046875 0.4234375 0.5046875 0.4234375 0.5265625 0.43125 0.5265625
1 0.3609375000000001 0.5078125 0.3546875000000001 0.5078125 0.3546875000000001 0.525 0.3609375000000001 0.525
1 0.3703125000000001 0.50625 0.3609375000000001 0.50625 0.3609375000000001 0.5234375 0.3703125000000001 0.5234375
1 0.35625000000000007 0.5484375 0.34843750000000007 0.5484375 0.34843750000000007 0.5671875 0.35625000000000007 0.5671875
1 0.3671875000000001 0.5515625 0.3593750000000001 0.5515625 0.3593750000000001 0.5671875 0.3671875000000001 0.5671875
1 0.3765625000000001 0.5515625 0.3687500000000001 0.5515625 0.3687500000000001 0.5671875 0.3765625000000001 0.5671875
1 0.30156250000000007 0.5078125 0.2953125000000001 0.5078125 0.2953125000000001 0.5234375 0.30156250000000007 0.5234375
1 0.30937500000000007 0.5078125 0.3031250000000001 0.5078125 0.3031250000000001 0.5265625 0.30937500000000007 0.5265625
1 0.2484375000000001 0.5078125 0.2406250000000001 0.5078125 0.2406250000000001 0.525 0.2484375000000001 0.525
1 0.2375000000000001 0.553125 0.2312500000000001 0.553125 0.2312500000000001 0.56875 0.2375000000000001 0.56875
1 0.2500000000000001 0.5515625 0.2406250000000001 0.5515625 0.2406250000000001 0.565625 0.2500000000000001 0.565625
1 0.2578125000000001 0.5515625 0.2500000000000001 0.5515625 0.2500000000000001 0.565625 0.2578125000000001 0.565625
1 0.3000000000000001 0.5515625 0.2953125000000001 0.5515625 0.2953125000000001 0.56875 0.3000000000000001 0.56875
1 0.3125000000000001 0.55 0.3046875000000001 0.55 0.3046875000000001 0.5671875 0.3125000000000001 0.5671875
1 0.7484375 0.5484375000000001 0.740625 0.5484375000000001 0.740625 0.5671875000000002 0.7484375 0.5671875000000002
1 0.7796875 0.5812500000000002 0.7703125 0.5812500000000002 0.7703125 0.5984375000000002 0.7796875 0.5984375000000002
1 0.5359375 0.5828125 0.5296875 0.5828125 0.5296875 0.5984375 0.5359375 0.5984375
1 0.5484375 0.58125 0.540625 0.58125 0.540625 0.5984375 0.5484375 0.5984375
1 0.3375000000000001 0.5828125 0.3296875000000001 0.5828125 0.3296875000000001 0.596875 0.3375000000000001 0.596875
1 0.3453125000000001 0.58125 0.3390625000000001 0.58125 0.3390625000000001 0.5984375 0.3453125000000001 0.5984375
1 0.3265625000000001 0.58125 0.31718750000000007 0.58125 0.31718750000000007 0.6 0.3265625000000001 0.6
1 0.2468750000000001 0.58125 0.2406250000000001 0.58125 0.2406250000000001 0.5984375 0.2468750000000001 0.5984375
1 0.24218750000000008 0.621875 0.2375000000000001 0.621875 0.2375000000000001 0.6390625 0.24218750000000008 0.6390625
1 0.2515625000000001 0.625 0.24375000000000008 0.625 0.24375000000000008 0.640625 0.2515625000000001 0.640625
1 0.30156250000000007 0.621875 0.2968750000000001 0.621875 0.2968750000000001 0.640625 0.30156250000000007 0.640625
1 0.3109375000000001 0.6234375 0.3031250000000001 0.6234375 0.3031250000000001 0.6390625 0.3109375000000001 0.6390625
1 0.3609375000000001 0.6234375 0.35625000000000007 0.6234375 0.35625000000000007 0.6390625 0.3609375000000001 0.6390625
1 0.3703125000000001 0.6234375 0.3609375000000001 0.6234375 0.3609375000000001 0.6390625 0.3703125000000001 0.6390625
1 0.4203125 0.6234375 0.4125 0.6234375 0.4125 0.6390625 0.4203125 0.6390625
1 0.4265625 0.6234375 0.421875 0.6234375 0.421875 0.6390625 0.4265625 0.6390625
1 0.4796875 0.6234375 0.471875 0.6234375 0.471875 0.6390625 0.4796875 0.6390625
1 0.4875 0.6234375 0.4796875 0.6234375 0.4796875 0.6390625 0.4875 0.6390625
1 0.5390625 0.6234375 0.53125 0.6234375 0.53125 0.6390625 0.5390625 0.6390625
1 0.546875 0.625 0.5375 0.625 0.5375 0.6375 0.546875 0.6375
1 0.5984375 0.6234375 0.590625 0.6234375 0.590625 0.6390625 0.5984375 0.6390625
1 0.6078125 0.625 0.5984375 0.625 0.5984375 0.6390625 0.6078125 0.6390625
1 0.65625 0.6234375 0.6484375 0.6234375 0.6484375 0.6390625 0.65625 0.6390625
1 0.665625 0.6234375 0.6578125 0.6234375 0.6578125 0.6390625 0.665625 0.6390625
1 0.715625 0.6234375 0.7078125 0.6234375 0.7078125 0.6390625 0.715625 0.6390625
1 0.7234375 0.6234375 0.715625 0.6234375 0.715625 0.6390625 0.7234375 0.6390625
1 0.775 0.6234375000000002 0.7671875 0.6234375000000002 0.7671875 0.6390625000000002 0.775 0.6390625000000002
1 0.78125 0.6234375000000002 0.775 0.6234375000000002 0.775 0.6390625000000002 0.78125 0.6390625000000002
1 0.8328125 0.6250000000000002 0.8265625 0.6250000000000002 0.8265625 0.6406250000000002 0.8328125 0.6406250000000002
1 0.8421875 0.6250000000000002 0.8328125 0.6250000000000002 0.8328125 0.6406250000000002 0.8421875 0.6406250000000002
1 0.8921875 0.6234375000000002 0.884375 0.6234375000000002 0.884375 0.6390625000000002 0.8921875 0.6390625000000002
1 0.9 0.6250000000000002 0.8921875 0.6250000000000002 0.8921875 0.6406250000000002 0.9 0.6406250000000002
1 0.95 0.6234375000000002 0.94375 0.6234375000000002 0.94375 0.6390625000000002 0.95 0.6390625000000002
1 0.959375 0.6234375000000002 0.95 0.6234375000000002 0.95 0.6375000000000002 0.959375 0.6375000000000002
1 0.2375000000000001 0.7015625 0.2312500000000001 0.7015625 0.2312500000000001 0.7203125 0.2375000000000001 0.7203125
1 0.2453125000000001 0.7046875 0.2375000000000001 0.7046875 0.2375000000000001 0.7203125 0.2453125000000001 0.7203125
1 0.2593750000000001 0.7015625 0.2500000000000001 0.7015625 0.2500000000000001 0.71875 0.2593750000000001 0.71875
1 0.2968750000000001 0.703125 0.2906250000000001 0.703125 0.2906250000000001 0.7203125 0.2968750000000001 0.7203125
1 0.3046875000000001 0.703125 0.2968750000000001 0.703125 0.2968750000000001 0.71875 0.3046875000000001 0.71875
1 0.3156250000000001 0.7046875 0.3078125000000001 0.7046875 0.3078125000000001 0.71875 0.3156250000000001 0.71875
1 0.35625000000000007 0.7046875 0.34843750000000007 0.7046875 0.34843750000000007 0.7203125 0.35625000000000007 0.7203125
1 0.36406250000000007 0.703125 0.3546875000000001 0.703125 0.3546875000000001 0.71875 0.36406250000000007 0.71875
1 0.3765625000000001 0.7046875 0.3671875000000001 0.7046875 0.3671875000000001 0.7203125 0.3765625000000001 0.7203125
1 0.4140625 0.703125 0.4078125 0.703125 0.4078125 0.71875 0.4140625 0.71875
1 0.4234375 0.703125 0.415625 0.703125 0.415625 0.71875 0.4234375 0.71875
1 0.4359375 0.703125 0.4265625 0.703125 0.4265625 0.7203125 0.4359375 0.7203125
1 0.49375 0.703125 0.4859375 0.703125 0.4859375 0.7203125 0.49375 0.7203125
1 0.475 0.7046875 0.465625 0.7046875 0.465625 0.7203125 0.475 0.7203125
1 0.48125 0.7015625 0.475 0.7015625 0.475 0.71875 0.48125 0.71875
1 0.5328125 0.7046875 0.5265625 0.7046875 0.5265625 0.7203125 0.5328125 0.7203125
1 0.5421875 0.7015625 0.5328125 0.7015625 0.5328125 0.71875 0.5421875 0.71875
1 0.553125 0.7046875 0.54375 0.7046875 0.54375 0.71875 0.553125 0.71875
1 0.596875 0.703125 0.5890625 0.703125 0.5890625 0.71875 0.596875 0.71875
1 0.60625 0.7046875 0.5984375 0.7046875 0.5984375 0.71875 0.60625 0.71875
1 0.65 0.703125 0.64375 0.703125 0.64375 0.7203125 0.65 0.7203125
1 0.659375 0.7046875 0.65 0.7046875 0.65 0.7203125 0.659375 0.7203125
1 0.6703125 0.703125 0.6625 0.703125 0.6625 0.7203125 0.6703125 0.7203125
1 0.7296875 0.7031250000000001 0.721875 0.703125 0.721875 0.7203125000000001 0.7296875 0.7203125000000001
1 0.709375 0.703125 0.703125 0.703125 0.703125 0.71875 0.709375 0.71875
1 0.71875 0.703125 0.7109375 0.703125 0.7109375 0.71875 0.71875 0.71875
1 0.7671875 0.7031250000000002 0.7609375 0.7031250000000002 0.7609375 0.7203125000000001 0.7671875 0.7203125000000001
1 0.778125 0.7031250000000002 0.76875 0.7031250000000002 0.76875 0.7203125000000001 0.778125 0.7203125000000001
1 0.7890625 0.7031250000000002 0.7796875 0.7031250000000002 0.7796875 0.7203125000000001 0.7890625 0.7203125000000001
1 0.846875 0.7031250000000002 0.8390625 0.7031250000000002 0.8390625 0.7187500000000002 0.846875 0.7187500000000002
1 0.828125 0.7046875000000001 0.8203125 0.7046875000000001 0.8203125 0.7187500000000002 0.828125 0.7187500000000002
1 0.8359375 0.7031250000000002 0.828125 0.7031250000000002 0.828125 0.7187500000000002 0.8359375 0.7187500000000002
1 0.8859375 0.7031250000000002 0.8796875 0.7031250000000002 0.8796875 0.7203125000000001 0.8859375 0.7203125000000001
1 0.8953125 0.7031250000000002 0.8859375 0.7031250000000002 0.8859375 0.7187500000000002 0.8953125 0.7187500000000002
1 0.90625 0.7046875000000001 0.8984375 0.7046875000000001 0.8984375 0.7203125000000001 0.90625 0.7203125000000001
1 0.9640625 0.7046875000000001 0.9578125 0.7046875000000001 0.9578125 0.7203125000000001 0.9640625 0.7203125000000001
1 0.9453125 0.7031250000000002 0.9375 0.7031250000000002 0.9375 0.7203125000000001 0.9453125 0.7203125000000001
1 0.953125 0.7046875000000001 0.946875 0.7046875000000001 0.946875 0.7218750000000002 0.953125 0.7218750000000002
1 0.2484375000000001 0.7734375 0.2406250000000001 0.7734375 0.2406250000000001 0.790625 0.2484375000000001 0.790625
1 0.3031250000000001 0.7734375 0.2953125000000001 0.7734375 0.2953125000000001 0.790625 0.3031250000000001 0.790625
1 0.3109375000000001 0.771875 0.3031250000000001 0.771875 0.3031250000000001 0.790625 0.3109375000000001 0.790625
1 0.3609375000000001 0.7734375 0.3546875000000001 0.7734375 0.3546875000000001 0.790625 0.3609375000000001 0.790625
1 0.3703125000000001 0.7734375 0.3609375000000001 0.7734375 0.3609375000000001 0.7890625 0.3703125000000001 0.7890625
1 0.4203125000000002 0.771875 0.4125000000000002 0.771875 0.4125000000000002 0.7890625 0.4203125000000002 0.7890625
1 0.4281250000000002 0.771875 0.42187500000000017 0.771875 0.42187500000000017 0.7890625 0.4281250000000002 0.7890625
1 0.4781250000000002 0.7734375 0.4734375000000002 0.7734375 0.4734375000000002 0.7875 0.4781250000000002 0.7875
1 0.48750000000000016 0.771875 0.47968750000000016 0.771875 0.47968750000000016 0.7890625 0.48750000000000016 0.7890625
1 0.5375000000000002 0.7734375 0.5328125000000001 0.7734375 0.5328125000000001 0.7890625 0.5375000000000002 0.7890625
1 0.5468750000000002 0.771875 0.5390625000000002 0.771875 0.5390625000000002 0.7890625 0.5468750000000002 0.7890625
1 0.5968750000000002 0.7734375 0.5906250000000002 0.7734375 0.5906250000000002 0.7875 0.5968750000000002 0.7875
1 0.6062500000000002 0.7734375 0.5968750000000002 0.7734375 0.5968750000000002 0.7890625 0.6062500000000002 0.7890625
1 0.6562500000000002 0.771875 0.6468750000000002 0.771875 0.6468750000000002 0.7890625 0.6562500000000002 0.7890625
1 0.6656250000000001 0.771875 0.6562500000000002 0.771875 0.6562500000000002 0.7890625 0.6656250000000001 0.7890625
1 0.7156250000000002 0.771875 0.7062500000000002 0.771875 0.7062500000000002 0.7890625 0.7156250000000002 0.7890625
1 0.7234375000000002 0.7734375 0.7156250000000002 0.7734375 0.7156250000000002 0.7890625 0.7234375000000002 0.7890625
1 0.7750000000000001 0.7734375000000002 0.7671875000000001 0.7734375000000002 0.7671875000000001 0.7890625000000002 0.7750000000000001 0.7890625000000002
1 0.7828125000000001 0.7734375000000002 0.7750000000000001 0.7734375000000002 0.7750000000000001 0.7890625000000002 0.7828125000000001 0.7890625000000002
1 0.8328125 0.7734375000000002 0.825 0.7734375000000002 0.825 0.7890625000000002 0.8328125 0.7890625000000002
1 0.8421875 0.7734375000000002 0.8328125 0.7734375000000002 0.8328125 0.7875000000000002 0.8421875 0.7875000000000002
1 0.8921875 0.7734375000000002 0.884375 0.7734375000000002 0.884375 0.7875000000000002 0.8921875 0.7875000000000002
1 0.9 0.7734375000000002 0.8921875 0.7734375000000002 0.8921875 0.7890625000000002 0.9 0.7890625000000002
1 0.95 0.7734375000000002 0.9421875 0.7734375000000002 0.9421875 0.7875000000000002 0.95 0.7875000000000002
1 0.9609375 0.7718750000000002 0.9515625 0.7718750000000002 0.9515625 0.7890625000000002 0.9609375 0.7890625000000002
1 0.965625 0.803125 0.9578125 0.803125 0.9578125 0.8203125 0.965625 0.8203125
1 0.9546875 0.803125 0.946875 0.803125 0.946875 0.8203125 0.9546875 0.8203125
1 0.9453125 0.803125 0.9359375 0.803125 0.9359375 0.81875 0.9453125 0.81875
2 0.9 0.8140625 0.8953125 0.8140625 0.8953125 0.8203125 0.9 0.8203125
1 0.90625 0.803125 0.896875 0.803125 0.896875 0.81875 0.90625 0.81875
1 0.8875 0.8046875 0.8796875 0.8046875 0.8796875 0.81875 0.8875 0.81875
1 0.89375 0.803125 0.8859375 0.803125 0.8859375 0.8203125 0.89375 0.8203125
1 0.846875 0.8046875 0.8375 0.8046875 0.8375 0.8203125 0.846875 0.8203125
1 0.828125 0.8046875 0.81875 0.8046875 0.81875 0.8203125 0.828125 0.8203125
1 0.8359375 0.803125 0.828125 0.803125 0.828125 0.8203125 0.8359375 0.8203125
1 0.7875000000000002 0.803125 0.7796875000000002 0.803125 0.7796875000000002 0.8203125 0.7875000000000002 0.8203125
1 0.7687500000000002 0.80625 0.7609375000000002 0.80625 0.7609375000000002 0.8203125 0.7687500000000002 0.8203125
1 0.7765625000000002 0.803125 0.7703125000000002 0.803125 0.7703125000000002 0.81875 0.7765625000000002 0.81875
1 0.7296875000000002 0.803125 0.7203125000000001 0.803125 0.7203125000000001 0.81875 0.7296875000000002 0.81875
1 0.7109375000000002 0.8046875 0.7015625000000002 0.8046875 0.7015625000000002 0.8203125 0.7109375000000002 0.8203125
1 0.7171875000000002 0.8046875 0.7109375000000002 0.8046875 0.7109375000000002 0.8171875 0.7171875000000002 0.8171875
2 0.6609375000000002 0.8140625 0.6578125000000001 0.8140625 0.6578125000000001 0.81875 0.6609375000000002 0.81875
1 0.6703125000000002 0.803125 0.6625000000000002 0.803125 0.6625000000000002 0.81875 0.6703125000000002 0.81875
1 0.6500000000000001 0.8046875 0.6437500000000002 0.8046875 0.6437500000000002 0.81875 0.6500000000000001 0.81875
1 0.6578125000000001 0.803125 0.6500000000000001 0.803125 0.6500000000000001 0.81875 0.6578125000000001 0.81875
2 0.6031250000000001 0.8140625 0.6000000000000002 0.8140625 0.6000000000000002 0.81875 0.6031250000000001 0.81875
1 0.6109375000000001 0.803125 0.6031250000000001 0.803125 0.6031250000000001 0.81875 0.6109375000000001 0.81875
1 0.5921875000000002 0.803125 0.5843750000000002 0.803125 0.5843750000000002 0.81875 0.5921875000000002 0.81875
1 0.5984375000000002 0.803125 0.5937500000000002 0.803125 0.5937500000000002 0.8203125 0.5984375000000002 0.8203125
1 0.5531250000000002 0.8046875 0.5453125000000002 0.8046875 0.5453125000000002 0.81875 0.5531250000000002 0.81875
1 0.5312500000000002 0.8046875 0.5265625000000002 0.8046875 0.5265625000000002 0.81875 0.5312500000000002 0.81875
1 0.5390625000000002 0.8046875 0.5328125000000001 0.8046875 0.5328125000000001 0.8203125 0.5390625000000002 0.8203125
1 0.4937500000000002 0.8046875 0.48437500000000017 0.8046875 0.48437500000000017 0.8203125 0.4937500000000002 0.8203125
1 0.4734375000000002 0.803125 0.4671875000000002 0.803125 0.4671875000000002 0.81875 0.4734375000000002 0.81875
1 0.4812500000000002 0.8046875 0.4750000000000002 0.8046875 0.4750000000000002 0.81875 0.4812500000000002 0.81875
1 0.4343750000000002 0.803125 0.4265625000000002 0.803125 0.4265625000000002 0.81875 0.4343750000000002 0.81875
1 0.41406250000000017 0.803125 0.4078125000000002 0.803125 0.4078125000000002 0.8203125 0.41406250000000017 0.8203125
1 0.42187500000000017 0.8046875 0.4156250000000002 0.8046875 0.4156250000000002 0.8203125 0.42187500000000017 0.8203125
1 0.3609375000000001 0.803125 0.3546875000000001 0.803125 0.3546875000000001 0.8203125 0.3609375000000001 0.8203125
1 0.3703125000000001 0.803125 0.3609375000000001 0.803125 0.3609375000000001 0.81875 0.3703125000000001 0.81875
1 0.31718750000000007 0.8046875 0.30937500000000007 0.8046875 0.30937500000000007 0.8203125 0.31718750000000007 0.8203125
1 0.2953125000000001 0.8046875 0.2906250000000001 0.8046875 0.2906250000000001 0.8203125 0.2953125000000001 0.8203125
1 0.3046875000000001 0.803125 0.2968750000000001 0.803125 0.2968750000000001 0.8203125 0.3046875000000001 0.8203125
1 0.2500000000000001 0.803125 0.2406250000000001 0.803125 0.2406250000000001 0.8203125 0.2500000000000001 0.8203125
1 0.2578125000000001 0.803125 0.2500000000000001 0.803125 0.2500000000000001 0.81875 0.2578125000000001 0.81875
1 0.2390625000000001 0.803125 0.2312500000000001 0.803125 0.2312500000000001 0.81875 0.2390625000000001 0.81875
1 0.2375000000000001 0.834375 0.2312500000000001 0.834375 0.2312500000000001 0.8515625 0.2375000000000001 0.8515625
1 0.24375000000000008 0.834375 0.2390625000000001 0.834375 0.2390625000000001 0.8515625 0.24375000000000008 0.8515625
1 0.2593750000000001 0.834375 0.2500000000000001 0.834375 0.2500000000000001 0.8515625 0.2593750000000001 0.8515625
1 0.2968750000000001 0.834375 0.2906250000000001 0.834375 0.2906250000000001 0.85 0.2968750000000001 0.85
1 0.3062500000000001 0.834375 0.2968750000000001 0.834375 0.2968750000000001 0.85 0.3062500000000001 0.85
1 0.3156250000000001 0.834375 0.30937500000000007 0.834375 0.30937500000000007 0.85 0.3156250000000001 0.85
1 0.3546875000000001 0.8359375 0.34843750000000007 0.8359375 0.34843750000000007 0.8515625 0.3546875000000001 0.8515625
1 0.3625000000000001 0.834375 0.35625000000000007 0.834375 0.35625000000000007 0.8484375 0.3625000000000001 0.8484375
1 0.3750000000000001 0.834375 0.3671875000000001 0.834375 0.3671875000000001 0.85 0.3750000000000001 0.85
1 0.3421875000000001 0.865625 0.3343750000000001 0.865625 0.3343750000000001 0.8828125 0.3421875000000001 0.8828125
1 0.3296875000000001 0.8671875 0.3234375000000001 0.8671875 0.3234375000000001 0.88125 0.3296875000000001 0.88125
1 0.41406250000000017 0.834375 0.4078125000000002 0.834375 0.4078125000000002 0.85 0.41406250000000017 0.85
1 0.42500000000000016 0.834375 0.4156250000000002 0.834375 0.4156250000000002 0.85 0.42500000000000016 0.85
1 0.4359375000000002 0.834375 0.4265625000000002 0.834375 0.4265625000000002 0.85 0.4359375000000002 0.85
1 0.47968750000000016 0.834375 0.4734375000000002 0.834375 0.4734375000000002 0.85 0.47968750000000016 0.85
1 0.48750000000000016 0.834375 0.47968750000000016 0.834375 0.47968750000000016 0.85 0.48750000000000016 0.85
1 0.5328125000000001 0.834375 0.5250000000000001 0.834375 0.5250000000000001 0.85 0.5328125000000001 0.85
1 0.5406250000000001 0.834375 0.5328125000000001 0.834375 0.5328125000000001 0.85 0.5406250000000001 0.85
1 0.5531250000000002 0.834375 0.5437500000000002 0.834375 0.5437500000000002 0.85 0.5531250000000002 0.85
1 0.5921875000000002 0.8359375 0.5843750000000002 0.8359375 0.5843750000000002 0.85 0.5921875000000002 0.85
1 0.6000000000000002 0.834375 0.5906250000000002 0.834375 0.5906250000000002 0.85 0.6000000000000002 0.85
2 0.6046875000000002 0.8453125 0.6000000000000002 0.8453125 0.6000000000000002 0.8515625 0.6046875000000002 0.8515625
1 0.6109375000000001 0.834375 0.6031250000000001 0.834375 0.6031250000000001 0.85 0.6109375000000001 0.85
2 0.6625000000000002 0.846875 0.6578125000000001 0.846875 0.6578125000000001 0.853125 0.6625000000000002 0.853125
1 0.6703125000000002 0.834375 0.6625000000000002 0.834375 0.6625000000000002 0.85 0.6703125000000002 0.85
1 0.6515625000000002 0.834375 0.6437500000000002 0.834375 0.6437500000000002 0.85 0.6515625000000002 0.85
1 0.6562500000000002 0.834375 0.6515625000000002 0.834375 0.6515625000000002 0.85 0.6562500000000002 0.85
1 0.7093750000000002 0.834375 0.7000000000000002 0.834375 0.7000000000000002 0.8484375 0.7093750000000002 0.8484375
2 0.7218750000000002 0.846875 0.7171875000000002 0.846875 0.7171875000000002 0.8515625 0.7218750000000002 0.8515625
1 0.7296875000000002 0.8359375 0.7203125000000001 0.8359375 0.7203125000000001 0.85 0.7296875000000002 0.85
1 0.7171875000000002 0.8359375 0.7093750000000002 0.8359375 0.7093750000000002 0.8484375 0.7171875000000002 0.8484375
1 0.7734375000000002 0.834375 0.7656250000000002 0.834375 0.7656250000000002 0.85 0.7734375000000002 0.85
1 0.7812500000000002 0.834375 0.7750000000000001 0.834375 0.7750000000000001 0.85 0.7812500000000002 0.85
1 0.8265625 0.834375 0.8203125 0.834375 0.8203125 0.8515625 0.8265625 0.8515625
1 0.846875 0.834375 0.8390625 0.834375 0.8390625 0.85 0.846875 0.85
1 0.834375 0.834375 0.8265625 0.834375 0.8265625 0.85 0.834375 0.85
1 0.8859375 0.8328125 0.878125 0.8328125 0.878125 0.85 0.8859375 0.85
1 0.89375 0.834375 0.8875 0.834375 0.8875 0.8515625 0.89375 0.8515625
2 0.8984375 0.8453125 0.8953125 0.8453125 0.8953125 0.85 0.8984375 0.85
1 0.9046875 0.8359375 0.8984375 0.8359375 0.8984375 0.8515625 0.9046875 0.8515625
1 0.9453125 0.834375 0.9390625 0.834375 0.9390625 0.85 0.9453125 0.85
1 0.9640625 0.834375 0.95625 0.834375 0.95625 0.85 0.9640625 0.85
1 0.953125 0.834375 0.9453125 0.834375 0.9453125 0.85 0.953125 0.85
2 0.7156250000000002 0.875 0.7125000000000001 0.875 0.7125000000000001 0.884375 0.7156250000000002 0.884375
1 0.7265625000000002 0.86875 0.7171875000000002 0.86875 0.7171875000000002 0.8828125 0.7265625000000002 0.8828125
1 0.7125000000000001 0.8671875 0.7046875000000001 0.8671875 0.7046875000000001 0.8828125 0.7125000000000001 0.8828125
1 0.6953125000000002 0.896875 0.6875000000000002 0.896875 0.6875000000000002 0.9140625 0.6953125000000002 0.9140625
1 0.6843750000000002 0.896875 0.6750000000000002 0.896875 0.6750000000000002 0.9140625 0.6843750000000002 0.9140625
1 0.25468750000000007 0.928125 0.2453125000000001 0.928125 0.2453125000000001 0.9453125 0.25468750000000007 0.9453125
1 0.24218750000000008 0.928125 0.2328125000000001 0.928125 0.2328125000000001 0.94375 0.24218750000000008 0.94375
1 0.30156250000000007 0.928125 0.2921875000000001 0.928125 0.2921875000000001 0.94375 0.30156250000000007 0.94375
1 0.3125000000000001 0.928125 0.3046875000000001 0.928125 0.3046875000000001 0.94375 0.3125000000000001 0.94375
1 0.3546875000000001 0.9296875 0.34843750000000007 0.9296875 0.34843750000000007 0.9453125 0.3546875000000001 0.9453125
1 0.3625000000000001 0.9296875 0.35625000000000007 0.9296875 0.35625000000000007 0.94375 0.3625000000000001 0.94375
1 0.3750000000000001 0.928125 0.3671875000000001 0.928125 0.3671875000000001 0.94375 0.3750000000000001 0.94375
1 0.41406250000000017 0.9296875 0.4078125000000002 0.9296875 0.4078125000000002 0.94375 0.41406250000000017 0.94375
1 0.4234375000000002 0.928125 0.4156250000000002 0.928125 0.4156250000000002 0.9421875 0.4234375000000002 0.9421875
1 0.4359375000000002 0.9296875 0.4265625000000002 0.9296875 0.4265625000000002 0.94375 0.4359375000000002 0.94375
1 0.4734375000000002 0.9296875 0.4671875000000002 0.9296875 0.4671875000000002 0.94375 0.4734375000000002 0.94375
1 0.4812500000000002 0.928125 0.4734375000000002 0.928125 0.4734375000000002 0.9453125 0.4812500000000002 0.9453125
1 0.4937500000000002 0.928125 0.4859375000000002 0.928125 0.4859375000000002 0.94375 0.4937500000000002 0.94375
1 0.5312500000000002 0.9296875 0.5265625000000002 0.9296875 0.5265625000000002 0.94375 0.5312500000000002 0.94375
1 0.5406250000000001 0.928125 0.5328125000000001 0.928125 0.5328125000000001 0.94375 0.5406250000000001 0.94375
1 0.5515625000000002 0.928125 0.5437500000000002 0.928125 0.5437500000000002 0.94375 0.5515625000000002 0.94375
1 0.5968750000000002 0.928125 0.5906250000000002 0.928125 0.5906250000000002 0.94375 0.5968750000000002 0.94375
1 0.6046875000000002 0.928125 0.5968750000000002 0.928125 0.5968750000000002 0.94375 0.6046875000000002 0.94375
1 0.6484375000000002 0.9296875 0.6437500000000002 0.9296875 0.6437500000000002 0.9453125 0.6484375000000002 0.9453125
1 0.6578125000000001 0.928125 0.6500000000000001 0.928125 0.6500000000000001 0.94375 0.6578125000000001 0.94375
1 0.6703125000000002 0.928125 0.6609375000000002 0.928125 0.6609375000000002 0.94375 0.6703125000000002 0.94375
1 0.7093750000000002 0.928125 0.7000000000000002 0.928125 0.7000000000000002 0.9453125 0.7093750000000002 0.9453125
1 0.7156250000000002 0.9296875 0.7093750000000002 0.9296875 0.7093750000000002 0.94375 0.7156250000000002 0.94375
1 0.7296875000000002 0.928125 0.7203125000000001 0.928125 0.7203125000000001 0.94375 0.7296875000000002 0.94375
1 0.7875000000000002 0.928125 0.7796875000000002 0.928125 0.7796875000000002 0.94375 0.7875000000000002 0.94375
1 0.7687500000000002 0.9265625 0.7593750000000001 0.9265625 0.7593750000000001 0.94375 0.7687500000000002 0.94375
1 0.7765625000000002 0.928125 0.7687500000000002 0.928125 0.7687500000000002 0.94375 0.7765625000000002 0.94375
1 0.8265625 0.928125 0.81875 0.928125 0.81875 0.94375 0.8265625 0.94375
1 0.8359375 0.928125 0.828125 0.928125 0.828125 0.94375 0.8359375 0.94375
1 0.8453125 0.928125 0.8390625 0.928125 0.8390625 0.94375 0.8453125 0.94375
1 0.8921875 0.928125 0.884375 0.928125 0.884375 0.94375 0.8921875 0.94375
1 0.8984375 0.928125 0.8921875 0.928125 0.8921875 0.94375 0.8984375 0.94375
1 0.9515625 0.928125 0.94375 0.928125 0.94375 0.94375 0.9515625 0.94375
1 0.959375 0.9296875 0.9515625 0.9296875 0.9515625 0.94375 0.959375 0.94375
2 0.9484375 0.909375 0.9453125 0.909375 0.9453125 0.9140625 0.9484375 0.9140625
1 0.95625 0.8984375 0.9484375 0.8984375 0.9484375 0.9140625 0.95625 0.9140625
1 0.9640625 0.896875 0.95625 0.896875 0.95625 0.9125 0.9640625 0.9125
1 0.9453125 0.896875 0.9375 0.896875 0.9375 0.9125 0.9453125 0.9125
1 0.6375 0.1312500000000001 0.63125 0.1312500000000001 0.63125 0.15000000000000008 0.6375 0.15000000000000008
1 0.7640625 0.1296875000000001 0.7546875 0.1296875000000001 0.7546875 0.15000000000000008 0.7640625 0.15000000000000008
2 0.7953125 0.06250000000000008 0.765625 0.06250000000000008 0.765625 0.10312500000000009 0.7953125 0.10312500000000009
1 0.7859375 0.05312500000000009 0.7765625 0.05312500000000009 0.7765625 0.07343750000000009 0.7859375 0.07343750000000009
1 0.765625 0.05468750000000009 0.7578125 0.05468750000000009 0.7578125 0.07187500000000009 0.765625 0.07187500000000009
1 0.7734375 0.05156250000000009 0.7640625 0.05156250000000009 0.7640625 0.07343750000000009 0.7734375 0.07343750000000009
2 0.815625 0.07343750000000009 0.7984375 0.07343750000000009 0.7984375 0.1062500000000001 0.815625 0.1062500000000001
2 0.8 0.07187500000000009 0.790625 0.07187500000000009 0.790625 0.1062500000000001 0.8 0.1062500000000001
2 0.8234375 0.0750000000000001 0.8140625 0.0750000000000001 0.8140625 0.1062500000000001 0.8234375 0.1062500000000001