0 0.5046875 0.09062500000000007 0.465625 0.09062500000000007 0.465625 0.2078125000000001 0.5046875 0.2078125000000001
0 0.409375 0.07031250000000004 0.3625 0.07031250000000004 0.3625 0.18281250000000004 0.409375 0.18281250000000004
0 0.475 0.5109375 0.3453125000000001 0.5109375 0.3453125000000001 0.528125 0.475 0.528125
0 0.5984375 0.55625 0.3968750000000001 0.55625 0.3968750000000001 0.5671875 0.5984375 0.5671875
0 0.75 0.3609375000000001 0.6671875 0.3609375000000001 0.6671875 0.3765625000000001 0.75 0.3765625000000001
0 0.615625 0.17031250000000006 0.5328125 0.17031250000000003 0.5328125 0.18750000000000006 0.615625 0.18750000000000008
0 0.65 0.21250000000000008 0.6375 0.21250000000000008 0.6375 0.2796875000000001 0.65 0.2796875000000001
2 0.44375 0.12656250000000005 0.428125 0.12656250000000005 0.428125 0.14531250000000004 0.44375 0.14531250000000004
1 0.4125 0.04375000000000005 0.39375 0.043750000000000046 0.39375 0.07187500000000005 0.4125 0.07187500000000005
2 0.421875 0.051562500000000046 0.4140625 0.051562500000000046 0.4140625 0.06093750000000005 0.421875 0.06093750000000005
1 0.3859375 0.034375000000000044 0.3703125 0.034375000000000044 0.3703125 0.057812500000000044 0.3859375 0.057812500000000044
2 0.3953125 0.03906250000000004 0.3859375 0.03906250000000004 0.3859375 0.04843750000000004 0.3953125 0.04843750000000004
1 0.4671875 0.4875 0.4125 0.4875 0.4125 0.5078125 0.4671875 0.5078125
1 0.5265625 0.5296875 0.4703125 0.5296875 0.4703125 0.5546875 0.5265625 0.5546875
1 0.728125 0.3312500000000001 0.6921875 0.3312500000000001 0.6921875 0.3593750000000001 0.728125 0.3593750000000001
0 0.596875 0.3312500000000001 0.48125 0.3312500000000001 0.48125 0.34843750000000007 0.596875 0.34843750000000007
1 0.5609375 0.3062500000000001 0.51875 0.3062500000000001 0.51875 0.3390625000000001 0.5609375 0.3390625000000001
1 0.58125 0.3750000000000001 0.5546875 0.3750000000000001 0.5546875 0.4 0.58125 0.4
1 0.578125 0.41875 0.5578125 0.41875 0.5578125 0.446875 0.578125 0.446875
1 0.58125 0.14531250000000007 0.540625 0.14531250000000004 0.540625 0.17187500000000006 0.58125 0.17187500000000008
1 0.453125 0.07343750000000004 0.4265625 0.07343750000000004 0.4265625 0.12968750000000004 0.453125 0.12968750000000004
1 0.7703125 0.3234375000000001 0.75 0.3234375000000001 0.75 0.3703125000000001 0.7703125 0.3703125000000001
1 0.7140625000000002 0.8203125 0.6843750000000002 0.8203125 0.6843750000000002 0.85625 0.7140625000000002 0.85625
1 0.7359375000000001 0.821875 0.7125000000000001 0.821875 0.7125000000000001 0.8609375 0.7359375000000001 0.8609375
1 0.7593750000000001 0.8234375 0.7421875000000002 0.8234375 0.7421875000000002 0.8578125 0.7593750000000001 0.8578125
1 0.5750000000000002 0.821875 0.5562500000000001 0.821875 0.5562500000000001 0.8578125 0.5750000000000002 0.8578125
1 0.6187500000000001 0.821875 0.5765625000000002 0.821875 0.5765625000000002 0.85625 0.6187500000000001 0.85625
1 0.6375000000000002 0.821875 0.6203125000000002 0.821875 0.6203125000000002 0.8609375 0.6375000000000002 0.8609375
0 0.44375 0.3578125000000001 0.4 0.3578125000000001 0.4 0.3734375000000001 0.44375 0.3734375000000001
0 0.4921875 0.3984375000000001 0.37968750000000007 0.3984375000000001 0.37968750000000007 0.415625 0.4921875 0.415625
0 0.5 0.446875 0.3843750000000001 0.446875 0.3843750000000001 0.4609375 0.5 0.4609375
1 0.428125 0.15312500000000004 0.409375 0.15312500000000004 0.409375 0.17968750000000006 0.428125 0.17968750000000006
1 0.6390625 0.11562500000000009 0.61875 0.11562500000000009 0.61875 0.1750000000000001 0.6390625 0.1750000000000001
0 0.459375 0.28593750000000007 0.4484375 0.28593750000000007 0.4484375 0.31718750000000007 0.459375 0.31718750000000007
0 0.45625 0.14531250000000004 0.4453125 0.14531250000000004 0.4453125 0.2062500000000001 0.45625 0.2062500000000001
0 0.6234375 0.3109375000000001 0.6078125 0.3109375000000001 0.6078125 0.3468750000000001 0.6234375 0.3468750000000001
1 0.715625 8.582095147149811e-17 0.6859375 8.400311637901375e-17 0.6859375 0.018750000000000086 0.715625 0.01875000000000009
1 0.6046875 0.6703125 0.5734375 0.6703125 0.5734375 0.696875 0.6046875 0.696875
1 0.596875 0.64375 0.5796875 0.64375 0.5796875 0.66875 0.596875 0.66875
1 0.628125 0.640625 0.6015625 0.640625 0.6015625 0.66875 0.628125 0.66875
1 0.55 0.671875 0.5328125 0.671875 0.5328125 0.6984375 0.55 0.6984375
1 0.5671875 0.66875 0.553125 0.66875 0.553125 0.69375 0.5671875 0.69375
1 0.5640625000000001 0.88125 0.5453125000000002 0.88125 0.5453125000000002 0.909375 0.5640625000000001 0.909375
1 0.5906250000000002 0.91875 0.5531250000000002 0.91875 0.5531250000000002 0.9453125 0.5906250000000002 0.9453125
1 0.6343750000000001 0.915625 0.5984375000000002 0.915625 0.5984375000000002 0.95 0.6343750000000001 0.95
1 0.6187500000000001 0.884375 0.5921875000000002 0.884375 0.5921875000000002 0.9078125 0.6187500000000001 0.9078125
1 0.6453125000000002 0.88125 0.6171875000000002 0.88125 0.6171875000000002 0.9109375 0.6453125000000002 0.9109375
1 0.7328125000000002 0.896875 0.7078125000000002 0.896875 0.7078125000000002 0.928125 0.7328125000000002 0.928125
1 0.7796875000000002 0.8984375 0.7578125000000002 0.8984375 0.7578125000000002 0.9265625 0.7796875000000002 0.9265625
0 0.778125 0.1859375000000001 0.7703125 0.1859375000000001 0.7703125 0.30937500000000007 0.778125 0.30937500000000007