0 0.7265625000000001 0.6078125000000001 0.6453125 0.6078125 0.6453125000000001 0.7390625000000001 0.7265625000000002 0.7390625000000002
0 0.7406250000000002 0.7390625000000001 0.5218750000000002 0.7390625 0.5218750000000002 0.8421875 0.7406250000000002 0.8421875
0 0.6109375000000001 0.7296875 0.009375000000000088 0.7296875 0.009375000000000099 0.88125 0.6109375000000001 0.88125
0 0.2000000000000001 0.7328125 0.01093750000000009 0.7328125 0.010937500000000095 0.8265625 0.2000000000000001 0.8265625
0 0.8765625 0.1593750000000001 0.771875 0.1593750000000001 0.771875 0.40156250000000016 0.8765625 0.40156250000000016
0 0.878125 0.21093750000000008 0.81875 0.21093750000000008 0.81875 0.3500000000000001 0.878125 0.3500000000000001
0 0.384375 0.24375000000000005 0.3578125 0.24375 0.3578125 0.32343750000000004 0.384375 0.3234375000000001
1 0.696875 0.5375 0.66875 0.5375 0.66875 0.565625 0.696875 0.565625
1 0.69375 0.521875 0.66875 0.521875 0.66875 0.5421875 0.69375 0.5421875
1 0.696875 0.4359375 0.6765625 0.4359375 0.6765625 0.459375 0.696875 0.459375
1 0.6734375 0.4609375 0.6515625 0.4609375 0.6515625 0.484375 0.6734375 0.484375
1 0.678125 0.4328125 0.653125 0.4328125 0.653125 0.459375 0.678125 0.459375
1 0.696875 0.4703125 0.6796875 0.4703125 0.6796875 0.484375 0.696875 0.484375
1 0.3281250000000001 0.8046875 0.3156250000000001 0.8046875 0.3156250000000001 0.84375 0.3281250000000001 0.84375
1 0.3500000000000001 0.803125 0.33281250000000007 0.803125 0.33281250000000007 0.84375 0.3500000000000001 0.84375
1 0.3703125000000001 0.8046875 0.3500000000000001 0.8046875 0.3500000000000001 0.84375 0.3703125000000001 0.84375
1 0.4078125000000002 0.7796875 0.3921875000000001 0.7796875 0.3921875000000001 0.8203125 0.4078125000000002 0.8203125
1 0.09687500000000009 0.753125 0.07812500000000008 0.753125 0.07812500000000008 0.7953125 0.09687500000000009 0.7953125
1 0.11250000000000009 0.753125 0.09531250000000009 0.753125 0.09531250000000009 0.79375 0.11250000000000009 0.79375
1 0.1453125000000001 0.7390625 0.1312500000000001 0.7390625 0.1312500000000001 0.7703125 0.1453125000000001 0.7703125
1 0.6828125000000002 0.7546875 0.6671875000000002 0.7546875 0.6671875000000002 0.796875 0.6828125000000002 0.796875
1 0.7031250000000002 0.7546875 0.6796875000000002 0.7546875 0.6796875000000002 0.7984375 0.7031250000000002 0.7984375
1 0.7328125000000002 0.7703125000000001 0.7203125000000001 0.7703125 0.7203125000000001 0.8015625 0.7328125000000002 0.8015625
1 0.7375000000000002 0.7375 0.7218750000000002 0.7375 0.7218750000000002 0.7718750000000001 0.7375000000000002 0.7718750000000002
1 0.08906250000000004 0.3796875 0.07343750000000004 0.3796875 0.07343750000000004 0.4234375 0.08906250000000004 0.4234375
1 0.04687500000000005 0.3796875 0.035937500000000046 0.3796875 0.03593750000000005 0.421875 0.046875000000000056 0.421875
1 0.06406250000000005 0.38125 0.04531250000000005 0.38125 0.04531250000000005 0.421875 0.06406250000000005 0.421875
1 0.784375 0.30937500000000007 0.7546875 0.30937500000000007 0.7546875 0.3375000000000001 0.784375 0.3375000000000001
1 0.7859375 0.28593750000000007 0.7578125 0.28593750000000007 0.7578125 0.3187500000000001 0.7859375 0.3187500000000001
1 0.7625 0.2453125000000001 0.7453125 0.2453125000000001 0.7453125 0.26250000000000007 0.7625 0.26250000000000007
1 0.7890625 0.2390625000000001 0.76875 0.2390625000000001 0.76875 0.26250000000000007 0.7890625 0.26250000000000007
1 0.8390625 0.1312500000000001 0.8109375 0.1312500000000001 0.8109375 0.1515625000000001 0.8390625 0.1515625000000001
1 0.8375 0.11093750000000009 0.8109375 0.11093750000000009 0.8109375 0.1296875000000001 0.8375 0.1296875000000001