0 0.4156250000000001 0.675 0.40625 0.675 0.4062500000000001 0.9015625 0.4156250000000002 0.9015625
0 0.3296875000000001 0.609375 0.18750000000000008 0.609375 0.18750000000000008 0.6203125 0.3296875000000001 0.6203125
0 0.58125 0.60625 0.4640625 0.60625 0.4640625 0.61875 0.58125 0.61875
0 0.66875 0.3000000000000001 0.659375 0.3000000000000001 0.659375 0.5046875 0.66875 0.5046875
0 0.415625 0.17500000000000004 0.4046875 0.17500000000000004 0.4046875 0.5046875 0.415625 0.5046875
0 0.33125 0.13437500000000005 0.1890625 0.13437500000000005 0.1890625 0.14531250000000004 0.33125 0.14531250000000004
0 0.125 0.08125000000000002 0.115625 0.08125000000000002 0.115625 0.171875 0.125 0.171875
0 0.12656250000000005 0.2125 0.11406250000000004 0.2125 0.11406250000000004 0.2765625 0.12656250000000005 0.2765625
0 0.12812500000000004 0.2953125 0.11562500000000005 0.2953125 0.11562500000000005 0.39375 0.12812500000000004 0.39375
0 0.12187500000000004 0.459375 0.10937500000000004 0.459375 0.10937500000000004 0.5046875 0.12187500000000004 0.5046875
0 0.1218750000000001 0.55625 0.11250000000000009 0.55625 0.11250000000000009 0.603125 0.1218750000000001 0.603125
0 0.2968750000000001 0.4515625 0.22031250000000008 0.4515625 0.22031250000000008 0.465625 0.2968750000000001 0.465625
1 0.9421875 0.1750000000000001 0.875 0.1750000000000001 0.875 0.2140625000000001 0.9421875 0.2140625000000001
1 0.934375 0.2468750000000001 0.9015625 0.2468750000000001 0.9015625 0.2843750000000001 0.934375 0.2843750000000001
1 0.9265625 0.31718750000000007 0.8828125 0.31718750000000007 0.8828125 0.3593750000000001 0.9265625 0.3593750000000001
1 0.9265625 0.3843750000000001 0.865625 0.3843750000000001 0.865625 0.42187500000000017 0.9265625 0.42187500000000017
1 0.921875 0.4593750000000002 0.8796875 0.4593750000000002 0.8796875 0.4968750000000002 0.921875 0.4968750000000002
1 0.921875 0.5296875000000002 0.8859375 0.5296875000000002 0.8859375 0.5718750000000001 0.921875 0.5718750000000001
1 0.8953125 0.6015625000000002 0.8390625 0.6015625000000002 0.8390625 0.6359375000000002 0.8953125 0.6359375000000002
1 0.95625 0.6000000000000002 0.915625 0.6000000000000002 0.915625 0.6375000000000002 0.95625 0.6375000000000002
1 0.8796875 0.6765625000000002 0.8421875 0.6765625000000002 0.8421875 0.7093750000000002 0.8796875 0.7093750000000002
1 0.9640625 0.6734375000000001 0.909375 0.6734375000000001 0.909375 0.7109375000000002 0.9640625 0.7109375000000002
0 0.5609375 0.12500000000000006 0.4875 0.12500000000000006 0.4875 0.14375000000000007 0.5609375 0.1437500000000001