0 0.3203125000000001 0.71875 0.28593750000000007 0.71875 0.28593750000000007 0.7390625 0.3203125000000001 0.7390625
0 0.359375 0.24375 0.2859375 0.24375 0.2859375 0.2625 0.359375 0.2625
0 0.2453125000000001 0.4265625 0.2328125000000001 0.4265625 0.2328125000000001 0.475 0.2453125000000001 0.475
0 0.2453125000000001 0.5203125 0.23593750000000008 0.5203125 0.23593750000000008 0.578125 0.2453125000000001 0.578125
0 0.4171875 0.4578125 0.4046875 0.4578125 0.4046875 0.546875 0.4171875 0.546875
0 0.825 0.7109375000000002 0.775 0.7109375000000002 0.775 0.7234375000000002 0.825 0.7234375000000002
1 0.2671875 0.359375 0.2578125 0.359375 0.25781250000000006 0.3796875 0.2671875000000001 0.3796875
1 0.246875 0.33125 0.234375 0.33125 0.234375 0.3515625 0.246875 0.3515625
1 0.253125 0.3296875 0.246875 0.3296875 0.246875 0.35 0.253125 0.35
1 0.275 0.3609375 0.2671875 0.3609375 0.2671875 0.384375 0.2750000000000001 0.384375
1 0.6390625 0.3625000000000001 0.6328125 0.3625000000000001 0.6328125 0.38750000000000007 0.6390625 0.38750000000000007
1 0.646875 0.3656250000000001 0.6375 0.3656250000000001 0.6375 0.3859375000000001 0.646875 0.3859375000000001
2 0.6546875 0.3656250000000001 0.65 0.3656250000000001 0.65 0.3750000000000001 0.6546875 0.3750000000000001
2 0.2609375 0.328125 0.253125 0.328125 0.253125 0.3390625 0.2609375 0.3390625
2 0.2828125 0.359375 0.2765625 0.359375 0.27656250000000004 0.3671875 0.2828125000000001 0.3671875
0 0.6625 0.6375 0.4578125 0.6375 0.4578125 0.6546875 0.6625 0.6546875