0 0.7125 0.3515625000000001 0.6921875 0.3515625000000001 0.6921875 0.50625 0.7125 0.50625
0 0.69375 0.50625 0.6015625 0.50625 0.6015625 0.5375 0.69375 0.5375
0 0.59375 0.503125 0.45 0.503125 0.45 0.5484375 0.59375 0.5484375
0 0.4546875 0.5046875 0.4140625 0.5046875 0.4140625 0.55 0.4546875 0.55
0 0.4140625 0.3625000000000001 0.403125 0.3625000000000001 0.403125 0.49375 0.4140625 0.49375
0 0.4421875 0.3203125000000001 0.40625 0.3203125000000001 0.40625 0.3515625000000001 0.4421875 0.3515625000000001
0 0.6046875 0.3656250000000001 0.5421875 0.3656250000000001 0.5421875 0.38750000000000007 0.6046875 0.38750000000000007
0 0.503125 0.3687500000000001 0.453125 0.3687500000000001 0.453125 0.38750000000000007 0.503125 0.38750000000000007
2 0.7078125 0.13281250000000008 0.5921875 0.13281250000000008 0.5921875 0.1750000000000001 0.7078125 0.1750000000000001
2 0.690625 0.1468750000000001 0.671875 0.1468750000000001 0.671875 0.1750000000000001 0.690625 0.1750000000000001
2 0.54375 0.4703125 0.4921875 0.4703125 0.4921875 0.49375 0.54375 0.49375
2 0.56875 0.3906250000000001 0.5609375 0.3906250000000001 0.5609375 0.465625 0.56875 0.465625
1 0.421875 0.3000000000000001 0.4171875 0.3000000000000001 0.4171875 0.3140625000000001 0.421875 0.3140625000000001
1 0.43125 0.30156250000000007 0.4234375 0.30156250000000007 0.4234375 0.3156250000000001 0.43125 0.3156250000000001
2 0.4375 0.3046875000000001 0.4328125 0.3046875000000001 0.4328125 0.3125000000000001 0.4375 0.3125000000000001
2 0.403125 0.43125 0.3937500000000001 0.43125 0.3937500000000001 0.44375 0.403125 0.44375
2 0.4703125 0.46875 0.453125 0.46875 0.453125 0.5375 0.4703125 0.5375
1 0.5234375 0.525 0.51875 0.525 0.51875 0.5390625 0.5234375 0.5390625
1 0.5203125 0.521875 0.515625 0.521875 0.515625 0.5390625 0.5203125 0.5390625
1 0.5140625 0.46875 0.509375 0.46875 0.509375 0.484375 0.5140625 0.484375
1 0.5234375 0.4703125 0.515625 0.4703125 0.515625 0.484375 0.5234375 0.484375
1 0.475 0.3500000000000001 0.46875 0.3500000000000001 0.46875 0.36406250000000007 0.475 0.36406250000000007
1 0.48125 0.3515625000000001 0.475 0.3515625000000001 0.475 0.3671875000000001 0.48125 0.3671875000000001
1 0.403125 0.425 0.3921875000000001 0.425 0.3921875000000001 0.4328125 0.403125 0.4328125
1 0.4015625 0.4125 0.3921875000000001 0.4125 0.3921875000000001 0.421875 0.4015625 0.421875
1 0.4875 0.3500000000000001 0.48125 0.3500000000000001 0.48125 0.3656250000000001 0.4875 0.3656250000000001
1 0.4953125 0.3515625000000001 0.4890625 0.3515625000000001 0.4890625 0.3656250000000001 0.4953125 0.3656250000000001
1 0.5578125 0.3515625000000001 0.5515625 0.3515625000000001 0.5515625 0.3656250000000001 0.5578125 0.3656250000000001
1 0.5640625 0.3515625000000001 0.559375 0.3515625000000001 0.559375 0.36406250000000007 0.5640625 0.36406250000000007
1 0.55 0.3500000000000001 0.546875 0.3500000000000001 0.546875 0.36406250000000007 0.55 0.36406250000000007
1 0.64375 0.5078125 0.640625 0.5078125 0.640625 0.5265625 0.64375 0.5265625
1 0.6515625 0.509375 0.64375 0.509375 0.64375 0.525 0.6515625 0.525
1 0.70625 0.4328125 0.69375 0.4328125 0.69375 0.446875 0.70625 0.446875
1 0.70625 0.425 0.6953125 0.425 0.6953125 0.4328125 0.70625 0.4328125
1 0.70625 0.4171875 0.696875 0.4171875 0.696875 0.4265625 0.70625 0.4265625
1 0.6625 0.14843750000000008 0.653125 0.14843750000000008 0.653125 0.1703125000000001 0.6625 0.1703125000000001
1 0.64375 0.15000000000000008 0.6390625 0.15000000000000008 0.6390625 0.1687500000000001 0.64375 0.1687500000000001
1 0.6515625 0.15000000000000008 0.64375 0.15000000000000008 0.64375 0.1703125000000001 0.6515625 0.1703125000000001
2 0.671875 0.14843750000000008 0.665625 0.14843750000000008 0.665625 0.1703125000000001 0.671875 0.1703125000000001
2 0.6953125 0.14843750000000008 0.6875 0.14843750000000008 0.6875 0.1703125000000001 0.6953125 0.1703125000000001
2 0.6109375000000001 0.740625 0.6015625000000002 0.740625 0.6015625000000002 0.746875 0.6109375000000001 0.746875
1 0.6156250000000002 0.7296875 0.6109375000000001 0.7296875 0.6109375000000001 0.75 0.6156250000000002 0.75
1 0.6218750000000002 0.7296875 0.6156250000000002 0.7296875 0.6156250000000002 0.75 0.6218750000000002 0.75
1 0.6031250000000001 0.7296875 0.5953125000000001 0.7296875 0.5953125000000001 0.75 0.6031250000000001 0.75
1 0.6984375000000002 0.784375 0.6921875000000002 0.784375 0.6921875000000002 0.8 0.6984375000000002 0.8
1 0.7046875000000001 0.7828125 0.6984375000000002 0.7828125 0.6984375000000002 0.7984375 0.7046875000000001 0.7984375
1 0.6640625000000002 0.784375 0.6578125000000001 0.784375 0.6578125000000001 0.7984375 0.6640625000000002 0.7984375
1 0.6718750000000002 0.784375 0.6656250000000001 0.784375 0.6656250000000001 0.8 0.6718750000000002 0.8
1 0.6781250000000002 0.7828125 0.6718750000000002 0.7828125 0.6718750000000002 0.7984375 0.6781250000000002 0.7984375
1 0.6093750000000002 0.7953125 0.6000000000000002 0.7953125 0.6000000000000002 0.8171875 0.6093750000000002 0.8171875
2 0.5921875000000002 0.80625 0.5828125000000002 0.80625 0.5828125000000002 0.8125 0.5921875000000002 0.8125
1 0.6000000000000002 0.796875 0.5937500000000002 0.796875 0.5937500000000002 0.8171875 0.6000000000000002 0.8171875
1 0.5859375000000002 0.796875 0.5765625000000002 0.796875 0.5765625000000002 0.815625 0.5859375000000002 0.815625
1 0.5703125000000002 0.7953125 0.5625000000000002 0.7953125 0.5625000000000002 0.815625 0.5703125000000002 0.815625
1 0.5765625000000002 0.7953125 0.5703125000000002 0.7953125 0.5703125000000002 0.8171875 0.5765625000000002 0.8171875
1 0.5640625000000001 0.7953125 0.5531250000000002 0.7953125 0.5531250000000002 0.815625 0.5640625000000001 0.815625
1 0.6031250000000001 0.7703125 0.6000000000000002 0.7703125 0.6000000000000002 0.7890625 0.6031250000000001 0.7890625
1 0.6125000000000002 0.7703125 0.6046875000000002 0.7703125 0.6046875000000002 0.790625 0.6125000000000002 0.790625
1 0.5843750000000002 0.76875 0.5765625000000002 0.76875 0.5765625000000002 0.790625 0.5843750000000002 0.790625
1 0.5718750000000001 0.771875 0.5640625000000001 0.771875 0.5640625000000001 0.790625 0.5718750000000001 0.790625