0 0.5453125 0.5703125 0.023437500000000073 0.5703125 0.023437500000000073 0.603125 0.5453125 0.603125
0 0.22812500000000008 0.925 0.06718750000000011 0.925 0.06718750000000011 0.9921875 0.22812500000000008 0.9921875
0 0.11562500000000005 0.2234375 0.06562500000000002 0.2234375 0.06562500000000003 0.2796875 0.11562500000000005 0.2796875
0 0.5218750000000002 0.734375 0.4750000000000002 0.734375 0.4750000000000002 0.8234375 0.5218750000000002 0.8234375
0 0.4750000000000002 0.8203125 0.3593750000000001 0.8203125 0.3593750000000001 0.8875 0.4750000000000002 0.8875
0 0.4640625000000001 0.68125 0.4015625 0.68125 0.4015625000000001 0.7390625 0.46406250000000016 0.7390625
0 0.221875 0.0031250000000000223 0.140625 0.0031250000000000167 0.140625 0.08437500000000002 0.221875 0.08437500000000002
0 0.3796875 0.0015625000000000435 0.328125 0.0015625000000000402 0.328125 0.042187500000000044 0.3796875 0.042187500000000044
0 0.4609375 5.43437017121638e-17 0.4265625 5.223884002612928e-17 0.4265625 0.053125000000000054 0.4609375 0.05312500000000007
0 0.4875 0.0031250000000000583 0.459375 0.003125000000000057 0.459375 0.05312500000000007 0.4875 0.05312500000000007
0 0.31875 0.3171875 0.2515625 0.3171875 0.2515625 0.334375 0.31875 0.334375
0 0.2578125000000001 0.728125 0.19531250000000008 0.728125 0.19531250000000008 0.74375 0.2578125000000001 0.74375
0 0.2812500000000001 0.8578125 0.2250000000000001 0.8578125 0.2250000000000001 0.9265625 0.2812500000000001 0.9265625
1 0.2687500000000001 0.884375 0.2500000000000001 0.884375 0.2500000000000001 0.9125 0.2687500000000001 0.9125
1 0.465625 0.6125 0.4484375 0.6125 0.4484375 0.640625 0.465625 0.640625
1 0.06250000000000007 0.5375 0.040625000000000064 0.5375 0.040625000000000064 0.565625 0.06250000000000007 0.565625
0 0.578125 0.37968750000000007 0.5296875 0.37968750000000007 0.5296875 0.4890625 0.578125 0.4890625
0 0.5359375 0.48125 0.37968750000000007 0.48125 0.37968750000000007 0.5703125 0.5359375 0.5703125
0 0.4046875 0.22500000000000003 0.3484375 0.225 0.3484375 0.27343750000000006 0.4046875 0.2734375000000001