0 0.6171875000000002 0.76875 0.5015625000000001 0.76875 0.5015625000000001 0.8203125 0.6171875000000002 0.8203125
0 0.3609375000000001 0.4234375 0.28593750000000007 0.4234375 0.28593750000000007 0.4921875 0.3609375000000001 0.4921875
0 0.834375 0.2515625000000001 0.78125 0.2515625000000001 0.78125 0.3734375000000001 0.834375 0.3734375000000001
0 0.7828125 0.4218750000000001 0.3531250000000001 0.421875 0.3531250000000001 0.4906250000000001 0.7828125 0.4906250000000002
0 0.7859375 0.3781250000000001 0.5609375 0.3781250000000001 0.5609375 0.4390625000000001 0.7859375 0.4390625000000002
0 0.421875 0.19843750000000004 0.3578125 0.19843750000000004 0.3578125 0.25000000000000006 0.421875 0.2500000000000001
0 0.421875 0.37968750000000007 0.3578125000000001 0.3796875 0.3578125000000001 0.4234375 0.421875 0.4234375
1 0.5671875000000002 0.778125 0.5562500000000001 0.778125 0.5562500000000001 0.8 0.5671875000000002 0.8
1 0.675 0.39531250000000007 0.6640625 0.39531250000000007 0.6640625 0.415625 0.675 0.415625
1 0.5453125 0.44375 0.5390625 0.44375 0.5390625 0.46875 0.5453125 0.46875
1 0.815625 0.3031250000000001 0.7984375 0.3031250000000001 0.7984375 0.3234375000000001 0.815625 0.3234375000000001
1 0.4078125 0.27812500000000007 0.3921875 0.27812500000000007 0.3921875 0.2984375000000001 0.4078125 0.2984375000000001
1 0.3296875000000001 0.44375 0.31718750000000007 0.44375 0.31718750000000007 0.4703125 0.3296875000000001 0.4703125
1 0.4109375 0.2656250000000001 0.3984375 0.2656250000000001 0.3984375 0.27812500000000007 0.4109375 0.27812500000000007