0 0.27031250000000007 0.44375 0.08906250000000004 0.44375 0.08906250000000006 0.4625 0.27031250000000007 0.4625
1 0.18750000000000006 0.4140625 0.09531250000000005 0.4140625 0.09531250000000005 0.45 0.18750000000000006 0.45
0 0.6046875 0.4484375 0.2734375000000001 0.4484375 0.2734375000000001 0.4671875 0.6046875 0.4671875
1 0.4828125 0.41875 0.3937500000000001 0.41875 0.3937500000000001 0.453125 0.4828125 0.453125
0 0.60625 0.37343750000000003 0.3203125000000001 0.3734375 0.3203125000000001 0.384375 0.60625 0.3843750000000001
1 0.4875 0.3312500000000001 0.44375 0.3312500000000001 0.44375 0.37187500000000007 0.4875 0.37187500000000007
1 0.16562500000000005 0.2015625 0.14531250000000004 0.2015625 0.14531250000000004 0.2625 0.16562500000000005 0.2625
1 0.6625 0.18750000000000008 0.6359375 0.18750000000000008 0.6359375 0.2828125000000001 0.6625 0.2828125000000001
1 0.359375 0.03593750000000004 0.3140625 0.03593750000000003 0.3140625 0.059375000000000046 0.359375 0.059375000000000046
1 0.39375 0.04687500000000004 0.353125 0.04687500000000004 0.353125 0.07500000000000004 0.39375 0.07500000000000004
1 0.428125 0.09531250000000005 0.390625 0.09531250000000005 0.390625 0.12968750000000004 0.428125 0.12968750000000004
1 0.465625 0.09843750000000005 0.440625 0.09843750000000004 0.440625 0.12656250000000005 0.465625 0.12656250000000005
0 0.8890625 0.4515625000000002 0.734375 0.4515625000000002 0.734375 0.46406250000000016 0.8890625 0.46406250000000016
1 0.8203125 0.4125000000000002 0.7734375 0.4125000000000002 0.7734375 0.4437500000000002 0.8203125 0.4437500000000002
1 0.853125 0.43281250000000016 0.821875 0.43281250000000016 0.821875 0.45312500000000017 0.853125 0.45312500000000017
1 0.9390625 0.2000000000000001 0.915625 0.2000000000000001 0.915625 0.26250000000000007 0.9390625 0.26250000000000007
0 0.9953125 0.44531250000000017 0.8953125 0.44531250000000017 0.8953125 0.46406250000000016 0.9953125 0.46406250000000016
1 1 0.41718750000000016 0.9765625 0.41718750000000016 0.9765625 0.44531250000000017 1 0.44531250000000017
0 0.953125 0.12343750000000013 0.9390625 0.12343750000000013 0.9390625 0.3703125000000001 0.953125 0.3703125000000001
0 0.1765625 0.1234375 0.1640625 0.1234375 0.16406250000000003 0.3453125 0.17656250000000004 0.3453125
0 0.6703125 0.14843750000000008 0.6578125 0.14843750000000008 0.6578125 0.3187500000000001 0.6703125 0.3187500000000001
0 0.2515625 0.004687500000000028 0.20625 0.004687500000000025 0.20625 0.029687500000000026 0.2515625 0.029687500000000033
0 0.3015625 0.14687500000000003 0.2890625 0.14687500000000003 0.2890625 0.3203125 0.3015625 0.3203125
0 0.3890625 0.12656250000000005 0.275 0.12656250000000005 0.275 0.13906250000000003 0.3890625 0.13906250000000003