0 0.4921875 0.12656250000000005 0.3265625 0.12656250000000005 0.3265625 0.14375000000000004 0.4921875 0.14375000000000004
0 0.490625 0.08906250000000006 0.39375 0.08906250000000004 0.39375 0.10625000000000004 0.490625 0.10625000000000004
0 0.29375 0.12968750000000004 0.2609375 0.12968750000000004 0.2609375 0.14375000000000004 0.29375 0.14375000000000004
0 0.2796875 3.348643591418544e-17 0.2671875 3.2721031664718344e-17 0.2671875 0.05781250000000003 0.2796875 0.057812500000000044
0 0.5234375 6.343287717458556e-17 0.5125 6.276314845630185e-17 0.5125 0.05156250000000007 0.5234375 0.05156250000000007
0 0.6328125 0.12500000000000008 0.5609375 0.12500000000000008 0.5609375 0.1437500000000001 0.6328125 0.1437500000000001
0 0.6703125 8.132420150587893e-17 0.6578125 8.055879725641184e-17 0.6578125 0.07812500000000008 0.6703125 0.07812500000000008
0 0.4734375 0.37343750000000003 0.3296875000000001 0.3734375 0.3296875000000001 0.38906250000000003 0.4734375 0.3890625000000001
0 0.4671875 0.3500000000000001 0.4390625 0.3500000000000001 0.4390625 0.3656250000000001 0.4671875 0.3656250000000001
0 0.521875 0.3531250000000001 0.4859375 0.3531250000000001 0.4859375 0.3671875000000001 0.521875 0.3671875000000001
0 0.7171875 0.1375000000000001 0.690625 0.1375000000000001 0.690625 0.1546875000000001 0.7171875 0.1546875000000001
0 0.784375 0.1375000000000001 0.75625 0.1375000000000001 0.75625 0.1531250000000001 0.784375 0.1531250000000001
0 0.74375 0.10156250000000008 0.7203125 0.10156250000000008 0.7203125 0.1140625000000001 0.74375 0.1140625000000001
0 0.8078125 0.0984375000000001 0.7546875 0.0984375000000001 0.7546875 0.1140625000000001 0.8078125 0.1140625000000001
0 0.834375 0.0015625000000001014 0.8234375 0.0015625000000001007 0.8234375 0.06718750000000011 0.834375 0.06718750000000011
0 0.31718750000000007 0.575 0.2921875000000001 0.575 0.2921875000000001 0.59375 0.31718750000000007 0.59375
0 0.3687500000000001 0.5765625 0.3343750000000001 0.5765625 0.3343750000000001 0.5921875 0.3687500000000001 0.5921875
0 0.66875 0.440625 0.65625 0.440625 0.65625 0.49375 0.66875 0.49375
0 0.6671875 0.509375 0.65625 0.509375 0.65625 0.5515625 0.6671875 0.5515625
0 0.7078125000000002 0.8296875 0.6718750000000002 0.8296875 0.6718750000000002 0.8453125 0.7078125000000002 0.8453125
0 0.3687500000000001 0.8625 0.34062500000000007 0.8625 0.34062500000000007 0.8765625 0.3687500000000001 0.8765625
0 0.4390625000000002 0.8625 0.40625000000000017 0.8625 0.40625000000000017 0.878125 0.4390625000000002 0.878125
0 0.3671875000000001 0.821875 0.33281250000000007 0.821875 0.33281250000000007 0.8375 0.3671875000000001 0.8375
0 0.40156250000000016 0.825 0.3843750000000001 0.825 0.3843750000000001 0.8375 0.40156250000000016 0.8375
1 0.4171875 0.15312500000000004 0.3796875 0.15312500000000004 0.3796875 0.17968750000000006 0.4171875 0.17968750000000006
1 0.3140625 0.10937500000000004 0.3015625 0.10937500000000004 0.3015625 0.13281250000000006 0.3140625 0.13281250000000006
1 0.359375 0.06875000000000005 0.3421875 0.06875000000000005 0.3421875 0.11093750000000005 0.359375 0.11093750000000005
1 0.8234375 0.0109375000000001 0.80625 0.0109375000000001 0.80625 0.0406250000000001 0.8234375 0.0406250000000001
1 0.521875 0.3359375000000001 0.5 0.3359375000000001 0.5 0.35625000000000007 0.521875 0.35625000000000007
1 0.40625 0.35625000000000007 0.390625 0.35625000000000007 0.39062500000000006 0.3828125000000001 0.40625 0.3828125000000001
1 0.3734375000000001 0.628125 0.3468750000000001 0.628125 0.3468750000000001 0.653125 0.3734375000000001 0.653125
1 0.5406250000000001 0.8125 0.5156250000000002 0.8125 0.5156250000000002 0.8375 0.5406250000000001 0.8375
1 0.5359375000000002 0.8453125 0.5140625000000002 0.8453125 0.5140625000000002 0.86875 0.5359375000000002 0.86875
1 0.5718750000000001 0.84375 0.5468750000000002 0.84375 0.5468750000000002 0.86875 0.5718750000000001 0.86875
0 0.3468750000000001 0.703125 0.33281250000000007 0.703125 0.33281250000000007 0.7734375 0.3468750000000001 0.7734375