0 0.2500000000000001 0.384375 0.19375000000000003 0.384375 0.19375000000000003 0.4296875 0.2500000000000001 0.4296875
0 0.13281250000000006 0.259375 0.08125000000000002 0.259375 0.08125000000000003 0.359375 0.13281250000000006 0.359375
0 0.19531250000000008 0.684375 0.08437500000000009 0.684375 0.08437500000000009 0.775 0.19531250000000008 0.775
0 0.5734375 0.6140625 0.3968750000000001 0.6140625 0.3968750000000001 0.7125 0.5734375 0.7125
0 0.5734375 0.684375 0.1859375000000001 0.684375 0.1859375000000001 0.7734375 0.5734375000000002 0.7734375
0 0.6359375 0.4296875 0.5734375 0.4296875 0.5734375 0.6125 0.6359375 0.6125
0 0.7921875 0.3593750000000001 0.728125 0.3593750000000001 0.728125 0.6843750000000002 0.7921875 0.6843750000000002
0 0.9859375 0.6828125000000002 0.7859375 0.6828125000000002 0.7859375000000001 0.7734375000000002 0.9859375 0.7734375000000002
0 0.3140625000000001 0.4390625 0.30156250000000007 0.4390625 0.30156250000000007 0.603125 0.3140625000000001 0.603125
2 0.2265625 0.240625 0.11093750000000005 0.240625 0.11093750000000005 0.278125 0.2265625 0.278125
1 0.15781250000000005 0.1921875 0.14843750000000006 0.1921875 0.14843750000000006 0.2265625 0.15781250000000005 0.2265625
1 0.17187500000000006 0.19375 0.15625000000000006 0.19375 0.15625000000000006 0.2296875 0.17187500000000006 0.2296875
1 0.19375000000000003 0.19375000000000003 0.17812500000000003 0.19375 0.17812500000000003 0.2265625 0.19375000000000003 0.2265625
1 0.2078125 0.19375000000000003 0.19062500000000004 0.19375000000000003 0.19062500000000004 0.228125 0.2078125 0.228125