0 0.5171875 0.4625 0.4890625 0.4625 0.4890625 0.5296875 0.5171875 0.5296875
0 0.490625 0.5453125 0.3218750000000001 0.5453125 0.3218750000000001 0.5984375 0.490625 0.5984375
0 0.4921875 0.53125 0.3828125000000001 0.53125 0.3828125000000001 0.5671875 0.4921875 0.5671875
0 0.3671875000000001 0.5453125 0.31718750000000007 0.5453125 0.31718750000000007 0.5671875 0.3671875000000001 0.5671875
0 0.3312500000000001 0.5453125 0.2984375000000001 0.5453125 0.2984375000000001 0.6015625 0.3312500000000001 0.6015625
0 0.3703125000000001 0.4734375 0.36406250000000007 0.4734375 0.36406250000000007 0.5203125 0.3703125000000001 0.5203125
0 0.34843750000000007 0.4671875 0.3421875000000001 0.4671875 0.3421875000000001 0.525 0.34843750000000007 0.525
0 0.30156250000000007 0.4578125 0.27812500000000007 0.4578125 0.27812500000000007 0.5328125 0.30156250000000007 0.5328125
0 0.3375000000000001 0.3953125 0.2984375000000001 0.3953125 0.2984375000000001 0.4453125 0.3375000000000001 0.4453125
0 0.6140625 0.5453125 0.55 0.5453125 0.55 0.584375 0.6140625 0.584375
0 0.6421875 0.44375 0.6125 0.44375 0.6125 0.5453125 0.6421875 0.5453125
0 0.80625 0.4546875000000002 0.7640625 0.4546875000000002 0.7640625 0.5359375000000002 0.80625 0.5359375000000002
0 0.75625 0.5453125000000001 0.6796875 0.5453125 0.6796875 0.6078125000000001 0.75625 0.6078125000000002
0 0.7546875 0.5359375000000001 0.715625 0.5359375 0.715625 0.5750000000000001 0.7546875 0.5750000000000002
0 0.721875 0.5453125 0.68125 0.5453125 0.68125 0.6078125 0.721875 0.6078125
0 0.715625 0.54375 0.6984375 0.54375 0.6984375 0.5765625 0.715625 0.5765625
1 0.32500000000000007 0.3984375 0.3187500000000001 0.3984375 0.3187500000000001 0.4109375 0.32500000000000007 0.4109375
1 0.3312500000000001 0.396875 0.32500000000000007 0.396875 0.32500000000000007 0.409375 0.3312500000000001 0.409375
1 0.3437500000000001 0.396875 0.3390625000000001 0.396875 0.3390625000000001 0.4109375 0.3437500000000001 0.4109375
1 0.34843750000000007 0.3984375 0.3421875000000001 0.3984375 0.3421875000000001 0.4109375 0.34843750000000007 0.4109375