0 0.3671875000000001 0.540625 0.3375000000000001 0.540625 0.3375000000000001 0.7375 0.3671875000000001 0.7375
0 0.5781250000000001 0.525 0.540625 0.525 0.5406250000000001 0.7515625 0.5781250000000002 0.7515625
0 0.5125 0.465625 0.3968750000000001 0.465625 0.3968750000000001 0.5046875 0.5125 0.5046875
0 0.3828125000000001 0.4 0.32500000000000007 0.4 0.32500000000000007 0.46875 0.3828125000000001 0.46875
0 0.37500000000000006 0.2671875 0.3234375 0.2671875 0.32343750000000004 0.403125 0.3750000000000001 0.403125
0 0.36875 0.15781250000000005 0.3234375 0.15781250000000005 0.3234375 0.27343750000000006 0.36875 0.2734375000000001
0 0.3921875 0.07343750000000004 0.325 0.07343750000000004 0.325 0.15156250000000004 0.3921875 0.15156250000000004
0 0.4015625 0.007812500000000045 0.325 0.007812500000000038 0.325 0.08125000000000004 0.4015625 0.08125000000000004
0 0.478125 0.015625000000000056 0.4265625 0.01562500000000005 0.4265625 0.04062500000000006 0.478125 0.04062500000000006
0 0.525 0.0015625000000000617 0.48125 0.001562500000000059 0.48125 0.04687500000000006 0.525 0.04687500000000007
0 0.528125 0.050000000000000065 0.5109375 0.050000000000000065 0.5109375 0.09687500000000007 0.528125 0.09687500000000007
0 0.528125 0.05156250000000007 0.48125 0.05156250000000007 0.48125 0.07656250000000006 0.528125 0.07656250000000006
0 0.5765625 0.03906250000000007 0.5328125 0.03906250000000007 0.5328125 0.4046875 0.5765625 0.4046875
0 0.5546875 0.03906250000000007 0.5328125 0.03906250000000007 0.5328125 0.2375000000000001 0.5546875 0.2375000000000001
2 0.453125 0.4046875 0.428125 0.4046875 0.428125 0.43125 0.453125 0.43125
0 0.4796875 0.3062500000000001 0.428125 0.3062500000000001 0.428125 0.3187500000000001 0.4796875 0.3187500000000001
0 0.475 0.08750000000000006 0.4625 0.08750000000000006 0.4625 0.14531250000000004 0.475 0.14531250000000004
0 0.68125 0.08750000000000009 0.6625 0.08750000000000009 0.6625 0.14843750000000008 0.68125 0.14843750000000008
1 0.5968750000000002 0.9 0.5859375000000002 0.9 0.5859375000000002 0.9234375 0.5968750000000002 0.9234375
1 0.6078125000000002 0.8984375 0.5984375000000002 0.8984375 0.5984375000000002 0.925 0.6078125000000002 0.925
1 0.6203125000000002 0.8984375 0.6109375000000001 0.8984375 0.6109375000000001 0.925 0.6203125000000002 0.925
1 0.6296875000000002 0.8984375 0.6203125000000002 0.8984375 0.6203125000000002 0.9234375 0.6296875000000002 0.9234375
1 0.6375000000000002 0.9 0.6296875000000002 0.9 0.6296875000000002 0.9234375 0.6375000000000002 0.9234375
1 0.6484375000000002 0.9 0.6390625000000002 0.9 0.6390625000000002 0.9234375 0.6484375000000002 0.9234375
1 0.6578125000000001 0.9 0.6468750000000002 0.9 0.6468750000000002 0.925 0.6578125000000001 0.925
2 0.453125 0.4765625 0.4453125 0.4765625 0.4453125 0.496875 0.453125 0.496875
2 0.3421875000000001 0.646875 0.33281250000000007 0.646875 0.33281250000000007 0.6609375 0.3421875000000001 0.6609375
1 0.3421875000000001 0.634375 0.3296875000000001 0.634375 0.3296875000000001 0.6453125 0.3421875000000001 0.6453125
1 0.3421875000000001 0.621875 0.3312500000000001 0.621875 0.3312500000000001 0.63125 0.3421875000000001 0.63125
1 0.56875 0.640625 0.55625 0.640625 0.55625 0.6578125 0.56875 0.6578125
1 0.5671875 0.6265625 0.55625 0.6265625 0.55625 0.640625 0.5671875 0.640625
1 0.459375 0.4765625 0.4515625 0.4765625 0.4515625 0.49375 0.459375 0.49375
1 0.4671875 0.475 0.459375 0.475 0.459375 0.49375 0.4671875 0.49375
2 0.45 0.29375000000000007 0.4421875 0.29375000000000007 0.4421875 0.3078125000000001 0.45 0.3078125000000001
1 0.4578125 0.2906250000000001 0.45 0.2906250000000001 0.45 0.3078125000000001 0.4578125 0.3078125000000001
1 0.4640625 0.2906250000000001 0.4578125 0.2906250000000001 0.4578125 0.3078125000000001 0.4640625 0.3078125000000001
1 0.56875 0.23437500000000008 0.5578125 0.23437500000000008 0.5578125 0.2484375000000001 0.56875 0.2484375000000001
1 0.56875 0.2218750000000001 0.5578125 0.2218750000000001 0.5578125 0.23593750000000008 0.56875 0.23593750000000008
1 0.546875 0.13437500000000008 0.5359375 0.13437500000000005 0.5359375 0.14843750000000006 0.546875 0.14843750000000008
1 0.546875 0.14843750000000006 0.5359375 0.14843750000000006 0.5359375 0.16406250000000006 0.546875 0.16406250000000008
1 0.465625 0.11562500000000005 0.45625 0.11562500000000005 0.45625 0.12968750000000004 0.465625 0.12968750000000004
1 0.46875 0.10468750000000004 0.459375 0.10468750000000004 0.459375 0.12187500000000004 0.46875 0.12187500000000004
2 0.4453125 0.001562500000000054 0.4375 0.0015625000000000534 0.4375 0.015625000000000056 0.4453125 0.015625000000000056
1 0.453125 0.003125000000000055 0.446875 0.003125000000000054 0.446875 0.017187500000000057 0.453125 0.017187500000000057
1 0.459375 5.587451021109799e-17 0.453125 5.5491808086364444e-17 0.453125 0.015625000000000056 0.459375 0.015625000000000056
1 0.3421875 0.10312500000000005 0.334375 0.10312500000000005 0.334375 0.12031250000000004 0.3421875 0.12031250000000004
1 0.35 0.10000000000000005 0.34375 0.10000000000000005 0.34375 0.12187500000000004 0.35 0.12187500000000004
2 0.35625 0.09843750000000004 0.3515625 0.09843750000000004 0.3515625 0.10937500000000004 0.35625 0.10937500000000004
1 0.325 0.10312500000000005 0.315625 0.10312500000000005 0.315625 0.11718750000000004 0.325 0.11718750000000004
1 0.325 0.14843750000000006 0.315625 0.14843750000000006 0.315625 0.15937500000000004 0.325 0.15937500000000004
1 0.325 0.05468750000000004 0.315625 0.05468750000000004 0.315625 0.06718750000000004 0.325 0.06718750000000004
1 0.3265625 0.2015625 0.315625 0.2015625 0.315625 0.2171875 0.3265625 0.2171875
1 0.328125 0.21875 0.3171875 0.21875 0.3171875 0.228125 0.328125 0.228125
1 0.328125 0.33125 0.3171875 0.33125 0.3171875 0.34375 0.328125 0.34375
1 0.3265625 0.31875 0.3171875 0.31875 0.3171875 0.33125 0.3265625 0.33125
1 0.3281250000000001 0.421875 0.3187500000000001 0.421875 0.3187500000000001 0.440625 0.3281250000000001 0.440625
1 0.6703125 0.10468750000000009 0.6625 0.10468750000000009 0.6625 0.12031250000000009 0.6703125 0.12031250000000009
1 0.66875 0.11718750000000008 0.6609375 0.11718750000000008 0.6609375 0.1312500000000001 0.66875 0.1312500000000001