0 0.878125 0.4046875000000002 0.85625 0.4046875000000002 0.85625 0.5421875000000002 0.878125 0.5421875000000002
0 0.6765625 0.3921875000000001 0.659375 0.3921875000000001 0.659375 0.5578125 0.6765625 0.5578125
0 0.75625 0.6578125000000001 0.703125 0.6578125 0.703125 0.6859375000000001 0.75625 0.6859375000000002
0 0.6265625 0.6140625 0.5375 0.6140625 0.5375 0.6421875 0.6265625 0.6421875
0 0.784375 0.5921875000000001 0.7109375 0.5921875 0.7109375 0.6187500000000001 0.784375 0.6187500000000001
0 0.475 0.575 0.3281250000000001 0.575 0.3281250000000001 0.5921875 0.475 0.5921875
0 0.4703125 0.6328125 0.24218750000000008 0.6328125 0.24218750000000008 0.6515625 0.4703125 0.6515625
0 0.515625 0.4203125 0.4984375 0.4203125 0.4984375 0.5296875 0.515625 0.5296875
0 0.2000000000000001 0.6296875 0.16406250000000008 0.6296875 0.16406250000000008 0.65 0.2000000000000001 0.65
0 0.18437500000000004 0.415625 0.17343750000000005 0.415625 0.17343750000000005 0.5203125 0.18437500000000004 0.5203125
0 0.3109375000000001 0.5828125 0.2156250000000001 0.5828125 0.2156250000000001 0.6015625 0.3109375000000001 0.6015625
0 0.2656250000000001 0.4203125 0.2515625000000001 0.4203125 0.2515625000000001 0.528125 0.2656250000000001 0.528125
0 0.31718750000000007 0.4375 0.30156250000000007 0.4375 0.30156250000000007 0.5109375 0.31718750000000007 0.5109375
2 0.25000000000000006 0.3234375 0.17187500000000006 0.3234375 0.17187500000000006 0.390625 0.2500000000000001 0.390625
2 0.2906250000000001 0.3875 0.2515625000000001 0.3875 0.2515625000000001 0.4125 0.2906250000000001 0.4125