0 0.465625 0.634375 0.17187500000000008 0.634375 0.17187500000000008 0.6515625 0.465625 0.6515625
0 0.11718750000000008 0.628125 0.06875000000000006 0.628125 0.06875000000000007 0.65625 0.11718750000000008 0.65625
0 0.09218750000000006 0.3734375 0.07968750000000005 0.3734375 0.07968750000000005 0.478125 0.09218750000000006 0.478125
0 0.534375 0.3656250000000001 0.515625 0.3656250000000001 0.515625 0.478125 0.534375 0.478125
0 0.4625 0.571875 0.2796875000000001 0.571875 0.2796875000000001 0.596875 0.4625 0.596875
0 0.675 0.5703125 0.571875 0.5703125 0.571875 0.590625 0.675 0.590625
0 0.16562500000000008 0.56875 0.12343750000000009 0.56875 0.12343750000000009 0.59375 0.16562500000000008 0.59375
0 0.2656250000000001 0.565625 0.2234375000000001 0.565625 0.2234375000000001 0.596875 0.2656250000000001 0.596875
0 0.20468750000000008 0.365625 0.19531250000000006 0.365625 0.19531250000000006 0.475 0.20468750000000008 0.475
0 0.2671875000000001 0.3765625 0.2468750000000001 0.3765625 0.2468750000000001 0.4625 0.2671875000000001 0.4625
0 0.7359375 0.3312500000000001 0.7171875 0.3312500000000001 0.7171875 0.5078125000000001 0.7359375 0.5078125000000002
0 0.9890625 0.3421875000000001 0.9703125 0.3421875000000001 0.9703125 0.4937500000000002 0.9890625 0.4937500000000002
0 0.8484375 0.6296875000000002 0.7953125 0.6296875000000002 0.7953125 0.6546875000000002 0.8484375 0.6546875000000002
0 0.875 0.5609375000000002 0.8171875 0.5609375000000002 0.8171875 0.5859375000000002 0.875 0.5859375000000002
1 0.05781250000000003 0.2390625 0.032812500000000036 0.2390625 0.032812500000000036 0.2921875 0.057812500000000044 0.2921875
2 0.18593750000000003 0.2515625 0.07343750000000002 0.2515625 0.07343750000000003 0.325 0.18593750000000003 0.325
1 0.09843750000000002 0.2046875 0.07031250000000003 0.2046875 0.07031250000000003 0.25 0.09843750000000002 0.25
1 0.2421875 0.2703125 0.20625 0.2703125 0.20625 0.3109375 0.2421875 0.3109375
1 0.2718750000000001 0.6859375 0.1921875000000001 0.6859375 0.1921875000000001 0.7328125 0.2718750000000001 0.7328125
1 0.5 0.28593750000000007 0.4765625 0.28593750000000007 0.4765625 0.34843750000000007 0.5 0.34843750000000007
1 0.22031250000000008 0.509375 0.19687500000000005 0.509375 0.19687500000000008 0.5625 0.22031250000000008 0.5625
2 0.5296875 0.2734375000000001 0.496875 0.2734375000000001 0.496875 0.3359375000000001 0.5296875 0.3359375000000001