0 0.29375000000000007 0.20625 0.228125 0.20625 0.22812500000000005 0.4125 0.29375000000000007 0.4125
0 0.7078125 0.24375000000000008 0.653125 0.24375000000000008 0.653125 0.3781250000000001 0.7078125 0.3781250000000001
0 0.653125 0.409375 0.3828125000000001 0.409375 0.3828125000000001 0.5421875 0.653125 0.5421875
0 0.38750000000000007 0.4078125 0.29375000000000007 0.4078125 0.29375000000000007 0.5375 0.38750000000000007 0.5375
0 0.825 0.4046875000000002 0.75 0.4046875000000002 0.75 0.5406250000000001 0.825 0.5406250000000001
1 0.11093750000000009 0.609375 0.10000000000000009 0.609375 0.10000000000000009 0.634375 0.11093750000000009 0.634375
1 0.12031250000000009 0.6125 0.11250000000000009 0.6125 0.11250000000000009 0.634375 0.12031250000000009 0.634375
1 0.1359375000000001 0.6125 0.12343750000000009 0.6125 0.12343750000000009 0.634375 0.1359375000000001 0.634375
1 0.2234375000000001 0.6484375 0.2156250000000001 0.6484375 0.2156250000000001 0.6734375 0.2234375000000001 0.6734375
1 0.24375000000000008 0.6484375 0.2312500000000001 0.6484375 0.2312500000000001 0.671875 0.24375000000000008 0.671875
1 0.22812500000000008 0.6890625 0.2171875000000001 0.6890625 0.2171875000000001 0.7140625 0.22812500000000008 0.7140625
1 0.2390625000000001 0.6890625 0.22812500000000008 0.6890625 0.22812500000000008 0.7125 0.2390625000000001 0.7125
1 0.21093750000000008 0.690625 0.1984375000000001 0.690625 0.1984375000000001 0.7125 0.21093750000000008 0.7125
1 0.2140625000000001 0.7296875 0.20312500000000008 0.7296875 0.20312500000000008 0.75625 0.2140625000000001 0.75625
1 0.2328125000000001 0.728125 0.2218750000000001 0.728125 0.2218750000000001 0.7546875 0.2328125000000001 0.7546875
1 0.21250000000000008 0.76875 0.2015625000000001 0.76875 0.2015625000000001 0.79375 0.21250000000000008 0.79375
1 0.2156250000000001 0.8109375 0.2062500000000001 0.8109375 0.2062500000000001 0.8390625 0.2156250000000001 0.8390625
1 0.2328125000000001 0.8109375 0.2218750000000001 0.8109375 0.2218750000000001 0.834375 0.2328125000000001 0.834375
1 0.2312500000000001 0.7703125 0.22031250000000008 0.7703125 0.22031250000000008 0.79375 0.2312500000000001 0.79375
1 0.24375000000000008 0.76875 0.2328125000000001 0.76875 0.2328125000000001 0.7953125 0.24375000000000008 0.7953125
1 0.27812500000000007 0.7296875 0.2687500000000001 0.7296875 0.2687500000000001 0.7546875 0.27812500000000007 0.7546875
1 0.2984375000000001 0.73125 0.28593750000000007 0.73125 0.28593750000000007 0.753125 0.2984375000000001 0.753125
1 0.27812500000000007 0.6875 0.2671875000000001 0.6875 0.2671875000000001 0.7140625 0.27812500000000007 0.7140625
1 0.2968750000000001 0.690625 0.28593750000000007 0.690625 0.28593750000000007 0.7125 0.2968750000000001 0.7125
1 0.2718750000000001 0.76875 0.2609375000000001 0.76875 0.2609375000000001 0.79375 0.2718750000000001 0.79375
1 0.27812500000000007 0.809375 0.2640625000000001 0.809375 0.2640625000000001 0.8359375 0.27812500000000007 0.8359375
1 0.2953125000000001 0.8109375 0.2828125000000001 0.8109375 0.2828125000000001 0.834375 0.2953125000000001 0.834375
1 0.2875000000000001 0.771875 0.27812500000000007 0.771875 0.27812500000000007 0.79375 0.2875000000000001 0.79375
1 0.3031250000000001 0.771875 0.2890625000000001 0.771875 0.2890625000000001 0.7953125 0.3031250000000001 0.7953125
1 0.2984375000000001 0.65 0.28593750000000007 0.65 0.28593750000000007 0.671875 0.2984375000000001 0.671875
1 0.33281250000000007 0.6890625 0.3218750000000001 0.6890625 0.3218750000000001 0.7125 0.33281250000000007 0.7125
1 0.34843750000000007 0.6890625 0.3390625000000001 0.6890625 0.3390625000000001 0.7140625 0.34843750000000007 0.7140625
1 0.3625000000000001 0.6890625 0.3515625000000001 0.6890625 0.3515625000000001 0.7125 0.3625000000000001 0.7125
1 0.36406250000000007 0.646875 0.3546875000000001 0.646875 0.3546875000000001 0.671875 0.36406250000000007 0.671875
1 0.34843750000000007 0.65 0.3375000000000001 0.65 0.3375000000000001 0.671875 0.34843750000000007 0.671875
1 0.3531250000000001 0.73125 0.34062500000000007 0.73125 0.34062500000000007 0.753125 0.3531250000000001 0.753125
1 0.3375000000000001 0.7296875 0.32500000000000007 0.7296875 0.32500000000000007 0.753125 0.3375000000000001 0.753125
1 0.3359375000000001 0.7703125 0.3234375000000001 0.7703125 0.3234375000000001 0.79375 0.3359375000000001 0.79375
1 0.34062500000000007 0.809375 0.3281250000000001 0.809375 0.3281250000000001 0.834375 0.34062500000000007 0.834375
1 0.3578125000000001 0.8109375 0.3453125000000001 0.8109375 0.3453125000000001 0.8328125 0.3578125000000001 0.8328125
1 0.3500000000000001 0.7703125 0.3390625000000001 0.7703125 0.3390625000000001 0.7921875 0.3500000000000001 0.7921875
1 0.36406250000000007 0.7703125 0.3531250000000001 0.7703125 0.3531250000000001 0.7953125 0.36406250000000007 0.7953125
1 0.41875 0.646875 0.409375 0.646875 0.409375 0.671875 0.41875 0.671875
1 0.4 0.6890625 0.3890625000000001 0.6890625 0.3890625000000001 0.7125 0.4 0.7125
1 0.4171875 0.6875 0.40625 0.6875 0.40625 0.7140625 0.4171875 0.7140625
1 0.41718750000000016 0.73125 0.40625000000000017 0.73125 0.40625000000000017 0.7515625 0.41718750000000016 0.7515625
1 0.4000000000000002 0.7296875 0.38750000000000007 0.7296875 0.38750000000000007 0.7546875 0.4000000000000002 0.7546875
1 0.3984375000000001 0.76875 0.38750000000000007 0.76875 0.38750000000000007 0.79375 0.3984375000000001 0.79375
1 0.3984375000000001 0.8125 0.38750000000000007 0.8125 0.38750000000000007 0.834375 0.3984375000000001 0.834375
1 0.41718750000000016 0.8125 0.4046875000000002 0.8125 0.4046875000000002 0.834375 0.41718750000000016 0.834375
1 0.41406250000000017 0.76875 0.4046875000000002 0.76875 0.4046875000000002 0.79375 0.41406250000000017 0.79375
1 0.4281250000000002 0.771875 0.4156250000000002 0.771875 0.4156250000000002 0.7953125 0.4281250000000002 0.7953125
1 0.4828125 0.6484375 0.4703125 0.6484375 0.4703125 0.6734375 0.4828125 0.6734375
1 0.4765625 0.6875 0.465625 0.6875 0.465625 0.7125 0.4765625 0.7125
1 0.4609375 0.6890625 0.45 0.6890625 0.45 0.7125 0.4609375 0.7125
1 0.4781250000000002 0.728125 0.4671875000000002 0.728125 0.4671875000000002 0.753125 0.4781250000000002 0.753125
1 0.46093750000000017 0.7296875 0.4500000000000002 0.7296875 0.4500000000000002 0.753125 0.46093750000000017 0.753125
1 0.45625000000000016 0.771875 0.44531250000000017 0.771875 0.44531250000000017 0.79375 0.45625000000000016 0.79375
1 0.4593750000000002 0.809375 0.44843750000000016 0.809375 0.44843750000000016 0.8375 0.4593750000000002 0.8375
1 0.4781250000000002 0.8109375 0.4656250000000002 0.8109375 0.4656250000000002 0.834375 0.4781250000000002 0.834375
1 0.4734375000000002 0.7671875 0.46093750000000017 0.7671875 0.46093750000000017 0.7953125 0.4734375000000002 0.7953125
1 0.4859375000000002 0.7703125 0.47187500000000016 0.7703125 0.47187500000000016 0.79375 0.4859375000000002 0.79375
1 0.540625 0.6484375 0.5296875 0.6484375 0.5296875 0.675 0.540625 0.675
1 0.5390625 0.6890625 0.525 0.6890625 0.525 0.7125 0.5390625 0.7125
1 0.5203125 0.690625 0.5078125 0.690625 0.5078125 0.7109375 0.5203125 0.7109375
1 0.5187500000000002 0.73125 0.5078125000000002 0.73125 0.5078125000000002 0.7546875 0.5187500000000002 0.7546875
1 0.5375000000000002 0.7296875 0.5250000000000001 0.7296875 0.5250000000000001 0.753125 0.5375000000000002 0.753125
1 0.5453125000000002 0.7703125 0.5343750000000002 0.7703125 0.5343750000000002 0.7921875 0.5453125000000002 0.7921875
1 0.5328125000000001 0.771875 0.5218750000000002 0.771875 0.5218750000000002 0.7921875 0.5328125000000001 0.7921875
1 0.5171875000000001 0.7703125 0.5046875000000002 0.7703125 0.5046875000000002 0.79375 0.5171875000000001 0.79375
1 0.5187500000000002 0.8078125 0.5078125000000002 0.8078125 0.5078125000000002 0.834375 0.5187500000000002 0.834375
1 0.5375000000000002 0.8109375 0.5234375000000002 0.8109375 0.5234375000000002 0.834375 0.5375000000000002 0.834375
1 0.5984375 0.646875 0.5890625 0.646875 0.5890625 0.671875 0.5984375 0.671875
1 0.596875 0.6875 0.584375 0.6875 0.584375 0.7125 0.596875 0.7125
1 0.5765625 0.690625 0.56875 0.690625 0.56875 0.7140625 0.5765625 0.7140625
1 0.5968750000000002 0.7296875 0.5843750000000002 0.7296875 0.5843750000000002 0.7546875 0.5968750000000002 0.7546875
1 0.5781250000000002 0.7296875 0.5671875000000002 0.7296875 0.5671875000000002 0.7546875 0.5781250000000002 0.7546875
1 0.5734375000000002 0.7703125 0.5609375000000002 0.7703125 0.5609375000000002 0.7953125 0.5734375000000002 0.7953125
1 0.5781250000000002 0.8109375 0.5671875000000002 0.8109375 0.5671875000000002 0.834375 0.5781250000000002 0.834375
1 0.5968750000000002 0.809375 0.5859375000000002 0.809375 0.5859375000000002 0.8328125 0.5968750000000002 0.8328125
1 0.5906250000000002 0.7703125 0.5796875000000001 0.7703125 0.5796875000000001 0.79375 0.5906250000000002 0.79375
1 0.6031250000000001 0.771875 0.5906250000000002 0.771875 0.5906250000000002 0.79375 0.6031250000000001 0.79375
1 0.634375 0.6875 0.6265625 0.6875 0.6265625 0.715625 0.634375 0.715625
1 0.6421875000000001 0.7296875 0.6296875000000002 0.7296875 0.6296875000000002 0.7546875 0.6421875000000001 0.7546875
1 0.6281250000000002 0.7703125 0.6218750000000002 0.7703125 0.6218750000000002 0.7953125 0.6281250000000002 0.7953125
1 0.6421875000000001 0.8109375 0.6312500000000002 0.8109375 0.6312500000000002 0.834375 0.6421875000000001 0.834375
1 0.6609375000000002 0.8125 0.6468750000000002 0.8125 0.6468750000000002 0.834375 0.6609375000000002 0.834375
1 0.6421875000000001 0.771875 0.6312500000000002 0.771875 0.6312500000000002 0.7953125 0.6421875000000001 0.7953125
1 0.6578125000000001 0.76875 0.6484375000000002 0.76875 0.6484375000000002 0.79375 0.6578125000000001 0.79375
1 0.6718750000000002 0.7703125 0.6578125000000001 0.7703125 0.6578125000000001 0.7921875 0.6718750000000002 0.7921875
1 0.6578125000000001 0.7296875 0.6468750000000002 0.7296875 0.6468750000000002 0.753125 0.6578125000000001 0.753125
1 0.6515625 0.6890625 0.6421875 0.6890625 0.6421875 0.7125 0.6515625 0.7125
1 0.665625 0.6890625 0.6546875 0.6890625 0.6546875 0.7109375 0.665625 0.7109375
1 0.6625 0.65 0.65 0.65 0.65 0.675 0.6625 0.675
1 0.721875 0.65 0.7140625 0.65 0.7140625 0.671875 0.721875 0.671875
1 0.7359375 0.6484375000000001 0.7234375 0.6484375 0.7234375 0.6718750000000001 0.7359375 0.6718750000000002
1 0.7265625 0.6890625000000001 0.715625 0.6890625 0.715625 0.7125000000000001 0.7265625 0.7125000000000001
1 0.7078125 0.690625 0.7 0.690625 0.7 0.7140625 0.7078125 0.7140625
1 0.7093750000000002 0.73125 0.6984375000000002 0.73125 0.6984375000000002 0.75625 0.7093750000000002 0.75625
1 0.6968750000000001 0.771875 0.6875000000000002 0.771875 0.6875000000000002 0.79375 0.6968750000000001 0.79375
1 0.7015625000000002 0.8109375 0.6921875000000002 0.8109375 0.6921875000000002 0.834375 0.7015625000000002 0.834375
1 0.7140625000000002 0.8125 0.7031250000000002 0.8125 0.7031250000000002 0.834375 0.7140625000000002 0.834375
1 0.7328125000000002 0.8125 0.7203125000000001 0.8125 0.7203125000000001 0.834375 0.7328125000000002 0.834375
1 0.7093750000000002 0.76875 0.6984375000000002 0.76875 0.6984375000000002 0.79375 0.7093750000000002 0.79375
1 0.7265625000000002 0.7718750000000001 0.7140625000000002 0.771875 0.7140625000000002 0.7937500000000001 0.7265625000000002 0.7937500000000002
1 0.7375000000000002 0.7718750000000002 0.7265625000000002 0.7718750000000002 0.7265625000000002 0.7921875000000002 0.7375000000000002 0.7921875000000002
1 0.7265625000000002 0.7312500000000001 0.7140625000000002 0.73125 0.7140625000000002 0.7515625000000001 0.7265625000000002 0.7515625000000001
1 0.7890625 0.6484375000000002 0.78125 0.6484375000000002 0.78125 0.6718750000000002 0.7890625 0.6718750000000002
1 0.803125 0.6500000000000001 0.790625 0.6500000000000001 0.790625 0.6718750000000002 0.803125 0.6718750000000002
1 0.76875 0.6890625000000001 0.759375 0.6890625000000001 0.759375 0.7125000000000001 0.76875 0.7125000000000001
1 0.7687500000000002 0.7281250000000001 0.7593750000000001 0.7281250000000001 0.7593750000000001 0.7531250000000002 0.7687500000000002 0.7531250000000002
1 0.7625000000000002 0.7687500000000002 0.7546875000000002 0.7687500000000002 0.7546875000000002 0.7937500000000002 0.7625000000000002 0.7937500000000002
1 0.7687500000000002 0.8109375 0.7609375000000002 0.8109375 0.7609375000000002 0.834375 0.7687500000000002 0.834375
1 0.8 0.8109375 0.7875000000000002 0.8109375 0.7875000000000002 0.8359375 0.8 0.8359375
1 0.7828125000000001 0.809375 0.7687500000000002 0.809375 0.7687500000000002 0.8359375 0.7828125000000001 0.8359375
1 0.7750000000000001 0.7703125000000002 0.7640625000000002 0.7703125000000002 0.7640625000000002 0.7953125000000002 0.7750000000000001 0.7953125000000002
1 0.7937500000000002 0.7703125000000002 0.7812500000000002 0.7703125000000002 0.7812500000000002 0.7937500000000002 0.7937500000000002 0.7937500000000002
1 0.8046875 0.7718750000000002 0.7937500000000002 0.7718750000000002 0.7937500000000002 0.7937500000000002 0.8046875 0.7937500000000002
1 0.8 0.7296875000000002 0.7875000000000002 0.7296875000000002 0.7875000000000002 0.7531250000000002 0.8 0.7531250000000002
1 0.7828125000000001 0.7296875000000002 0.7718750000000002 0.7296875000000002 0.7718750000000002 0.7531250000000002 0.7828125000000001 0.7531250000000002
1 0.7984375 0.6890625000000001 0.7875 0.6890625000000001 0.7875 0.7125000000000001 0.7984375 0.7125000000000001
1 0.7859375 0.6875000000000002 0.775 0.6875000000000002 0.775 0.7140625000000002 0.7859375 0.7140625000000002
1 0.85625 0.6484375000000002 0.8484375 0.6484375000000002 0.8484375 0.6734375000000001 0.85625 0.6734375000000001
1 0.8703125 0.6484375000000002 0.85625 0.6484375000000002 0.85625 0.6718750000000002 0.8703125 0.6718750000000002
1 0.8609375 0.6906250000000002 0.85 0.6906250000000002 0.85 0.7140625000000002 0.8609375 0.7140625000000002
1 0.8421875 0.6875000000000002 0.83125 0.6875000000000002 0.83125 0.7125000000000001 0.8421875 0.7125000000000001
1 0.8671875 0.7281250000000001 0.8546875 0.7281250000000001 0.8546875 0.7546875000000002 0.8671875 0.7546875000000002
1 0.8484375 0.7312500000000002 0.8375 0.7312500000000002 0.8375 0.7531250000000002 0.8484375 0.7531250000000002
1 0.8359375 0.7312500000000002 0.8265625 0.7312500000000002 0.8265625 0.7531250000000002 0.8359375 0.7531250000000002
1 0.871875 0.7703125000000002 0.8609375 0.7703125000000002 0.8609375 0.7937500000000002 0.871875 0.7937500000000002
1 0.859375 0.7703125000000002 0.8484375 0.7703125000000002 0.8484375 0.7937500000000002 0.859375 0.7937500000000002
1 0.84375 0.7703125000000002 0.83125 0.7703125000000002 0.83125 0.7937500000000002 0.84375 0.7937500000000002
1 0.83125 0.7703125000000002 0.8203125 0.7703125000000002 0.8203125 0.7953125000000002 0.83125 0.7953125000000002
1 0.8640625 0.8109375 0.8546875 0.8109375 0.8546875 0.834375 0.8640625 0.834375
1 0.8484375 0.809375 0.8375 0.809375 0.8375 0.834375 0.8484375 0.834375
1 0.8359375 0.8109375 0.828125 0.8109375 0.828125 0.834375 0.8359375 0.834375
1 0.9125 0.6906250000000002 0.9 0.6906250000000002 0.9 0.7140625000000002 0.9125 0.7140625000000002
1 0.9296875 0.6906250000000002 0.91875 0.6906250000000002 0.91875 0.7140625000000002 0.9296875 0.7140625000000002
1 0.9359375 0.7281250000000001 0.925 0.7281250000000001 0.925 0.7546875000000002 0.9359375 0.7546875000000002
1 0.9375 0.6484375000000002 0.928125 0.6484375000000002 0.928125 0.6718750000000002 0.9375 0.6718750000000002
1 0.925 0.6484375000000002 0.9171875 0.6484375000000002 0.9171875 0.6718750000000002 0.925 0.6718750000000002
1 0.91875 0.7312500000000002 0.9078125 0.7312500000000002 0.9078125 0.7531250000000002 0.91875 0.7531250000000002
1 0.9046875 0.7296875000000002 0.8953125 0.7296875000000002 0.8953125 0.7546875000000002 0.9046875 0.7546875000000002
1 0.903125 0.7687500000000002 0.890625 0.7687500000000002 0.890625 0.7937500000000002 0.903125 0.7937500000000002
1 0.9140625 0.7687500000000002 0.903125 0.7687500000000002 0.903125 0.7953125000000002 0.9140625 0.7953125000000002
1 0.94375 0.7703125000000002 0.93125 0.7703125000000002 0.93125 0.7937500000000002 0.94375 0.7937500000000002
1 0.93125 0.7703125000000002 0.91875 0.7703125000000002 0.91875 0.7953125000000002 0.93125 0.7953125000000002
1 0.9046875 0.8125 0.896875 0.8125 0.896875 0.8375 0.9046875 0.8375
1 0.9171875 0.8109375 0.90625 0.8109375 0.90625 0.8328125 0.9171875 0.8328125
1 0.9375 0.8078125 0.9234375 0.8078125 0.9234375 0.8328125 0.9375 0.8328125
1 1 0.6500000000000001 0.9875 0.6500000000000001 0.9875 0.6750000000000002 1 0.6750000000000002
1 0.9890625 0.6906250000000002 0.9765625 0.6906250000000002 0.9765625 0.7125000000000001 0.9890625 0.7125000000000001
1 0.9890625 0.7312500000000002 0.98125 0.7312500000000002 0.98125 0.7531250000000002 0.9890625 0.7531250000000002
1 0.978125 0.7703125000000002 0.9640625 0.7703125000000002 0.9640625 0.7937500000000002 0.978125 0.7937500000000002
1 0.9796875 0.8109375 0.965625 0.8109375 0.965625 0.8359375 0.9796875 0.8359375
1 0.9921875 0.8109375 0.9796875 0.8109375 0.9796875 0.834375 0.9921875 0.834375
1 0.9890625 0.7718750000000002 0.978125 0.7718750000000002 0.978125 0.7937500000000002 0.9890625 0.7937500000000002
1 1 0.7718750000000002 0.99375 0.7718750000000002 0.99375 0.7921875000000002 1 0.7921875000000002
1 1 0.7296875000000002 0.990625 0.7296875000000002 0.990625 0.7531250000000002 1 0.7531250000000002
1 1 0.6890625000000001 0.99375 0.6890625000000001 0.99375 0.7125000000000001 1 0.7125000000000001
1 1 0.8109375 0.99375 0.8109375 0.99375 0.83125 1 0.83125