0 0.5187500000000002 0.7828125 0.2390625000000001 0.7828125 0.2390625000000001 0.821875 0.5187500000000002 0.821875
0 0.23437500000000008 0.675 0.2250000000000001 0.675 0.2250000000000001 0.7453125 0.23437500000000008 0.7453125
0 0.3765625000000001 0.646875 0.2375000000000001 0.646875 0.2375000000000001 0.675 0.3765625000000001 0.675
0 0.6250000000000002 0.7765625 0.5281250000000002 0.7765625 0.5281250000000002 0.8328125 0.6250000000000002 0.8328125
1 0.37187500000000007 0.7859375 0.3656250000000001 0.7859375 0.3656250000000001 0.80625 0.37187500000000007 0.80625
1 0.3937500000000001 0.7859375 0.3843750000000001 0.7859375 0.3843750000000001 0.8078125 0.3937500000000001 0.8078125
1 0.3828125000000001 0.7828125 0.37187500000000007 0.7828125 0.37187500000000007 0.8078125 0.3828125000000001 0.8078125
1 0.5859375000000002 0.7875 0.5765625000000002 0.7875 0.5765625000000002 0.80625 0.5859375000000002 0.80625
1 0.5765625000000002 0.7875 0.5656250000000002 0.7875 0.5656250000000002 0.809375 0.5765625000000002 0.809375
1 0.2218750000000001 0.696875 0.21093750000000008 0.696875 0.21093750000000008 0.709375 0.2218750000000001 0.709375
1 0.2234375000000001 0.684375 0.2078125000000001 0.684375 0.2078125000000001 0.6953125 0.2234375000000001 0.6953125
1 0.34062500000000007 0.625 0.3312500000000001 0.625 0.3312500000000001 0.65 0.34062500000000007 0.65
1 0.3281250000000001 0.6265625 0.31718750000000007 0.6265625 0.31718750000000007 0.646875 0.3281250000000001 0.646875
1 0.3062500000000001 0.6265625 0.2984375000000001 0.6265625 0.2984375000000001 0.6484375 0.3062500000000001 0.6484375
1 0.2843750000000001 0.6265625 0.2750000000000001 0.6265625 0.2750000000000001 0.6484375 0.2843750000000001 0.6484375
1 0.2953125000000001 0.6265625 0.28593750000000007 0.6265625 0.28593750000000007 0.646875 0.2953125000000001 0.646875
1 0.471875 0.45625 0.459375 0.45625 0.459375 0.4953125 0.471875 0.4953125