2 0.3375 0.15000000000000005 0.3171875 0.15000000000000005 0.3171875 0.16718750000000004 0.3375 0.16718750000000004
0 0.409375 0.02656250000000005 0.3421875 0.026562500000000044 0.3421875 0.07187500000000005 0.409375 0.07187500000000005
2 0.4109375 0.01250000000000005 0.4015625 0.01250000000000005 0.4015625 0.02500000000000005 0.4109375 0.025000000000000057
2 0.5453125 0.040625000000000064 0.528125 0.040625000000000064 0.528125 0.056250000000000064 0.5453125 0.056250000000000064
2 0.6078125 0.14843750000000008 0.590625 0.14843750000000008 0.590625 0.1671875000000001 0.6078125 0.1671875000000001
1 0.6109375 0.11875000000000009 0.5890625 0.11875000000000009 0.5890625 0.1453125000000001 0.6109375 0.1453125000000001
0 0.5890625 0.2171875000000001 0.4796875 0.2171875000000001 0.4796875 0.2296875000000001 0.5890625 0.2296875000000001
1 0.5296875 0.19218750000000004 0.5046875 0.19218750000000004 0.5046875 0.22031250000000008 0.5296875 0.22031250000000008
0 0.5859375 0.2609375000000001 0.409375 0.2609375000000001 0.409375 0.2734375000000001 0.5859375 0.2734375000000001
1 0.509375 0.23593750000000008 0.475 0.23593750000000008 0.475 0.26250000000000007 0.509375 0.26250000000000007
0 0.40625 0.2593750000000001 0.3703125 0.2593750000000001 0.3703125 0.2734375000000001 0.40625 0.2734375000000001
0 0.4015625 0.2296875000000001 0.38125 0.2296875000000001 0.38125 0.2593750000000001 0.4015625 0.2593750000000001
1 0.43125 0.2906250000000001 0.4109375 0.2906250000000001 0.4109375 0.3265625000000001 0.43125 0.3265625000000001
1 0.37968750000000007 0.415625 0.35625000000000007 0.415625 0.35625000000000007 0.446875 0.37968750000000007 0.446875
1 0.4375 0.51875 0.4203125 0.51875 0.4203125 0.5515625 0.4375 0.5515625
1 0.5078125 0.43125 0.484375 0.43125 0.484375 0.4765625 0.5078125 0.4765625
1 0.4734375 0.409375 0.4515625 0.409375 0.4515625 0.45 0.4734375 0.45
0 0.6296875 0.5484375 0.5453125 0.5484375 0.5453125 0.571875 0.6296875 0.571875
1 0.5953125 0.525 0.5734375 0.525 0.5734375 0.553125 0.5953125 0.553125
1 0.6515625 0.4171875 0.6296875 0.4171875 0.6296875 0.45625 0.6515625 0.45625
0 0.61875 0.11250000000000009 0.6078125 0.11250000000000009 0.6078125 0.1671875000000001 0.61875 0.1671875000000001
1 0.6375 0.1218750000000001 0.6171875 0.1218750000000001 0.6171875 0.14843750000000008 0.6375 0.14843750000000008
0 0.740625 0.24375000000000008 0.6625 0.24375000000000008 0.6625 0.2562500000000001 0.740625 0.2562500000000001
1 0.7125 0.2156250000000001 0.684375 0.2156250000000001 0.684375 0.2453125000000001 0.7125 0.2453125000000001
2 0.7640625 0.14062500000000008 0.7484375 0.14062500000000008 0.7484375 0.1609375000000001 0.7640625 0.1609375000000001
1 0.7671875 0.11093750000000009 0.7453125 0.11093750000000009 0.7453125 0.1437500000000001 0.7671875 0.1437500000000001
2 0.3734375000000001 0.45 0.3546875000000001 0.45 0.3546875000000001 0.4671875 0.3734375000000001 0.4671875
2 0.6515625 0.45625 0.63125 0.45625 0.63125 0.4765625 0.6515625 0.4765625
2 0.484375 0.68125 0.46875 0.68125 0.46875 0.7 0.484375 0.7
2 0.5234375 0.69375 0.5015625 0.69375 0.5015625 0.715625 0.5234375 0.715625
0 0.4906250000000002 0.7828125 0.3968750000000001 0.7828125 0.3968750000000001 0.8015625 0.4906250000000002 0.8015625
0 0.3828125000000001 0.3937500000000001 0.37187500000000007 0.3937500000000001 0.37187500000000007 0.4953125 0.3828125000000001 0.4953125
0 0.5046875 0.4796875 0.4515625 0.4796875 0.4515625 0.5609375 0.5046875 0.5609375
2 0.5 0.4109375 0.4890625 0.4109375 0.4890625 0.425 0.5 0.425
0 0.45 0.5515625 0.4 0.5515625 0.4 0.5671875 0.45 0.5671875
0 0.6453125 0.10781250000000009 0.6359375 0.10781250000000009 0.6359375 0.1750000000000001 0.6453125 0.1750000000000001
0 0.7734375 0.07812500000000008 0.7640625 0.07812500000000008 0.7640625 0.2093750000000001 0.7734375 0.2093750000000001
0 0.46875 0.05156250000000005 0.4109375 0.051562500000000046 0.4109375 0.10156250000000004 0.46875 0.10156250000000004
0 0.35 0.09687500000000004 0.3375 0.09687500000000004 0.3375 0.2 0.35 0.2
0 0.534375 0.609375 0.5203125 0.609375 0.5203125000000001 0.7484375 0.5343750000000002 0.7484375
0 0.4953125 0.6265625 0.484375 0.6265625 0.484375 0.71875 0.4953125 0.71875
1 0.521875 0.659375 0.5015625 0.659375 0.5015625 0.69375 0.521875 0.69375
1 0.484375 0.6453125 0.4671875 0.6453125 0.4671875 0.6796875 0.484375 0.6796875