0 0.7703125 0.5171875000000001 0.653125 0.5171875 0.653125 0.5296875000000001 0.7703125 0.5296875000000002
0 0.5578125 0.5640625 0.3437500000000001 0.5640625 0.3437500000000001 0.578125 0.5578125 0.578125
0 0.5578125 0.509375 0.40625 0.509375 0.40625 0.5234375 0.5578125 0.5234375
0 0.8140625 0.2218750000000001 0.80625 0.2218750000000001 0.80625 0.4187500000000002 0.8140625 0.4187500000000002
0 0.6046875 0.2687500000000001 0.59375 0.2687500000000001 0.59375 0.3703125000000001 0.6046875 0.3703125000000001
0 0.55625 0.4546875 0.4375 0.4546875 0.4375 0.4640625 0.55625 0.4640625
0 0.5453125 0.22812500000000008 0.4765625 0.22812500000000008 0.4765625 0.2390625000000001 0.5453125 0.2390625000000001
2 0.4359375 0.2312500000000001 0.4078125 0.2312500000000001 0.4078125 0.26250000000000007 0.4359375 0.26250000000000007
1 0.4359375 0.21250000000000008 0.4203125 0.21250000000000008 0.4203125 0.23437500000000008 0.4359375 0.23437500000000008
1 0.4859375 0.20468750000000008 0.4765625 0.20468750000000008 0.4765625 0.23437500000000008 0.4859375 0.23437500000000008
1 0.5 0.20468750000000008 0.484375 0.20468750000000008 0.484375 0.2312500000000001 0.5 0.2312500000000001
1 0.5125 0.20468750000000008 0.503125 0.20468750000000008 0.503125 0.2296875000000001 0.5125 0.2296875000000001
1 0.5265625 0.20468750000000008 0.5125 0.20468750000000008 0.5125 0.2296875000000001 0.5265625 0.2296875000000001
1 0.5953125 0.3109375000000001 0.578125 0.3109375000000001 0.578125 0.3218750000000001 0.5953125 0.3218750000000001
1 0.596875 0.2953125000000001 0.5796875 0.2953125000000001 0.5796875 0.3156250000000001 0.596875 0.3156250000000001
0 0.58125 0.2250000000000001 0.559375 0.2250000000000001 0.559375 0.2390625000000001 0.58125 0.2390625000000001
1 0.5 0.4296875 0.4875 0.4296875 0.4875 0.4546875 0.5 0.4546875
1 0.509375 0.428125 0.4984375 0.428125 0.4984375 0.45625 0.509375 0.45625
1 0.4796875 0.484375 0.46875 0.484375 0.46875 0.5140625 0.4796875 0.5140625
1 0.4921875 0.4875 0.478125 0.4875 0.478125 0.5125 0.4921875 0.5125
1 0.4515625 0.5375 0.4390625 0.5375 0.4390625 0.5671875 0.4515625 0.5671875
1 0.459375 0.540625 0.45 0.540625 0.45 0.565625 0.459375 0.565625
1 0.7125 0.49375 0.7015625 0.49375 0.7015625 0.5203125 0.7125 0.5203125
1 0.7234375 0.49375 0.7109375 0.49375 0.7109375 0.5234375 0.7234375 0.5234375
1 0.8078125 0.32500000000000007 0.790625 0.32500000000000007 0.790625 0.3453125000000001 0.8078125 0.3453125000000001
1 0.809375 0.3109375000000001 0.7890625 0.3109375000000001 0.7890625 0.3281250000000001 0.809375 0.3281250000000001