1 0.35625 0.30625 0.334375 0.30625 0.334375 0.34375 0.35625 0.34375
0 0.35937500000000006 0.12500000000000006 0.3484375 0.12500000000000006 0.34843750000000007 0.5109375 0.3593750000000001 0.5109375
1 0.3765625000000001 0.37343750000000003 0.35625000000000007 0.3734375 0.35625000000000007 0.415625 0.3765625000000001 0.415625
2 0.4953125 0.37187500000000007 0.4796875 0.37187500000000007 0.4796875 0.39531250000000007 0.4953125 0.39531250000000007
1 0.51875 0.3703125000000001 0.49375 0.3703125000000001 0.49375 0.3890625000000001 0.51875 0.3890625000000001
1 0.5171875 0.05468750000000007 0.4921875 0.05468750000000007 0.4921875 0.07968750000000006 0.5171875 0.07968750000000006
1 0.5453125 0.050000000000000065 0.51875 0.050000000000000065 0.51875 0.07968750000000006 0.5453125 0.07968750000000006
1 0.37187500000000007 0.79375 0.3531250000000001 0.79375 0.3531250000000001 0.8265625 0.37187500000000007 0.8265625
0 0.38750000000000007 0.2515625000000001 0.3703125 0.2515625000000001 0.37031250000000004 0.50625 0.38750000000000007 0.50625
0 0.3750000000000001 0.721875 0.3656250000000001 0.721875 0.3656250000000001 0.8765625 0.3750000000000001 0.8765625
0 0.83125 0.1359375000000001 0.8234375 0.1359375000000001 0.8234375 0.3687500000000001 0.83125 0.3687500000000001
1 0.8015625 9.730201521350454e-17 0.7875 9.644093543285407e-17 0.7875 0.021875000000000096 0.8015625 0.0218750000000001
1 0.825 0.2468750000000001 0.8109375 0.2468750000000001 0.8109375 0.2921875000000001 0.825 0.2921875000000001
1 0.8625 0.4125000000000002 0.8546875 0.4125000000000002 0.8546875 0.43750000000000017 0.8625 0.43750000000000017
1 0.865625 0.5125000000000002 0.8484375 0.5125000000000002 0.8484375 0.5515625000000002 0.865625 0.5515625000000002
1 0.8609375 0.6000000000000002 0.8484375 0.6000000000000002 0.8484375 0.6328125000000002 0.8609375 0.6328125000000002
2 0.5875000000000001 0.8375 0.5750000000000002 0.8375 0.5750000000000002 0.85625 0.5875000000000001 0.85625
1 0.6031250000000001 0.8328125 0.5859375000000002 0.8328125 0.5859375000000002 0.8546875 0.6031250000000001 0.8546875
1 0.596875 0.056250000000000064 0.578125 0.056250000000000064 0.578125 0.08750000000000006 0.596875 0.08750000000000006