0 0.26562500000000006 0.3171875 0.17812500000000003 0.3171875 0.17812500000000003 0.3859375 0.2656250000000001 0.3859375
0 0.665625 0.31562500000000004 0.2453125 0.315625 0.24531250000000004 0.39062500000000006 0.665625 0.3906250000000001
0 0.7265625 0.06093750000000009 0.6625 0.06093750000000009 0.6625 0.24375000000000008 0.7265625 0.24375000000000008
0 0.9453125 0.3156250000000001 0.7421875 0.3156250000000001 0.7421875 0.40156250000000016 0.9453125 0.40156250000000016
1 0.3265625000000001 0.60625 0.3140625000000001 0.60625 0.3140625000000001 0.634375 0.3265625000000001 0.634375
1 0.3281250000000001 0.65 0.3125000000000001 0.65 0.3125000000000001 0.6796875 0.3281250000000001 0.6796875
1 0.3281250000000001 0.6953125 0.3140625000000001 0.6953125 0.3140625000000001 0.7265625 0.3281250000000001 0.7265625
1 0.3343750000000001 0.740625 0.3234375000000001 0.740625 0.3234375000000001 0.76875 0.3343750000000001 0.76875
1 0.34843750000000007 0.6015625 0.3343750000000001 0.6015625 0.3343750000000001 0.6328125 0.34843750000000007 0.6328125
1 0.3453125000000001 0.65 0.33281250000000007 0.65 0.33281250000000007 0.678125 0.3453125000000001 0.678125
1 0.34843750000000007 0.696875 0.33281250000000007 0.696875 0.33281250000000007 0.7234375 0.34843750000000007 0.7234375
1 0.3359375000000001 0.7875 0.32500000000000007 0.7875 0.32500000000000007 0.8125 0.3359375000000001 0.8125
1 0.3187500000000001 0.83125 0.3109375000000001 0.83125 0.3109375000000001 0.8578125 0.3187500000000001 0.8578125
1 0.3390625000000001 0.8296875 0.32500000000000007 0.8296875 0.32500000000000007 0.859375 0.3390625000000001 0.859375
1 0.3515625000000001 0.828125 0.3390625000000001 0.828125 0.3390625000000001 0.8578125 0.3515625000000001 0.8578125
1 0.32500000000000007 0.8765625 0.3156250000000001 0.8765625 0.3156250000000001 0.90625 0.32500000000000007 0.90625
1 0.3468750000000001 0.8765625 0.3312500000000001 0.8765625 0.3312500000000001 0.9046875 0.3468750000000001 0.9046875
1 0.3203125000000001 0.9234375 0.30937500000000007 0.9234375 0.30937500000000007 0.95 0.3203125000000001 0.95
1 0.3390625000000001 0.9671875 0.3234375000000001 0.9671875 0.3234375000000001 0.9984375 0.3390625000000001 0.9984375
1 0.3375000000000001 0.9203125 0.3265625000000001 0.9203125 0.3265625000000001 0.9515625 0.3375000000000001 0.9515625
1 0.3531250000000001 0.921875 0.3359375000000001 0.921875 0.3359375000000001 0.9515625 0.3531250000000001 0.9515625
1 0.4859375 0.60625 0.471875 0.60625 0.471875 0.6359375 0.4859375 0.6359375
1 0.50625 0.60625 0.4921875 0.60625 0.4921875 0.6375 0.50625 0.6375
1 0.4953125 0.6484375 0.4828125 0.6484375 0.4828125 0.6828125 0.4953125 0.6828125
1 0.4796875 0.696875 0.4671875 0.696875 0.4671875 0.7234375 0.4796875 0.7234375
1 0.47968750000000016 0.7390625 0.4671875000000002 0.7390625 0.4671875000000002 0.7671875 0.47968750000000016 0.7671875
1 0.496875 0.69375 0.484375 0.69375 0.484375 0.7234375 0.496875 0.7234375
1 0.5125 0.6953125 0.5 0.6953125 0.5 0.7234375 0.5125 0.7234375
1 0.4968750000000002 0.740625 0.48750000000000016 0.740625 0.48750000000000016 0.7671875 0.4968750000000002 0.7671875
1 0.5140625000000002 0.7421875 0.4984375000000002 0.7421875 0.4984375000000002 0.7671875 0.5140625000000002 0.7671875
1 0.5000000000000002 0.784375 0.48750000000000016 0.784375 0.48750000000000016 0.8125 0.5000000000000002 0.8125
1 0.5109375000000002 0.7859375 0.5015625000000001 0.7859375 0.5015625000000001 0.8140625 0.5109375000000002 0.8140625
1 0.4781250000000002 0.7828125 0.4656250000000002 0.7828125 0.4656250000000002 0.8140625 0.4781250000000002 0.8140625
1 0.4812500000000002 0.83125 0.4671875000000002 0.83125 0.4671875000000002 0.859375 0.4812500000000002 0.859375
1 0.4812500000000002 0.875 0.4656250000000002 0.875 0.4656250000000002 0.909375 0.4812500000000002 0.909375
1 0.4812500000000002 0.91875 0.46875000000000017 0.91875 0.46875000000000017 0.95 0.4812500000000002 0.95
1 0.47968750000000016 0.9625 0.46875000000000017 0.9625 0.46875000000000017 0.9953125 0.47968750000000016 0.9953125
1 0.4968750000000002 0.9671875 0.48437500000000017 0.9671875 0.48437500000000017 0.9953125 0.4968750000000002 0.9953125
1 0.5125000000000002 0.96875 0.4984375000000002 0.96875 0.4984375000000002 0.996875 0.5125000000000002 0.996875
1 0.49531250000000016 0.921875 0.4859375000000002 0.921875 0.4859375000000002 0.95 0.49531250000000016 0.95
1 0.5109375000000002 0.921875 0.4984375000000002 0.921875 0.4984375000000002 0.95 0.5109375000000002 0.95
1 0.4968750000000002 0.875 0.4828125000000002 0.875 0.4828125000000002 0.903125 0.4968750000000002 0.903125
1 0.5125000000000002 0.871875 0.4984375000000002 0.871875 0.4984375000000002 0.903125 0.5125000000000002 0.903125
1 0.49531250000000016 0.8296875 0.48437500000000017 0.8296875 0.48437500000000017 0.859375 0.49531250000000016 0.859375
1 0.5109375000000002 0.83125 0.4968750000000002 0.83125 0.4968750000000002 0.859375 0.5109375000000002 0.859375
1 0.6328125 0.609375 0.6234375 0.609375 0.6234375 0.634375 0.6328125 0.634375
1 0.6328125 0.65 0.6203125 0.65 0.6203125 0.68125 0.6328125 0.68125
1 0.6515625 0.6046875 0.6390625 0.6046875 0.6390625 0.634375 0.6515625 0.634375
1 0.6515625 0.646875 0.640625 0.646875 0.640625 0.6796875 0.6515625 0.6796875
1 0.6265625 0.696875 0.6140625 0.696875 0.6140625 0.725 0.6265625 0.725
1 0.6281250000000002 0.7390625 0.6140625000000002 0.7390625 0.6140625000000002 0.7703125 0.6281250000000002 0.7703125
1 0.646875 0.6953125 0.6359375 0.6953125 0.6359375 0.725 0.646875 0.725
1 0.6609375 0.696875 0.646875 0.696875 0.646875 0.725 0.6609375 0.725
1 0.6453125000000002 0.740625 0.6328125000000002 0.740625 0.6328125000000002 0.7703125 0.6453125000000002 0.7703125
1 0.6609375000000002 0.740625 0.6468750000000002 0.740625 0.6468750000000002 0.7703125 0.6609375000000002 0.7703125
1 0.6468750000000002 0.784375 0.6328125000000002 0.784375 0.6328125000000002 0.8125 0.6468750000000002 0.8125
1 0.6609375000000002 0.7859375 0.6484375000000002 0.7859375 0.6484375000000002 0.8125 0.6609375000000002 0.8125
1 0.6281250000000002 0.7859375 0.6156250000000002 0.7859375 0.6156250000000002 0.8125 0.6281250000000002 0.8125
1 0.6281250000000002 0.8265625 0.6140625000000002 0.8265625 0.6140625000000002 0.859375 0.6281250000000002 0.859375
1 0.6484375000000002 0.83125 0.6343750000000001 0.83125 0.6343750000000001 0.8625 0.6484375000000002 0.8625
1 0.6593750000000002 0.83125 0.6468750000000002 0.83125 0.6468750000000002 0.859375 0.6593750000000002 0.859375
1 0.6296875000000002 0.871875 0.6140625000000002 0.871875 0.6140625000000002 0.903125 0.6296875000000002 0.903125
1 0.6437500000000002 0.8765625 0.6328125000000002 0.8765625 0.6328125000000002 0.903125 0.6437500000000002 0.903125
1 0.6562500000000002 0.8765625 0.6468750000000002 0.8765625 0.6468750000000002 0.903125 0.6562500000000002 0.903125
1 0.6281250000000002 0.9203125 0.6171875000000002 0.9203125 0.6171875000000002 0.9484375 0.6281250000000002 0.9484375
1 0.6453125000000002 0.9234375 0.6359375000000002 0.9234375 0.6359375000000002 0.953125 0.6453125000000002 0.953125
1 0.6578125000000001 0.928125 0.6453125000000002 0.928125 0.6453125000000002 0.9546875 0.6578125000000001 0.9546875
1 0.6281250000000002 0.9671875 0.6140625000000002 0.9671875 0.6140625000000002 0.9953125 0.6281250000000002 0.9953125
1 0.6453125000000002 0.9640625 0.6343750000000001 0.9640625 0.6343750000000001 0.9953125 0.6453125000000002 0.9953125
1 0.6562500000000002 0.9671875 0.6484375000000002 0.9671875 0.6484375000000002 0.9984375 0.6562500000000002 0.9984375
1 0.76875 0.6046875000000002 0.75625 0.6046875000000002 0.75625 0.6359375000000002 0.76875 0.6359375000000002
1 0.7890625 0.6046875000000002 0.778125 0.6046875000000002 0.778125 0.6343750000000001 0.7890625 0.6343750000000001
1 0.7796875 0.6468750000000002 0.7671875 0.6468750000000002 0.7671875 0.6750000000000002 0.7796875 0.6750000000000002
1 0.7796875 0.6953125000000002 0.7671875 0.6953125000000002 0.7671875 0.7234375000000002 0.7796875 0.7234375000000002
1 0.7718750000000002 0.7390625000000002 0.7609375000000002 0.7390625000000002 0.7609375000000002 0.7687500000000002 0.7718750000000002 0.7687500000000002
1 0.7890625000000002 0.7421875000000002 0.7765625000000002 0.7421875000000002 0.7765625000000002 0.7703125000000002 0.7890625000000002 0.7703125000000002
1 0.7718750000000002 0.7859375000000002 0.7593750000000001 0.7859375000000002 0.7593750000000001 0.815625 0.7718750000000002 0.815625
1 0.7843750000000002 0.7859375000000002 0.7750000000000001 0.7859375000000002 0.7750000000000001 0.815625 0.7843750000000002 0.815625
1 0.7734375000000002 0.83125 0.7625000000000002 0.83125 0.7625000000000002 0.8609375 0.7734375000000002 0.8609375
1 0.7859375000000002 0.83125 0.7750000000000001 0.83125 0.7750000000000001 0.859375 0.7859375000000002 0.859375
1 0.7718750000000002 0.8765625 0.7609375000000002 0.8765625 0.7609375000000002 0.90625 0.7718750000000002 0.90625
1 0.7859375000000002 0.875 0.7734375000000002 0.875 0.7734375000000002 0.9046875 0.7859375000000002 0.9046875
1 0.7703125000000002 0.9203125 0.7625000000000002 0.9203125 0.7625000000000002 0.9515625 0.7703125000000002 0.9515625
1 0.7843750000000002 0.921875 0.7718750000000002 0.921875 0.7718750000000002 0.9515625 0.7843750000000002 0.9515625
1 0.7718750000000002 0.9671875 0.7578125000000002 0.9671875 0.7578125000000002 0.996875 0.7718750000000002 0.996875
1 0.7875000000000002 0.96875 0.7734375000000002 0.96875 0.7734375000000002 0.9953125 0.7875000000000002 0.9953125
1 0.9203125 0.6031250000000001 0.90625 0.6031250000000001 0.90625 0.6343750000000001 0.9203125 0.6343750000000001
1 0.934375 0.6031250000000001 0.925 0.6031250000000001 0.925 0.6343750000000001 0.934375 0.6343750000000001
1 0.95 0.6062500000000002 0.9375 0.6062500000000002 0.9375 0.6328125000000002 0.95 0.6328125000000002
1 0.9359375 0.6484375000000002 0.925 0.6484375000000002 0.925 0.6781250000000002 0.9359375 0.6781250000000002
1 0.95 0.6500000000000001 0.9390625 0.6500000000000001 0.9390625 0.6796875000000002 0.95 0.6796875000000002
1 0.91875 0.6500000000000001 0.90625 0.6500000000000001 0.90625 0.6781250000000002 0.91875 0.6781250000000002
1 0.9359375 0.6953125000000002 0.925 0.6953125000000002 0.925 0.7234375000000002 0.9359375 0.7234375000000002
1 0.95 0.6937500000000002 0.9375 0.6937500000000002 0.9375 0.7234375000000002 0.95 0.7234375000000002
1 0.91875 0.6953125000000002 0.9078125 0.6953125000000002 0.9078125 0.7234375000000002 0.91875 0.7234375000000002
1 0.9375 0.7406250000000002 0.925 0.7406250000000002 0.925 0.7703125000000002 0.9375 0.7703125000000002
1 0.95 0.7406250000000002 0.9375 0.7406250000000002 0.9375 0.7687500000000002 0.95 0.7687500000000002
1 0.91875 0.7406250000000002 0.90625 0.7406250000000002 0.90625 0.7687500000000002 0.91875 0.7687500000000002
1 0.9109375 0.7859375000000002 0.903125 0.7859375000000002 0.903125 0.8140625 0.9109375 0.8140625
1 0.9265625 0.7875000000000002 0.9140625 0.7875000000000002 0.9140625 0.8125 0.9265625 0.8125
1 0.9421875 0.7843750000000002 0.93125 0.7843750000000002 0.93125 0.815625 0.9421875 0.815625
1 0.95625 0.7843750000000002 0.94375 0.7843750000000002 0.94375 0.8140625 0.95625 0.8140625
1 0.9421875 0.83125 0.93125 0.83125 0.93125 0.8609375 0.9421875 0.8609375
1 0.95625 0.8328125 0.9421875 0.8328125 0.9421875 0.859375 0.95625 0.859375
1 0.9125 0.83125 0.9015625 0.83125 0.9015625 0.859375 0.9125 0.859375
1 0.9234375 0.8296875 0.9140625 0.8296875 0.9140625 0.85625 0.9234375 0.85625
1 0.953125 0.875 0.9421875 0.875 0.9421875 0.9046875 0.953125 0.9046875
1 0.9421875 0.8765625 0.9328125 0.8765625 0.9328125 0.9046875 0.9421875 0.9046875
1 0.9265625 0.875 0.9140625 0.875 0.9140625 0.9046875 0.9265625 0.9046875
1 0.9109375 0.875 0.9015625 0.875 0.9015625 0.90625 0.9109375 0.90625
1 0.9109375 0.925 0.903125 0.925 0.903125 0.953125 0.9109375 0.953125
1 0.9265625 0.9203125 0.9125 0.9203125 0.9125 0.9515625 0.9265625 0.9515625
1 0.9421875 0.921875 0.93125 0.921875 0.93125 0.953125 0.9421875 0.953125
1 0.9578125 0.921875 0.94375 0.921875 0.94375 0.95 0.9578125 0.95
1 0.95625 0.965625 0.94375 0.965625 0.94375 0.996875 0.95625 0.996875
1 0.940625 0.9671875 0.93125 0.9671875 0.93125 0.9953125 0.940625 0.9953125
1 0.9140625 0.9640625 0.8984375 0.9640625 0.8984375 0.9953125 0.9140625 0.9953125
1 0.921875 0.965625 0.9140625 0.965625 0.9140625 0.996875 0.921875 0.996875