0 0.5281250000000002 0.7921875 0.29375000000000007 0.7921875 0.29375000000000007 0.815625 0.5281250000000002 0.815625
0 0.2562500000000001 0.7859375 0.2296875000000001 0.7859375 0.2296875000000001 0.803125 0.2562500000000001 0.803125
0 0.2515625000000001 0.634375 0.24218750000000008 0.634375 0.24218750000000008 0.71875 0.2515625000000001 0.71875
0 0.525 0.5875 0.4625 0.5875 0.4625 0.6 0.525 0.6
0 0.559375 0.5859375 0.5375 0.5859375 0.5375 0.6015625 0.559375 0.6015625
0 0.5875 0.6078125 0.575 0.6078125 0.575 0.6515625 0.5875 0.6515625
0 0.5828125000000001 0.71875 0.575 0.71875 0.5750000000000001 0.765625 0.5828125000000002 0.765625
0 0.5328125000000001 0.7546875 0.44843750000000016 0.7546875 0.44843750000000016 0.7703125 0.5328125000000001 0.7703125
0 0.7328125000000002 0.8109375 0.6640625000000002 0.8109375 0.6640625000000002 0.828125 0.7328125000000002 0.828125
0 0.7828125000000001 0.6359375000000002 0.7734375 0.6359375000000002 0.7734375000000001 0.7578125000000002 0.7828125000000001 0.7578125000000002
2 0.31718750000000007 0.546875 0.2500000000000001 0.546875 0.2500000000000001 0.609375 0.31718750000000007 0.609375
1 0.3078125000000001 0.5234375 0.28593750000000007 0.5234375 0.28593750000000007 0.5515625 0.3078125000000001 0.5515625
1 0.23437500000000008 0.6375 0.2156250000000001 0.6375 0.2156250000000001 0.690625 0.23437500000000008 0.690625
1 0.5203125 0.559375 0.4921875 0.559375 0.4921875 0.5859375 0.5203125 0.5859375
2 0.6609375000000002 0.871875 0.5718750000000001 0.871875 0.5718750000000001 0.9171875 0.6609375000000002 0.9171875
2 0.903125 0.921875 0.8 0.921875 0.8 0.9671875 0.903125 0.9671875
2 0.8703125 0.6953125000000002 0.815625 0.6953125000000002 0.815625 0.7843750000000002 0.8703125 0.7843750000000002