0 0.5546875 0.19375000000000006 0.5140625 0.19375000000000003 0.5140625 0.21250000000000008 0.5546875 0.21250000000000008
0 0.3859375 0.19687500000000005 0.3390625 0.19687500000000005 0.3390625 0.21093750000000006 0.3859375 0.21093750000000008
0 0.27187500000000003 0.2375 0.25625 0.2375 0.25625000000000003 0.4421875 0.2718750000000001 0.4421875
0 0.2921875 0.2046875 0.2828125 0.2046875 0.2828125 0.23125 0.2921875 0.23125
0 0.4078125 0.525 0.3140625000000001 0.525 0.3140625000000001 0.5359375 0.4078125 0.5359375
0 0.5765625 0.5234375 0.49375 0.5234375 0.49375 0.5359375 0.5765625 0.5359375
0 0.6578125 0.18750000000000008 0.6484375 0.18750000000000008 0.6484375 0.24375000000000008 0.6578125 0.24375000000000008
0 0.65625 0.2750000000000001 0.65 0.2750000000000001 0.65 0.30937500000000007 0.65625 0.30937500000000007
0 0.625 0.2375000000000001 0.6140625 0.2375000000000001 0.6140625 0.34062500000000007 0.625 0.34062500000000007
0 0.459375 0.2765625000000001 0.4453125 0.2765625000000001 0.4453125 0.3109375000000001 0.459375 0.3109375000000001
1 0.45 0.2484375000000001 0.4375 0.2484375000000001 0.4375 0.27031250000000007 0.45 0.27031250000000007
0 0.4734375 0.2484375000000001 0.465625 0.2484375000000001 0.465625 0.27812500000000007 0.4734375 0.27812500000000007
0 0.478125 0.19687500000000005 0.46875 0.19687500000000005 0.46875 0.2375000000000001 0.478125 0.2375000000000001
0 0.4546875 0.3281250000000001 0.446875 0.3281250000000001 0.446875 0.36406250000000007 0.4546875 0.36406250000000007
0 0.81875 0.3281250000000001 0.809375 0.3281250000000001 0.809375 0.47187500000000016 0.81875 0.47187500000000016
0 0.7984375 0.2000000000000001 0.7859375 0.2000000000000001 0.7859375 0.2562500000000001 0.7984375 0.2562500000000001
0 0.81875 0.17968750000000008 0.8109375 0.17968750000000008 0.8109375 0.24375000000000008 0.81875 0.24375000000000008
0 0.8 0.2843750000000001 0.784375 0.2843750000000001 0.784375 0.3125000000000001 0.8 0.3125000000000001
0 0.8171875 0.26250000000000007 0.809375 0.26250000000000007 0.809375 0.3156250000000001 0.8171875 0.3156250000000001
2 0.434375 0.2296875000000001 0.409375 0.2296875000000001 0.409375 0.2953125000000001 0.434375 0.2953125000000001
0 0.709375 0.2078125000000001 0.6953125 0.2078125000000001 0.6953125 0.2218750000000001 0.709375 0.2218750000000001
0 0.7390625 0.3671875000000001 0.6984375 0.3671875000000001 0.6984375 0.3781250000000001 0.7390625 0.3781250000000001
0 0.765625 0.2062500000000001 0.7265625 0.2062500000000001 0.7265625 0.2218750000000001 0.765625 0.2218750000000001
0 0.2953125 0.2578125 0.284375 0.2578125 0.284375 0.315625 0.2953125 0.315625
0 0.29375000000000007 0.4453125 0.2828125000000001 0.4453125 0.2828125000000001 0.4953125 0.29375000000000007 0.4953125
0 0.3828125000000001 0.39375000000000004 0.3359375000000001 0.39375 0.3359375000000001 0.40625 0.3828125000000001 0.40625