0 0.18750000000000008 0.6765625 8.285501000481311e-17 0.6765625 8.859554187581634e-17 0.7703125 0.18750000000000008 0.7703125
0 0.14843750000000006 0.2015625 0.003125000000000025 0.2015625 0.0031250000000000305 0.3 0.14843750000000006 0.3
0 0.3921875 0.32343750000000004 0.3296875 0.3234375 0.3296875 0.6265625 0.3921875000000001 0.6265625
0 0.4953125000000001 0.66875 0.3859375000000001 0.66875 0.3859375000000001 0.7765625 0.49531250000000016 0.7765625
0 1 0.6703125000000001 0.48125 0.6703125 0.48125000000000007 0.8859375 1 0.8859375
0 0.5984375000000001 0.665625 0.4875 0.665625 0.4875000000000001 0.7703125 0.5984375000000002 0.7703125
0 0.7171875 0.58125 0.5984375 0.58125 0.5984375 0.6703125 0.7171875 0.6703125
0 0.11093750000000005 0.371875 0.09843750000000004 0.371875 0.09843750000000004 0.396875 0.11093750000000005 0.396875
0 0.5828125 0.25468750000000007 0.5015625 0.25468750000000007 0.5015625 0.31718750000000007 0.5828125 0.31718750000000007
0 0.7640625 0.2406250000000001 0.7 0.2406250000000001 0.7 0.2656250000000001 0.7640625 0.2656250000000001
0 0.709375 0.3921875000000001 0.69375 0.3921875000000001 0.69375 0.5640625 0.709375 0.5640625
0 0.6546875 0.3343750000000001 0.640625 0.3343750000000001 0.640625 0.61875 0.6546875 0.61875
0 0.7609375 0.6937500000000001 0.690625 0.69375 0.690625 0.7671875000000001 0.7609375000000002 0.7671875000000001
0 1 0.5937500000000002 0.7359375 0.5937500000000002 0.7359375000000001 0.7265625000000002 1 0.7265625000000002
2 1 0.17968750000000014 0.965625 0.17968750000000014 0.965625 0.23593750000000008 1 0.23593750000000008
0 0.4859375 0.515625 0.4296875 0.515625 0.4296875 0.615625 0.4859375 0.615625
1 0.4515625000000001 0.6875 0.428125 0.6875 0.4281250000000001 0.7296875 0.4515625000000002 0.7296875
1 0.34843750000000007 0.4734375 0.3125000000000001 0.4734375 0.3125000000000001 0.4984375 0.34843750000000007 0.4984375
1 0.3500000000000001 0.4578125 0.3312500000000001 0.4578125 0.3312500000000001 0.46875 0.3500000000000001 0.46875
1 0.453125 0.51875 0.428125 0.51875 0.428125 0.5609375 0.453125 0.5609375
1 0.6375 0.471875 0.6078125 0.471875 0.6078125 0.503125 0.6375 0.503125
1 0.69375 0.475 0.6640625 0.475 0.6640625 0.503125 0.69375 0.503125
1 0.7015625 0.45625 0.6765625 0.45625 0.6765625 0.475 0.7015625 0.475
1 0.5515625000000001 0.684375 0.53125 0.684375 0.5312500000000001 0.7359375 0.5515625000000002 0.7359375
1 0.8015625 0.7968750000000002 0.7859375000000002 0.7968750000000002 0.7859375000000002 0.84375 0.8015625 0.84375
1 0.7484375000000002 0.7593750000000001 0.7250000000000002 0.759375 0.7250000000000002 0.8078125 0.7484375000000002 0.8078125
1 0.9203125 0.6609375000000002 0.9046875 0.6609375000000002 0.9046875 0.6953125000000002 0.9203125 0.6953125000000002
1 0.690625 0.615625 0.675 0.615625 0.675 0.659375 0.690625 0.659375
1 0.7078125 0.615625 0.6921875 0.615625 0.6921875 0.659375 0.7078125 0.659375
1 0.559375 0.20468750000000008 0.5375 0.20468750000000008 0.5375 0.24375000000000008 0.559375 0.24375000000000008
1 0.58125 0.2062500000000001 0.5640625 0.2062500000000001 0.5640625 0.2515625000000001 0.58125 0.2515625000000001
1 0.75625 0.1921875000000001 0.734375 0.1921875000000001 0.734375 0.2375000000000001 0.75625 0.2375000000000001
1 0.96875 0.14062500000000014 0.95 0.14062500000000014 0.95 0.17968750000000014 0.96875 0.17968750000000014
1 0.9890625 0.13906250000000014 0.96875 0.13906250000000014 0.96875 0.17812500000000014 0.9890625 0.17812500000000014
1 0.209375 0.2296875 0.19843750000000004 0.2296875 0.19843750000000004 0.265625 0.209375 0.265625
1 0.19218750000000004 0.225 0.17500000000000004 0.225 0.17500000000000004 0.2640625 0.19218750000000004 0.2640625
1 0.103125 0.1140625 0.07500000000000002 0.1140625 0.07500000000000002 0.1609375 0.103125 0.1609375
1 0.05625000000000002 0.1109375 0.02656250000000001 0.1109375 0.026562500000000017 0.1578125 0.05625000000000002 0.1578125