0 0.13125000000000006 0.340625 0.11562500000000005 0.340625 0.11562500000000006 0.61875 0.1312500000000001 0.61875
0 0.36562500000000003 0.32343750000000004 0.26875 0.3234375 0.26875000000000004 0.38125000000000003 0.3656250000000001 0.3812500000000001
0 0.3625000000000001 0.3828125 0.2734375000000001 0.3828125 0.2734375000000001 0.4390625 0.3625000000000001 0.4390625
0 0.2375 0.3109375 0.17343750000000005 0.3109375 0.17343750000000005 0.3375 0.2375 0.3375
0 0.3078125000000001 0.44375 0.2765625000000001 0.44375 0.2765625000000001 0.5671875 0.3078125000000001 0.5671875
0 0.3062500000000001 0.55625 0.2750000000000001 0.55625 0.2750000000000001 0.6203125 0.3062500000000001 0.6203125
0 0.3312500000000001 0.8046875 0.2921875000000001 0.8046875 0.2921875000000001 0.953125 0.3312500000000001 0.953125
1 0.3218750000000001 0.871875 0.30937500000000007 0.871875 0.30937500000000007 0.8875 0.3218750000000001 0.8875
1 0.3218750000000001 0.8625 0.30937500000000007 0.8625 0.30937500000000007 0.8734375 0.3218750000000001 0.8734375
1 0.3593750000000001 0.5265625 0.34843750000000007 0.5265625 0.34843750000000007 0.546875 0.3593750000000001 0.546875
1 0.2921875000000001 0.5875 0.27812500000000007 0.5875 0.27812500000000007 0.5984375 0.2921875000000001 0.5984375
1 0.29375000000000007 0.5734375 0.2765625000000001 0.5734375 0.2765625000000001 0.5875 0.29375000000000007 0.5875
1 0.3593750000000001 0.5953125 0.3468750000000001 0.5953125 0.3468750000000001 0.6171875 0.3593750000000001 0.6171875
1 0.2953125000000001 0.503125 0.2812500000000001 0.503125 0.2812500000000001 0.5171875 0.2953125000000001 0.5171875
0 0.3625000000000001 0.4578125 0.2765625000000001 0.4578125 0.2765625000000001 0.509375 0.3625000000000001 0.509375
1 0.2953125000000001 0.4890625 0.2812500000000001 0.4890625 0.2812500000000001 0.503125 0.2953125000000001 0.503125
1 0.3593750000000001 0.440625 0.3531250000000001 0.440625 0.3531250000000001 0.4609375 0.3593750000000001 0.4609375
1 0.3609375000000001 0.3796875 0.3500000000000001 0.3796875 0.3500000000000001 0.4 0.3609375000000001 0.4
1 0.3609375 0.3234375 0.35 0.3234375 0.35 0.340625 0.3609375 0.340625
1 0.2109375 0.29375 0.2046875 0.29375 0.2046875 0.3109375 0.2109375 0.3109375
1 0.221875 0.29375 0.2125 0.29375 0.2125 0.3109375 0.221875 0.3109375
1 0.11562500000000005 0.4703125 0.10468750000000004 0.4703125 0.10468750000000004 0.4828125 0.11562500000000005 0.4828125
1 0.11406250000000004 0.4546875 0.10468750000000004 0.4546875 0.10468750000000004 0.4703125 0.11406250000000004 0.4703125