0 0.2859375 0.08906250000000004 0.2765625 0.08906250000000004 0.2765625 0.16875000000000004 0.2859375 0.16875000000000004
0 0.3234375 0.08906250000000004 0.3125 0.08906250000000004 0.3125 0.16718750000000004 0.3234375 0.16718750000000004
0 0.54375 0.08750000000000006 0.534375 0.08750000000000006 0.534375 0.17187500000000006 0.54375 0.17187500000000006
0 0.5453125 0.2312500000000001 0.4984375 0.2312500000000001 0.4984375 0.24218750000000008 0.5453125 0.24218750000000008
0 0.484375 0.22656250000000008 0.4640625 0.22656250000000008 0.4640625 0.2406250000000001 0.484375 0.2406250000000001
0 0.346875 0.284375 0.2390625 0.284375 0.2390625 0.29375 0.346875 0.29375
0 0.359375 0.340625 0.2390625 0.340625 0.2390625 0.353125 0.359375 0.353125
0 0.49375 0.39843750000000006 0.2406250000000001 0.3984375 0.2406250000000001 0.4109375 0.49375 0.4109375
0 0.49375 0.3437500000000001 0.365625 0.3437500000000001 0.365625 0.3515625000000001 0.49375 0.3515625000000001
0 0.23593750000000008 0.3984375 0.2015625000000001 0.3984375 0.2015625000000001 0.4109375 0.23593750000000008 0.4109375
2 0.5421875 0.040625000000000064 0.4859375 0.04062500000000006 0.4859375 0.08281250000000007 0.5421875 0.08281250000000007
1 0.534375 0.018750000000000065 0.5109375 0.018750000000000062 0.5109375 0.04531250000000007 0.534375 0.04531250000000007
0 0.834375 0.2484375000000001 0.753125 0.2484375000000001 0.753125 0.2578125000000001 0.834375 0.2578125000000001
0 0.88125 0.057812500000000114 0.8671875 0.057812500000000114 0.8671875 0.2015625000000001 0.88125 0.2015625000000001
0 0.6328125 0.6453125 0.503125 0.6453125 0.503125 0.6578125 0.6328125 0.6578125
0 0.625 0.68125 0.6 0.68125 0.6 0.69375 0.625 0.69375
0 0.671875 0.6828125 0.634375 0.6828125 0.634375 0.696875 0.671875 0.696875
0 0.2375000000000001 0.803125 0.20468750000000008 0.803125 0.20468750000000008 0.8125 0.2375000000000001 0.8125
0 0.8859375 0.8 0.878125 0.8 0.878125 0.9625 0.8859375 0.9625
0 0.8484375 0.8578125 0.8375 0.8578125 0.8375 0.965625 0.8484375 0.965625