1 0.2109375 0.246875 0.19062500000000004 0.246875 0.19062500000000004 0.3015625 0.2109375 0.3015625
1 0.2765625 0.13906250000000003 0.240625 0.13906250000000003 0.240625 0.16250000000000003 0.2765625 0.16250000000000003
1 0.4609375 0.540625 0.4296875 0.540625 0.4296875 0.5734375 0.4609375 0.5734375
1 0.646875 0.5390625 0.628125 0.5390625 0.628125 0.5734375 0.646875 0.5734375
1 0.609375 0.24218750000000008 0.590625 0.24218750000000008 0.590625 0.27031250000000007 0.609375 0.27031250000000007
1 0.684375 0.1390625000000001 0.6578125 0.1390625000000001 0.6578125 0.16562500000000008 0.684375 0.16562500000000008
1 0.8703125 0.5453125000000002 0.846875 0.5453125000000002 0.846875 0.5703125000000002 0.8703125 0.5703125000000002
0 0.3437500000000001 0.403125 0.17500000000000004 0.403125 0.17500000000000004 0.425 0.3437500000000001 0.425
0 0.16718750000000002 0.178125 0.153125 0.178125 0.153125 0.4421875 0.16718750000000004 0.4421875
0 0.209375 0.17812500000000003 0.2 0.17812500000000003 0.2 0.2484375 0.209375 0.2484375
0 0.2109375 0.296875 0.2 0.296875 0.2 0.346875 0.2109375 0.346875
0 0.2828125 0.18281250000000004 0.2671875 0.18281250000000004 0.2671875 0.240625 0.2828125 0.240625
0 0.265625 0.12031250000000004 0.215625 0.12031250000000004 0.215625 0.13593750000000004 0.265625 0.13593750000000004
0 0.303125 0.11406250000000004 0.2796875 0.11406250000000004 0.2796875 0.13750000000000004 0.303125 0.13750000000000004
0 0.428125 0.55 0.37968750000000007 0.55 0.37968750000000007 0.5671875 0.428125 0.5671875
0 0.51875 0.5484375 0.46875 0.5484375 0.46875 0.565625 0.51875 0.565625
0 0.61875 0.5453125 0.584375 0.5453125 0.584375 0.5625 0.61875 0.5625
0 0.7578125 0.5453125000000001 0.6671875 0.5453125 0.6671875 0.5609375000000001 0.7578125 0.5609375000000002
0 0.5703125 0.1765625000000001 0.5546875 0.1765625000000001 0.5546875 0.3062500000000001 0.5703125 0.3062500000000001
0 0.56875 0.3390625000000001 0.55625 0.3390625000000001 0.55625 0.4390625 0.56875 0.4390625
0 0.6046875 0.1750000000000001 0.59375 0.1750000000000001 0.59375 0.2156250000000001 0.6046875 0.2156250000000001
0 0.60625 0.3031250000000001 0.5921875 0.3031250000000001 0.5921875 0.3390625000000001 0.60625 0.3390625000000001
0 0.646875 0.1437500000000001 0.6296875 0.1437500000000001 0.6296875 0.16562500000000008 0.646875 0.16562500000000008
0 0.665625 0.1218750000000001 0.625 0.1218750000000001 0.625 0.13437500000000008 0.665625 0.13437500000000008
0 0.70625 0.1468750000000001 0.6875 0.1468750000000001 0.6875 0.1625000000000001 0.70625 0.1625000000000001
0 0.7140625 0.12031250000000009 0.6875 0.12031250000000009 0.6875 0.1375000000000001 0.7140625 0.1375000000000001
0 0.8296875 0.5484375000000001 0.7859375 0.5484375000000001 0.7859375 0.5687500000000002 0.8296875 0.5687500000000002
0 0.934375 0.5515625000000002 0.8875 0.5515625000000002 0.8875 0.5656250000000002 0.934375 0.5656250000000002