0 0.634375 0.18906250000000008 0.6203125 0.18906250000000008 0.6203125 0.3937500000000001 0.634375 0.3937500000000001
0 0.3765625 0.16562500000000005 0.3703125 0.16562500000000005 0.37031250000000004 0.3750000000000001 0.3765625000000001 0.3750000000000001
0 0.603125 0.18750000000000008 0.596875 0.18750000000000008 0.596875 0.3468750000000001 0.603125 0.3468750000000001
0 0.16250000000000003 0.1671875 0.15625 0.1671875 0.15625000000000006 0.55 0.1625000000000001 0.55
0 0.18906250000000005 0.290625 0.18125000000000005 0.290625 0.18125000000000005 0.3875 0.18906250000000005 0.3875
0 0.18750000000000006 0.390625 0.17968750000000006 0.390625 0.17968750000000006 0.5484375 0.18750000000000008 0.5484375
1 0.18437500000000004 0.3328125 0.16718750000000004 0.3328125 0.16718750000000004 0.3609375 0.18437500000000004 0.3609375
1 0.15625000000000006 0.35625 0.14218750000000005 0.35625 0.14218750000000005 0.3859375 0.15625000000000006 0.3859375
1 0.18125000000000005 0.446875 0.16718750000000004 0.446875 0.16718750000000004 0.4796875 0.18125000000000005 0.4796875
1 0.3140625 0.3375 0.2828125 0.3375 0.2828125 0.35625 0.3140625 0.35625
1 0.36875 0.24687500000000004 0.35625 0.246875 0.35625 0.275 0.36875 0.2750000000000001
2 0.4640625 0.08281250000000005 0.425 0.08281250000000004 0.425 0.2078125000000001 0.4640625 0.2078125000000001
1 0.4546875 0.07031250000000006 0.4421875 0.07031250000000004 0.4421875 0.08750000000000005 0.4546875 0.08750000000000006
2 0.3890625 0.08125000000000004 0.3484375 0.08125000000000004 0.3484375 0.16093750000000004 0.3890625 0.16093750000000004
1 0.378125 0.06093750000000005 0.3609375 0.06093750000000005 0.3609375 0.08593750000000004 0.378125 0.08593750000000004
1 0.3734375 0.12500000000000006 0.3640625 0.12500000000000006 0.3640625 0.14531250000000004 0.3734375 0.14531250000000004
1 0.3734375 0.09531250000000005 0.3625 0.09531250000000005 0.3625 0.11406250000000004 0.3734375 0.11406250000000004
2 0.5484375 0.08593750000000007 0.5125 0.08593750000000007 0.5125 0.18281250000000007 0.5484375 0.1828125000000001
1 0.5671875 0.06562500000000007 0.553125 0.06562500000000007 0.553125 0.08437500000000006 0.5671875 0.08437500000000006
1 0.5671875 0.12656250000000008 0.5515625 0.12656250000000008 0.5515625 0.15000000000000008 0.5671875 0.15000000000000008
1 0.5640625 0.09843750000000007 0.55 0.09843750000000007 0.55 0.11718750000000008 0.5640625 0.11718750000000008
1 0.5984375 0.2531250000000001 0.5828125 0.2531250000000001 0.5828125 0.2875000000000001 0.5984375 0.2875000000000001
1 0.6234375 0.2765625000000001 0.6078125 0.2765625000000001 0.6078125 0.3156250000000001 0.6234375 0.3156250000000001
1 0.5078125 0.4125 0.4921875 0.4125 0.4921875 0.4296875 0.5078125 0.4296875
1 0.5671875 0.60625 0.5546875 0.60625 0.5546875 0.63125 0.5671875 0.63125
0 0.1843750000000001 0.6703125 0.17968750000000008 0.6703125 0.17968750000000008 0.84375 0.1843750000000001 0.84375
0 0.49218750000000017 0.8765625 0.29375000000000007 0.8765625 0.29375000000000007 0.8875 0.49218750000000017 0.8875
1 0.4046875000000002 0.859375 0.3812500000000001 0.859375 0.3812500000000001 0.88125 0.4046875000000002 0.88125
1 0.17968750000000008 0.75 0.16562500000000008 0.75 0.16562500000000008 0.775 0.17968750000000008 0.775