1 0.6421875000000001 0.7203125 0.628125 0.7203125 0.628125 0.746875 0.6421875000000001 0.746875
1 0.6328125000000002 0.846875 0.6187500000000001 0.846875 0.6187500000000001 0.878125 0.6328125000000002 0.878125
1 0.7984375000000001 0.859375 0.7828125000000001 0.859375 0.7828125000000001 0.8890625 0.7984375000000001 0.8890625
1 0.953125 0.928125 0.940625 0.928125 0.940625 0.953125 0.953125 0.953125
1 0.9390625 0.8234375 0.9234375 0.8234375 0.9234375 0.8515625 0.9390625 0.8515625
1 0.934375 0.6937500000000002 0.9171875 0.6937500000000002 0.9171875 0.7234375000000002 0.934375 0.7234375000000002
1 0.4937500000000002 0.8046875 0.4859375000000002 0.8046875 0.4859375000000002 0.8265625 0.4937500000000002 0.8265625
1 0.49218750000000017 0.86875 0.4828125000000002 0.86875 0.4828125000000002 0.8953125 0.49218750000000017 0.8953125
1 0.2328125000000001 0.8359375 0.2234375000000001 0.8359375 0.2234375000000001 0.8546875 0.2328125000000001 0.8546875
1 0.2234375000000001 0.9296875 0.2140625000000001 0.9296875 0.2140625000000001 0.9515625 0.2234375000000001 0.9515625
1 0.5765625000000002 0.9296875 0.5656250000000002 0.9296875 0.5656250000000002 0.9515625 0.5765625000000002 0.9515625
1 0.425 0.5984375 0.4203125 0.5984375 0.4203125 0.615625 0.425 0.615625
1 0.4328125 0.5984375 0.425 0.5984375 0.425 0.615625 0.4328125 0.615625
1 0.4421875 0.5984375 0.4375 0.5984375 0.4375 0.615625 0.4421875 0.615625
1 0.4515625 0.5984375 0.44375 0.5984375 0.44375 0.6140625 0.4515625 0.6140625
1 0.459375 0.596875 0.45 0.596875 0.45 0.6140625 0.459375 0.6140625
1 0.4640625 0.596875 0.4578125 0.596875 0.4578125 0.6140625 0.4640625 0.6140625
1 0.4734375 0.596875 0.4640625 0.596875 0.4640625 0.6140625 0.4734375 0.6140625
1 0.5593750000000002 0.7578125 0.5500000000000002 0.7578125 0.5500000000000002 0.778125 0.5593750000000002 0.778125
1 0.5375000000000002 0.728125 0.5265625000000002 0.728125 0.5265625000000002 0.75 0.5375000000000002 0.75
1 0.5468750000000002 0.728125 0.5375000000000002 0.728125 0.5375000000000002 0.7484375 0.5468750000000002 0.7484375
1 0.5562500000000001 0.7265625 0.5468750000000002 0.7265625 0.5468750000000002 0.7515625 0.5562500000000001 0.7515625
1 0.4234375000000002 0.75625 0.4125000000000002 0.75625 0.4125000000000002 0.778125 0.4234375000000002 0.778125
1 0.4968750000000002 0.7578125 0.4890625000000002 0.7578125 0.4890625000000002 0.778125 0.4968750000000002 0.778125
1 0.1531250000000001 0.7578125 0.14218750000000008 0.7578125 0.14218750000000008 0.78125 0.1531250000000001 0.78125
1 0.10781250000000009 0.7578125 0.10000000000000009 0.7578125 0.10000000000000009 0.7796875 0.10781250000000009 0.7796875
1 0.11718750000000008 0.7578125 0.10781250000000009 0.7578125 0.10781250000000009 0.778125 0.11718750000000008 0.778125
1 0.12656250000000008 0.7578125 0.11718750000000008 0.7578125 0.11718750000000008 0.7796875 0.12656250000000008 0.7796875
1 0.4265625000000002 0.9 0.4156250000000002 0.9 0.4156250000000002 0.9234375 0.4265625000000002 0.9234375
1 0.825 0.5984375000000002 0.81875 0.5984375000000002 0.81875 0.6140625000000002 0.825 0.6140625000000002
1 0.8328125 0.5984375000000002 0.8265625 0.5984375000000002 0.8265625 0.6125000000000002 0.8328125 0.6125000000000002
1 0.8421875 0.6000000000000002 0.8375 0.6000000000000002 0.8375 0.6156250000000002 0.8421875 0.6156250000000002
1 0.8515625 0.5984375000000002 0.84375 0.5984375000000002 0.84375 0.6140625000000002 0.8515625 0.6140625000000002
1 0.8578125 0.5984375000000002 0.8515625 0.5984375000000002 0.8515625 0.6140625000000002 0.8578125 0.6140625000000002
1 0.865625 0.5968750000000002 0.8578125 0.5968750000000002 0.8578125 0.6140625000000002 0.865625 0.6140625000000002
1 0.8734375 0.5984375000000002 0.8671875 0.5984375000000002 0.8671875 0.6140625000000002 0.8734375 0.6140625000000002