0 0.5359375 0.025000000000000067 0.503125 0.025000000000000067 0.503125 0.08750000000000006 0.5359375 0.08750000000000006
0 0.603125 0.08593750000000007 0.546875 0.08593750000000007 0.546875 0.1453125000000001 0.603125 0.1453125000000001
0 0.54375 0.07656250000000006 0.5046875 0.07656250000000006 0.5046875 0.2593750000000001 0.54375 0.2593750000000001
0 0.5453125 0.2515625000000001 0.50625 0.2515625000000001 0.50625 0.3468750000000001 0.5453125 0.3468750000000001
0 0.5484375 0.3390625000000001 0.50625 0.3390625000000001 0.50625 0.5625 0.5484375 0.5625
0 0.6015625 0.5625 0.55 0.5625 0.55 0.6 0.6015625 0.6
0 0.603125 0.2828125000000001 0.5484375 0.2828125000000001 0.5484375 0.2921875000000001 0.603125 0.2921875000000001
2 0.640625 0.10156250000000008 0.6265625 0.10156250000000008 0.6265625 0.12656250000000008 0.640625 0.12656250000000008
0 0.6171875000000002 0.81875 0.5359375000000002 0.81875 0.5359375000000002 0.8765625 0.6171875000000002 0.8765625
0 0.6156250000000002 0.7984375 0.6000000000000002 0.7984375 0.6000000000000002 0.8796875 0.6156250000000002 0.8796875
0 0.5515625000000002 0.8015625 0.5343750000000002 0.8015625 0.5343750000000002 0.878125 0.5515625000000002 0.878125
1 0.49375 0.14687500000000003 0.4796875 0.14687500000000003 0.4796875 0.15781250000000005 0.49375 0.15781250000000005
1 0.4953125 0.13281250000000006 0.48125 0.13281250000000006 0.48125 0.14531250000000004 0.4953125 0.14531250000000004
1 0.50625 0.18437500000000004 0.4875 0.18437500000000004 0.4875 0.2000000000000001 0.50625 0.2000000000000001
1 0.50625 0.16718750000000004 0.4890625 0.16718750000000004 0.4890625 0.18750000000000006 0.50625 0.18750000000000006
1 0.5046875 0.31718750000000007 0.4875 0.31718750000000007 0.4875 0.3296875000000001 0.5046875 0.3296875000000001
1 0.50625 0.30156250000000007 0.4890625 0.30156250000000007 0.4890625 0.3187500000000001 0.50625 0.3187500000000001
1 0.5046875 0.459375 0.4828125 0.459375 0.4828125 0.4765625 0.5046875 0.4765625
1 0.5046875 0.4453125 0.4859375 0.4453125 0.4859375 0.4625 0.5046875 0.4625
1 0.6328125 0.25468750000000007 0.6234375 0.25468750000000007 0.6234375 0.2828125000000001 0.6328125 0.2828125000000001
1 0.640625 0.2609375000000001 0.628125 0.2609375000000001 0.628125 0.2828125000000001 0.640625 0.2828125000000001
1 0.646875 0.09687500000000009 0.6390625 0.09687500000000009 0.6390625 0.12656250000000008 0.646875 0.12656250000000008
1 0.6546875 0.10000000000000009 0.64375 0.10000000000000009 0.64375 0.12656250000000008 0.6546875 0.12656250000000008
1 0.671875 0.08750000000000009 0.6625 0.08750000000000009 0.6625 0.10937500000000008 0.671875 0.10937500000000008
1 0.6796875 0.08906250000000009 0.671875 0.08906250000000009 0.671875 0.10468750000000009 0.6796875 0.10468750000000009
2 0.5875000000000001 0.8296875 0.5812500000000002 0.8296875 0.5812500000000002 0.846875 0.5875000000000001 0.846875