0 0.7359375000000001 0.6921875000000001 0.7171875 0.6921875 0.7171875000000001 0.9078125 0.7359375000000001 0.9078125
1 0.9015625 0.5531250000000002 0.8921875 0.5531250000000002 0.8921875 0.5781250000000002 0.9015625 0.5781250000000002
1 0.9 0.6343750000000001 0.890625 0.6343750000000001 0.890625 0.6609375000000002 0.9 0.6609375000000002
0 0.9015625 0.8 0.85 0.8 0.85 0.825 0.9015625 0.825
1 0.9015625 0.7765625000000002 0.890625 0.7765625000000002 0.890625 0.7984375000000001 0.9015625 0.7984375000000001
0 0.83125 0.5187500000000002 0.78125 0.5187500000000002 0.78125 0.5531250000000002 0.83125 0.5531250000000002
1 0.8390625 0.47187500000000016 0.828125 0.47187500000000016 0.828125 0.5000000000000002 0.8390625 0.5000000000000002
1 0.5 0.478125 0.490625 0.478125 0.490625 0.496875 0.5 0.496875
1 0.409375 0.5640625 0.3937500000000001 0.5640625 0.3937500000000001 0.5890625 0.409375 0.5890625
1 0.409375 0.615625 0.3968750000000001 0.615625 0.3968750000000001 0.6421875 0.409375 0.6421875
1 0.2906250000000001 0.471875 0.2828125000000001 0.471875 0.2828125000000001 0.4984375 0.2906250000000001 0.4984375
0 0.2828125000000001 0.521875 0.2328125000000001 0.521875 0.2328125000000001 0.5671875 0.2828125000000001 0.5671875
1 0.2640625000000001 0.5078125 0.2515625000000001 0.5078125 0.2515625000000001 0.5265625 0.2640625000000001 0.5265625
1 0.18125000000000005 0.2265625 0.17031250000000003 0.2265625 0.17031250000000003 0.246875 0.18125000000000005 0.246875
1 0.1796875 0.057812500000000024 0.16875 0.057812500000000024 0.16875 0.08593750000000003 0.1796875 0.08593750000000003
1 0.18125 0.014062500000000023 0.1703125 0.014062500000000023 0.1703125 0.04062500000000002 0.18125 0.04062500000000002
1 0.60625 0.014062500000000071 0.59375 0.014062500000000071 0.59375 0.039062500000000076 0.60625 0.039062500000000076
1 0.6046875 0.06718750000000007 0.596875 0.06718750000000007 0.596875 0.09531250000000006 0.6046875 0.09531250000000006
0 0.6046875 0.1468750000000001 0.575 0.1468750000000001 0.575 0.33281250000000007 0.6046875 0.33281250000000007
1 0.6046875 0.2500000000000001 0.596875 0.2500000000000001 0.596875 0.2671875000000001 0.6046875 0.2671875000000001
1 0.5390625 0.2234375000000001 0.5265625 0.2234375000000001 0.5265625 0.2515625000000001 0.5390625 0.2515625000000001
1 0.540625 0.2718750000000001 0.528125 0.2718750000000001 0.528125 0.2890625000000001 0.540625 0.2890625000000001
0 0.5750000000000001 0.6953125 0.55625 0.6953125 0.5562500000000001 1 0.5750000000000002 1
0 0.4921875 0.521875 0.440625 0.521875 0.440625 0.5453125 0.4921875 0.5453125
0 0.55 0.7203125 0.478125 0.7203125 0.4781250000000001 0.8296875 0.5500000000000002 0.8296875
0 0.45312500000000017 0.9296875 0.3921875000000001 0.9296875 0.3921875000000001 0.9578125 0.45312500000000017 0.9578125
0 0.33281250000000007 0.17812500000000003 0.2671875 0.17812500000000003 0.2671875 0.4046875 0.33281250000000007 0.4046875
0 0.33437500000000003 0.14218750000000005 0.31875 0.14218750000000005 0.31875000000000003 0.4046875 0.3343750000000001 0.4046875
1 0.621875 0.6453125 0.609375 0.6453125 0.609375 0.6625 0.621875 0.6625
1 0.63125 0.6453125 0.6203125 0.6453125 0.6203125 0.6625 0.63125 0.6625
1 0.6421875 0.6453125 0.63125 0.6453125 0.63125 0.6609375 0.6421875 0.6609375
1 0.65625 0.6421875 0.6484375 0.6421875 0.6484375 0.6640625 0.65625 0.6640625
1 0.66875 0.64375 0.65625 0.64375 0.65625 0.6625 0.66875 0.6625
1 0.6765625 0.64375 0.66875 0.64375 0.66875 0.6625 0.6765625 0.6625
1 0.684375 0.6453125 0.678125 0.6453125 0.678125 0.6625 0.684375 0.6625
1 0.6875 0.6484375 0.6828125 0.6484375 0.6828125 0.6609375 0.6875 0.6609375
1 0.7 0.6453125 0.6921875 0.6453125 0.6921875 0.6625 0.7 0.6625
1 0.7109375 0.64375 0.7 0.64375 0.7 0.6625 0.7109375 0.6625
1 0.6 0.6421875 0.5875 0.6421875 0.5875 0.6625 0.6 0.6625
1 0.6046875 0.6421875 0.5984375 0.6421875 0.5984375 0.6625 0.6046875 0.6625
1 0.5890625 0.64375 0.5765625 0.64375 0.5765625 0.6625 0.5890625 0.6625
1 0.5765625 0.6421875 0.5625 0.6421875 0.5625 0.6640625 0.5765625 0.6640625