0 0.5546875000000001 0.5140625 0.3078125000000001 0.5140625 0.3078125000000001 0.7359375 0.5546875000000002 0.7359375
0 0.55 0.5140625 0.3703125000000001 0.5140625 0.3703125000000001 0.74375 0.5500000000000002 0.74375
0 0.4921875 0.5109375 0.3687500000000001 0.5109375 0.3687500000000001 0.6046875 0.4921875 0.6046875
0 0.6734375 0.515625 0.6078125 0.515625 0.6078125 0.5796875 0.6734375 0.5796875
0 0.7046875 0.4078125 0.671875 0.4078125 0.671875 0.5171875 0.7046875 0.5171875
0 0.3390625000000001 0.421875 0.3109375000000001 0.421875 0.3109375000000001 0.49375 0.3390625000000001 0.49375
0 0.5875 0.4328125 0.546875 0.4328125 0.546875 0.4859375 0.5875 0.4859375
0 0.37343750000000003 0.35468750000000004 0.30625 0.3546875 0.30625 0.403125 0.3734375000000001 0.403125
2 0.7296875 0.2640625000000001 0.709375 0.2640625000000001 0.709375 0.2921875000000001 0.7296875 0.2921875000000001
2 0.7625 0.2593750000000001 0.740625 0.2593750000000001 0.740625 0.29375000000000007 0.7625 0.29375000000000007
2 0.4171875 0.409375 0.4 0.409375 0.4 0.4265625 0.4171875 0.4265625
1 0.4125 0.3703125000000001 0.409375 0.3703125000000001 0.409375 0.3781250000000001 0.4125 0.3781250000000001
1 0.4171875 0.3703125000000001 0.4125 0.3703125000000001 0.4125 0.3781250000000001 0.4171875 0.3781250000000001
1 0.4265625 0.3687500000000001 0.4203125 0.3687500000000001 0.4203125 0.3781250000000001 0.4265625 0.3781250000000001
1 0.4296875 0.3703125000000001 0.4265625 0.3703125000000001 0.4265625 0.3781250000000001 0.4296875 0.3781250000000001
2 0.4015625 0.4046875 0.39531250000000007 0.4046875 0.39531250000000007 0.4140625 0.4015625 0.4140625
2 0.4125 0.4609375 0.4046875 0.4609375 0.4046875 0.4671875 0.4125 0.4671875
2 0.3843750000000001 0.528125 0.3734375000000001 0.528125 0.3734375000000001 0.546875 0.3843750000000001 0.546875
1 0.4265625 0.5765625 0.421875 0.5765625 0.421875 0.590625 0.4265625 0.590625
2 0.446875 0.575 0.43125 0.575 0.43125 0.5828125 0.446875 0.5828125
2 0.571875 0.4140625 0.5546875 0.4140625 0.5546875 0.4328125 0.571875 0.4328125
2 0.5890625 0.34843750000000007 0.5828125 0.34843750000000007 0.5828125 0.3593750000000001 0.5890625 0.3593750000000001
1 0.32343750000000004 0.3546875 0.3171875 0.3546875 0.31718750000000007 0.3671875 0.3234375000000001 0.3671875
2 0.3265625 0.353125 0.321875 0.353125 0.321875 0.359375 0.3265625 0.359375
2 0.3187500000000001 0.4515625 0.3078125000000001 0.4515625 0.3078125000000001 0.4625 0.3187500000000001 0.4625
1 0.3859375 0.2906250000000001 0.3796875 0.2906250000000001 0.3796875 0.3046875000000001 0.3859375 0.3046875000000001
1 0.3062500000000001 0.3671875 0.3000000000000001 0.3671875 0.3000000000000001 0.3765625 0.3062500000000001 0.3765625
1 0.31093750000000003 0.3625 0.3046875 0.3625 0.30468750000000006 0.3734375 0.3109375000000001 0.3734375
1 0.31875000000000003 0.3578125 0.3125 0.3578125 0.31250000000000006 0.36875 0.3187500000000001 0.36875
1 0.3968750000000001 0.3828125000000001 0.3921875000000001 0.3828125000000001 0.3921875000000001 0.3937500000000001 0.3968750000000001 0.3937500000000001
2 0.434375 0.3656250000000001 0.4296875 0.3656250000000001 0.4296875 0.37187500000000007 0.434375 0.37187500000000007
2 0.40625 0.40625 0.4015625 0.40625 0.4015625 0.4140625 0.40625 0.4140625
1 0.3593750000000001 0.715625 0.3515625000000001 0.715625 0.3515625000000001 0.73125 0.3593750000000001 0.73125
1 0.4468750000000001 0.71875 0.4390625 0.71875 0.4390625000000001 0.7328125 0.4468750000000002 0.7328125
1 0.6078125 0.3468750000000001 0.6 0.3468750000000001 0.6 0.3593750000000001 0.6078125 0.3593750000000001
1 0.5984375 0.3453125000000001 0.5921875 0.3453125000000001 0.5921875 0.3593750000000001 0.5984375 0.3593750000000001
1 0.5796875 0.3468750000000001 0.571875 0.3468750000000001 0.571875 0.3593750000000001 0.5796875 0.3593750000000001
1 0.615625 0.3437500000000001 0.6078125 0.3437500000000001 0.6078125 0.3593750000000001 0.615625 0.3593750000000001
1 0.6234375 0.3468750000000001 0.6171875 0.3468750000000001 0.6171875 0.3593750000000001 0.6234375 0.3593750000000001
1 0.696875 0.2515625000000001 0.6921875 0.2515625000000001 0.6921875 0.2671875000000001 0.696875 0.2671875000000001
1 0.7046875 0.2515625000000001 0.6984375 0.2515625000000001 0.6984375 0.2656250000000001 0.7046875 0.2656250000000001
1 0.7140625 0.2500000000000001 0.7078125 0.2500000000000001 0.7078125 0.2640625000000001 0.7140625 0.2640625000000001
1 0.5546875 0.2718750000000001 0.5484375 0.2718750000000001 0.5484375 0.28593750000000007 0.5546875 0.28593750000000007
1 0.546875 0.2718750000000001 0.540625 0.2718750000000001 0.540625 0.2843750000000001 0.546875 0.2843750000000001
1 0.5234375 0.2734375000000001 0.51875 0.2734375000000001 0.51875 0.28593750000000007 0.5234375 0.28593750000000007
1 0.5296875 0.2734375000000001 0.525 0.2734375000000001 0.525 0.2843750000000001 0.5296875 0.2843750000000001
1 0.5359375 0.2718750000000001 0.5296875 0.2718750000000001 0.5296875 0.2843750000000001 0.5359375 0.2843750000000001
1 0.5171875 0.2734375000000001 0.5125 0.2734375000000001 0.5125 0.28593750000000007 0.5171875 0.28593750000000007
0 0.4234375 0.4296875 0.41875 0.4296875 0.41875 0.490625 0.4234375 0.490625
2 0.4140625 0.4453125 0.4078125 0.4453125 0.4078125 0.4546875 0.4140625 0.4546875
2 0.771875 0.2578125000000001 0.7625 0.2578125000000001 0.7625 0.29375000000000007 0.771875 0.29375000000000007
2 0.740625 0.2578125000000001 0.7328125 0.2578125000000001 0.7328125 0.2968750000000001 0.740625 0.2968750000000001
0 0.7109375 0.640625 0.628125 0.640625 0.628125 0.6625 0.7109375 0.6625
0 0.6875 0.6625 0.640625 0.6625 0.640625 0.6859375 0.6875 0.6859375