0 0.428125 0.14062500000000006 0.3359375 0.14062500000000006 0.3359375 0.23593750000000005 0.428125 0.23593750000000008
0 0.4234375 0.18125000000000005 0.3421875 0.18125000000000005 0.3421875 0.23437500000000006 0.4234375 0.23437500000000008
0 0.33593750000000006 0.2328125 0.26875 0.2328125 0.26875000000000004 0.49375 0.3359375000000001 0.49375
0 0.33593750000000006 0.2328125 0.3 0.2328125 0.30000000000000004 0.4359375 0.3359375000000001 0.4359375
0 0.3359375000000001 0.4890625 0.2687500000000001 0.4890625 0.2687500000000001 0.690625 0.3359375000000001 0.690625
0 0.478125 0.2015625000000001 0.43125 0.2015625000000001 0.43125 0.2406250000000001 0.478125 0.2406250000000001
0 0.475 0.24375000000000008 0.4328125 0.24375000000000008 0.4328125 0.3703125000000001 0.475 0.3703125000000001
0 0.609375 0.2062500000000001 0.528125 0.2062500000000001 0.528125 0.26250000000000007 0.609375 0.26250000000000007
0 0.653125 0.12656250000000008 0.6125 0.12656250000000008 0.6125 0.26250000000000007 0.653125 0.26250000000000007
0 0.6734375 0.26250000000000007 0.6390625 0.26250000000000007 0.6390625 0.5140625 0.6734375 0.5140625
0 0.6109375 0.5421875 0.5265625 0.5421875 0.5265625 0.6109375 0.6109375 0.6109375
0 0.7953125 0.16562500000000008 0.7015625 0.16562500000000008 0.7015625 0.2609375000000001 0.7953125 0.2609375000000001
0 0.7890625 0.20468750000000008 0.7078125 0.20468750000000008 0.7078125 0.2609375000000001 0.7890625 0.2609375000000001
1 0.4640625 0.30156250000000007 0.453125 0.30156250000000007 0.453125 0.31718750000000007 0.4640625 0.31718750000000007
1 0.465625 0.2875000000000001 0.4515625 0.2875000000000001 0.4515625 0.3031250000000001 0.465625 0.3031250000000001
2 0.459375 0.2750000000000001 0.45 0.2750000000000001 0.45 0.2875000000000001 0.459375 0.2875000000000001
1 0.484375 0.3546875000000001 0.471875 0.3546875000000001 0.471875 0.37187500000000007 0.484375 0.37187500000000007
1 0.58125 0.2000000000000001 0.5765625 0.2000000000000001 0.5765625 0.21250000000000008 0.58125 0.21250000000000008
1 0.64375 0.1453125000000001 0.6296875 0.1453125000000001 0.6296875 0.1625000000000001 0.64375 0.1625000000000001
1 0.6453125 0.13281250000000008 0.6296875 0.13281250000000008 0.6296875 0.1468750000000001 0.6453125 0.1468750000000001
2 0.6375 0.12500000000000008 0.63125 0.12500000000000008 0.63125 0.13281250000000008 0.6375 0.13281250000000008
2 0.6453125 0.1671875000000001 0.6328125 0.1671875000000001 0.6328125 0.1859375000000001 0.6453125 0.1859375000000001
1 0.646875 0.1937500000000001 0.6390625 0.1937500000000001 0.6390625 0.2000000000000001 0.646875 0.2000000000000001
1 0.75 0.1984375000000001 0.74375 0.1984375000000001 0.74375 0.21250000000000008 0.75 0.21250000000000008
1 0.659375 0.3312500000000001 0.64375 0.3312500000000001 0.64375 0.34843750000000007 0.659375 0.34843750000000007
1 0.6609375 0.3546875000000001 0.6453125 0.3546875000000001 0.6453125 0.3687500000000001 0.6609375 0.3687500000000001
1 0.6640625 0.3890625000000001 0.653125 0.3890625000000001 0.653125 0.3984375000000001 0.6640625 0.3984375000000001
1 0.6640625 0.4234375 0.653125 0.4234375 0.653125 0.434375 0.6640625 0.434375
2 0.659375 0.37187500000000007 0.646875 0.37187500000000007 0.646875 0.38750000000000007 0.659375 0.38750000000000007
2 0.5921875 0.5796875 0.5859375 0.5796875 0.5859375 0.590625 0.5921875 0.590625
1 0.565625 0.5796875 0.55625 0.5796875 0.55625 0.6 0.565625 0.6
1 0.5765625 0.578125 0.565625 0.578125 0.565625 0.6 0.5765625 0.6
1 0.5859375 0.5796875 0.5765625 0.5796875 0.5765625 0.6 0.5859375 0.6
1 0.3859375 0.17187500000000006 0.3796875 0.17187500000000006 0.3796875 0.18906250000000005 0.3859375 0.18906250000000005