0 0.325 0.10000000000000005 0.2359375 0.10000000000000005 0.2359375 0.246875 0.325 0.246875
0 0.6359375 0.07500000000000007 0.378125 0.07500000000000004 0.378125 0.16875000000000007 0.6359375 0.1687500000000001
0 0.640625 0.17031250000000006 0.321875 0.17031250000000003 0.321875 0.25000000000000006 0.640625 0.2500000000000001
0 0.8359375 0.1828125000000001 0.70625 0.1828125000000001 0.70625 0.2390625000000001 0.8359375 0.2390625000000001
0 0.8078125 0.0906250000000001 0.734375 0.0906250000000001 0.734375 0.18125000000000008 0.8078125 0.18125000000000008
1 0.2406250000000001 0.3890625 0.22656250000000008 0.3890625 0.22656250000000008 0.415625 0.2406250000000001 0.415625
1 0.2531250000000001 0.3875 0.2406250000000001 0.3875 0.2406250000000001 0.415625 0.2531250000000001 0.415625
1 0.23437500000000008 0.428125 0.2218750000000001 0.428125 0.2218750000000001 0.453125 0.23437500000000008 0.453125
1 0.2500000000000001 0.4296875 0.2406250000000001 0.4296875 0.2406250000000001 0.453125 0.2500000000000001 0.453125
1 0.2609375000000001 0.43125 0.2484375000000001 0.43125 0.2484375000000001 0.453125 0.2609375000000001 0.453125
1 0.2406250000000001 0.46875 0.2250000000000001 0.46875 0.2250000000000001 0.490625 0.2406250000000001 0.490625
1 0.2562500000000001 0.4703125 0.2453125000000001 0.4703125 0.2453125000000001 0.49375 0.2562500000000001 0.49375
1 0.23593750000000008 0.5078125 0.2218750000000001 0.5078125 0.2218750000000001 0.53125 0.23593750000000008 0.53125
1 0.2406250000000001 0.546875 0.22656250000000008 0.546875 0.22656250000000008 0.571875 0.2406250000000001 0.571875
1 0.2390625000000001 0.5828125 0.22812500000000008 0.5828125 0.22812500000000008 0.6109375 0.2390625000000001 0.6109375
1 0.24218750000000008 0.625 0.22812500000000008 0.625 0.22812500000000008 0.6484375 0.24218750000000008 0.6484375
1 0.2484375000000001 0.665625 0.2375000000000001 0.665625 0.2375000000000001 0.690625 0.2484375000000001 0.690625
1 0.25468750000000007 0.6265625 0.24218750000000008 0.6265625 0.24218750000000008 0.6484375 0.25468750000000007 0.6484375
1 0.2562500000000001 0.5859375 0.2406250000000001 0.5859375 0.2406250000000001 0.6125 0.2562500000000001 0.6125
1 0.25468750000000007 0.546875 0.24218750000000008 0.546875 0.24218750000000008 0.56875 0.25468750000000007 0.56875
1 0.2515625000000001 0.5078125 0.2390625000000001 0.5078125 0.2390625000000001 0.5328125 0.2515625000000001 0.5328125
1 0.2609375000000001 0.50625 0.2484375000000001 0.50625 0.2484375000000001 0.5328125 0.2609375000000001 0.5328125
1 0.821875 0.3890625000000001 0.8140625 0.3890625000000001 0.8140625 0.4125000000000002 0.821875 0.4125000000000002
1 0.821875 0.42968750000000017 0.8125 0.42968750000000017 0.8125 0.4515625000000002 0.821875 0.4515625000000002
1 0.821875 0.46406250000000016 0.8125 0.46406250000000016 0.8125 0.49218750000000017 0.821875 0.49218750000000017
1 0.8265625 0.5078125000000002 0.8125 0.5078125000000002 0.8125 0.5343750000000002 0.8265625 0.5343750000000002
1 0.8234375 0.5468750000000002 0.8109375 0.5468750000000002 0.8109375 0.5718750000000001 0.8234375 0.5718750000000001
1 0.8234375 0.5843750000000002 0.8125 0.5843750000000002 0.8125 0.6093750000000002 0.8234375 0.6093750000000002
1 0.8203125 0.6265625000000001 0.80625 0.6265625000000001 0.80625 0.6484375000000002 0.8203125 0.6484375000000002
1 0.8234375 0.6625000000000002 0.8125 0.6625000000000002 0.8125 0.6859375000000002 0.8234375 0.6859375000000002
1 0.8359375 0.38750000000000007 0.8296875 0.38750000000000007 0.8296875 0.41406250000000017 0.8359375 0.41406250000000017
1 0.8375 0.4281250000000002 0.8296875 0.4281250000000002 0.8296875 0.45312500000000017 0.8375 0.45312500000000017
1 0.8375 0.4671875000000002 0.828125 0.4671875000000002 0.828125 0.49218750000000017 0.8375 0.49218750000000017
1 0.8375 0.5109375000000002 0.828125 0.5109375000000002 0.828125 0.5312500000000002 0.8375 0.5312500000000002
1 0.8375 0.5484375000000001 0.8296875 0.5484375000000001 0.8296875 0.5734375000000002 0.8375 0.5734375000000002
1 0.8390625 0.5859375000000002 0.828125 0.5859375000000002 0.828125 0.6093750000000002 0.8390625 0.6093750000000002
1 0.8390625 0.6656250000000001 0.8296875 0.6656250000000001 0.8296875 0.6875000000000002 0.8390625 0.6875000000000002
1 0.8484375 0.3906250000000001 0.8390625 0.3906250000000001 0.8390625 0.4125000000000002 0.8484375 0.4125000000000002
1 0.8484375 0.42968750000000017 0.840625 0.42968750000000017 0.840625 0.45625000000000016 0.8484375 0.45625000000000016
1 0.85 0.46875000000000017 0.8375 0.46875000000000017 0.8375 0.49218750000000017 0.85 0.49218750000000017
1 0.85 0.5078125000000002 0.8390625 0.5078125000000002 0.8390625 0.5312500000000002 0.85 0.5312500000000002
1 0.8515625 0.5468750000000002 0.8375 0.5468750000000002 0.8375 0.5734375000000002 0.8515625 0.5734375000000002
1 0.8484375 0.5828125000000002 0.8375 0.5828125000000002 0.8375 0.6109375000000001 0.8484375 0.6109375000000001
1 0.22656250000000008 0.70625 0.2140625000000001 0.70625 0.2140625000000001 0.728125 0.22656250000000008 0.728125
1 0.2671875000000001 0.7046875 0.2593750000000001 0.7046875 0.2593750000000001 0.728125 0.2671875000000001 0.728125
1 0.2406250000000001 0.7015625 0.2328125000000001 0.7015625 0.2328125000000001 0.7265625 0.2406250000000001 0.7265625
1 0.2515625000000001 0.7 0.2390625000000001 0.7 0.2390625000000001 0.728125 0.2515625000000001 0.728125
1 0.2078125000000001 0.74375 0.2000000000000001 0.74375 0.2000000000000001 0.7703125 0.2078125000000001 0.7703125
1 0.19531250000000008 0.7828125 0.1859375000000001 0.7828125 0.1859375000000001 0.809375 0.19531250000000008 0.809375
1 0.2296875000000001 0.8203125 0.21875000000000008 0.8203125 0.21875000000000008 0.84375 0.2296875000000001 0.84375
1 0.2296875000000001 0.859375 0.21875000000000008 0.859375 0.21875000000000008 0.8828125 0.2296875000000001 0.8828125
1 0.2156250000000001 0.8953125 0.20468750000000008 0.8953125 0.20468750000000008 0.9265625 0.2156250000000001 0.9265625
1 0.2140625000000001 0.9359375 0.2015625000000001 0.9359375 0.2015625000000001 0.965625 0.2140625000000001 0.965625
1 0.2250000000000001 0.7390625 0.2140625000000001 0.7390625 0.2140625000000001 0.771875 0.2250000000000001 0.771875
1 0.21093750000000008 0.7796875 0.2015625000000001 0.7796875 0.2015625000000001 0.80625 0.21093750000000008 0.80625
1 0.2218750000000001 0.78125 0.21093750000000008 0.78125 0.21093750000000008 0.8046875 0.2218750000000001 0.8046875
1 0.2468750000000001 0.8203125 0.2375000000000001 0.8203125 0.2375000000000001 0.84375 0.2468750000000001 0.84375
1 0.2453125000000001 0.8609375 0.2375000000000001 0.8609375 0.2375000000000001 0.8828125 0.2453125000000001 0.8828125
1 0.2296875000000001 0.9 0.21875000000000008 0.9 0.21875000000000008 0.9234375 0.2296875000000001 0.9234375
1 0.2312500000000001 0.9375 0.22031250000000008 0.9375 0.22031250000000008 0.9640625 0.2312500000000001 0.9640625
1 0.2640625000000001 0.8203125 0.2531250000000001 0.8203125 0.2531250000000001 0.846875 0.2640625000000001 0.846875
1 0.2640625000000001 0.8578125 0.2515625000000001 0.8578125 0.2515625000000001 0.884375 0.2640625000000001 0.884375
1 0.2484375000000001 0.8984375 0.2375000000000001 0.8984375 0.2375000000000001 0.925 0.2484375000000001 0.925
1 0.2484375000000001 0.9359375 0.23593750000000008 0.9359375 0.23593750000000008 0.965625 0.2484375000000001 0.965625
1 0.26250000000000007 0.9359375 0.25468750000000007 0.9359375 0.25468750000000007 0.9625 0.26250000000000007 0.9625
1 0.2812500000000001 0.9359375 0.2687500000000001 0.9359375 0.2687500000000001 0.9640625 0.2812500000000001 0.9640625
1 0.2640625000000001 0.9 0.25468750000000007 0.9 0.25468750000000007 0.925 0.2640625000000001 0.925
1 0.2812500000000001 0.8984375 0.2687500000000001 0.8984375 0.2687500000000001 0.925 0.2812500000000001 0.925
1 0.2812500000000001 0.9734375 0.2671875000000001 0.9734375 0.2671875000000001 1 0.2812500000000001 1
1 0.2656250000000001 0.978125 0.25468750000000007 0.978125 0.25468750000000007 1 0.2656250000000001 1
1 0.2468750000000001 0.978125 0.23593750000000008 0.978125 0.23593750000000008 1 0.2468750000000001 1
1 0.2140625000000001 0.978125 0.2015625000000001 0.978125 0.2015625000000001 1 0.2140625000000001 1
1 0.2328125000000001 0.9765625 0.2156250000000001 0.9765625 0.2156250000000001 1 0.2328125000000001 1
1 0.24218750000000008 0.74375 0.2328125000000001 0.74375 0.2328125000000001 0.765625 0.24218750000000008 0.765625
1 0.2375000000000001 0.784375 0.22812500000000008 0.784375 0.22812500000000008 0.809375 0.2375000000000001 0.809375
1 0.2531250000000001 0.7796875 0.2390625000000001 0.7796875 0.2390625000000001 0.8109375 0.2531250000000001 0.8109375
1 0.25468750000000007 0.7421875 0.2468750000000001 0.7421875 0.2468750000000001 0.765625 0.25468750000000007 0.765625
1 0.2671875000000001 0.7421875 0.2562500000000001 0.7421875 0.2562500000000001 0.771875 0.2671875000000001 0.771875
1 0.2718750000000001 0.78125 0.26250000000000007 0.78125 0.26250000000000007 0.8109375 0.2718750000000001 0.8109375
1 0.2828125000000001 0.7421875 0.2718750000000001 0.7421875 0.2718750000000001 0.7703125 0.2828125000000001 0.7703125
1 0.2875000000000001 0.78125 0.2750000000000001 0.78125 0.2750000000000001 0.8046875 0.2875000000000001 0.8046875
1 0.2968750000000001 0.784375 0.2875000000000001 0.784375 0.2875000000000001 0.8078125 0.2968750000000001 0.8078125
1 0.3671875000000001 0.38906250000000003 0.3593750000000001 0.3890625 0.3593750000000001 0.4171875 0.3671875000000001 0.4171875
1 0.3671875000000001 0.4296875 0.3578125000000001 0.4296875 0.3578125000000001 0.4546875 0.3671875000000001 0.4546875
1 0.3656250000000001 0.4671875 0.3578125000000001 0.4671875 0.3578125000000001 0.4921875 0.3656250000000001 0.4921875
1 0.3671875000000001 0.5078125 0.3578125000000001 0.5078125 0.3578125000000001 0.534375 0.3671875000000001 0.534375
1 0.3671875000000001 0.54375 0.3593750000000001 0.54375 0.3593750000000001 0.5703125 0.3671875000000001 0.5703125
1 0.3671875000000001 0.584375 0.3578125000000001 0.584375 0.3578125000000001 0.6125 0.3671875000000001 0.6125
1 0.3671875000000001 0.6234375 0.35625000000000007 0.6234375 0.35625000000000007 0.65 0.3671875000000001 0.65
1 0.37968750000000007 0.38750000000000007 0.3671875000000001 0.38750000000000007 0.3671875000000001 0.4109375 0.37968750000000007 0.4109375
1 0.37968750000000007 0.4296875 0.3687500000000001 0.4296875 0.3687500000000001 0.453125 0.37968750000000007 0.453125
1 0.3812500000000001 0.465625 0.3656250000000001 0.465625 0.3656250000000001 0.490625 0.3812500000000001 0.490625
1 0.3781250000000001 0.503125 0.3656250000000001 0.503125 0.3656250000000001 0.5328125 0.3781250000000001 0.5328125
1 0.37968750000000007 0.54375 0.3671875000000001 0.54375 0.3671875000000001 0.571875 0.37968750000000007 0.571875
1 0.37968750000000007 0.584375 0.3656250000000001 0.584375 0.3656250000000001 0.6078125 0.37968750000000007 0.6078125
1 0.37968750000000007 0.6234375 0.3687500000000001 0.6234375 0.3687500000000001 0.65 0.37968750000000007 0.65
1 0.3671875000000001 0.665625 0.3578125000000001 0.665625 0.3578125000000001 0.690625 0.3671875000000001 0.690625
1 0.37968750000000007 0.665625 0.3687500000000001 0.665625 0.3687500000000001 0.6875 0.37968750000000007 0.6875
1 0.3687500000000001 0.7015625 0.3578125000000001 0.7015625 0.3578125000000001 0.73125 0.3687500000000001 0.73125
1 0.37968750000000007 0.703125 0.3703125000000001 0.703125 0.3703125000000001 0.728125 0.37968750000000007 0.728125
1 0.3703125000000001 0.74375 0.3593750000000001 0.74375 0.3593750000000001 0.76875 0.3703125000000001 0.76875
1 0.3812500000000001 0.7421875 0.3687500000000001 0.7421875 0.3687500000000001 0.76875 0.3812500000000001 0.76875
1 0.3671875000000001 0.7796875 0.3578125000000001 0.7796875 0.3578125000000001 0.809375 0.3671875000000001 0.809375
1 0.3781250000000001 0.7796875 0.3671875000000001 0.7796875 0.3671875000000001 0.8078125 0.3781250000000001 0.8078125
1 0.3687500000000001 0.8203125 0.3578125000000001 0.8203125 0.3578125000000001 0.846875 0.3687500000000001 0.846875
1 0.3687500000000001 0.859375 0.3578125000000001 0.859375 0.3578125000000001 0.8859375 0.3687500000000001 0.8859375
1 0.3687500000000001 0.9 0.35625000000000007 0.9 0.35625000000000007 0.9234375 0.3687500000000001 0.9234375
1 0.3687500000000001 0.9359375 0.3578125000000001 0.9359375 0.3578125000000001 0.9671875 0.3687500000000001 0.9671875
1 0.3687500000000001 0.978125 0.3593750000000001 0.978125 0.3593750000000001 0.9984375 0.3687500000000001 0.9984375
1 0.37968750000000007 0.978125 0.3687500000000001 0.978125 0.3687500000000001 1 0.37968750000000007 1
1 0.3781250000000001 0.9328125 0.3687500000000001 0.9328125 0.3687500000000001 0.9640625 0.3781250000000001 0.9640625
1 0.37968750000000007 0.8609375 0.3687500000000001 0.8609375 0.3687500000000001 0.8828125 0.37968750000000007 0.8828125
1 0.3812500000000001 0.896875 0.3687500000000001 0.896875 0.3687500000000001 0.9265625 0.3812500000000001 0.9265625
1 0.37968750000000007 0.8203125 0.3687500000000001 0.8203125 0.3687500000000001 0.8484375 0.37968750000000007 0.8484375
1 0.6421875 0.3906250000000001 0.628125 0.3906250000000001 0.628125 0.415625 0.6421875 0.415625
1 0.45 0.3921875000000001 0.4390625 0.3921875000000001 0.4390625 0.415625 0.45 0.415625
1 0.45 0.4265625 0.4375 0.4265625 0.4375 0.453125 0.45 0.453125
1 0.4515625 0.4671875 0.4390625 0.4671875 0.4390625 0.49375 0.4515625 0.49375
1 0.453125 0.5078125 0.4375 0.5078125 0.4375 0.53125 0.453125 0.53125
1 0.4515625 0.54375 0.4375 0.54375 0.4375 0.575 0.4515625 0.575
1 0.4515625 0.5828125 0.440625 0.5828125 0.440625 0.6140625 0.4515625 0.6140625
1 0.4546875 0.625 0.4390625 0.625 0.4390625 0.65 0.4546875 0.65
1 0.4484375 0.665625 0.4359375 0.665625 0.4359375 0.690625 0.4484375 0.690625
1 0.4468750000000001 0.703125 0.434375 0.703125 0.43437500000000007 0.7296875 0.4468750000000002 0.7296875
1 0.465625 0.3859375000000001 0.4546875 0.3859375000000001 0.4546875 0.415625 0.465625 0.415625
1 0.478125 0.38750000000000007 0.4640625 0.38750000000000007 0.4640625 0.4171875 0.478125 0.4171875
1 0.4640625 0.425 0.4546875 0.425 0.4546875 0.4515625 0.4640625 0.4515625
1 0.4765625 0.4265625 0.465625 0.4265625 0.465625 0.4515625 0.4765625 0.4515625
1 0.4671875 0.4671875 0.4546875 0.4671875 0.4546875 0.4921875 0.4671875 0.4921875
1 0.4765625 0.4671875 0.465625 0.4671875 0.465625 0.4890625 0.4765625 0.4890625
1 0.4671875 0.50625 0.4515625 0.50625 0.4515625 0.5328125 0.4671875 0.5328125
1 0.4765625 0.503125 0.4625 0.503125 0.4625 0.53125 0.4765625 0.53125
1 0.4640625 0.5421875 0.453125 0.5421875 0.453125 0.571875 0.4640625 0.571875
1 0.475 0.54375 0.4640625 0.54375 0.4640625 0.571875 0.475 0.571875
1 0.4671875 0.5828125 0.45625 0.5828125 0.45625 0.6125 0.4671875 0.6125
1 0.4796875 0.58125 0.465625 0.58125 0.465625 0.6140625 0.4796875 0.6140625
1 0.4671875 0.621875 0.4546875 0.621875 0.4546875 0.65 0.4671875 0.65
1 0.4765625 0.6203125 0.4640625 0.6203125 0.4640625 0.65 0.4765625 0.65
1 0.4578125 0.665625 0.4484375 0.665625 0.4484375 0.6890625 0.4578125 0.6890625
1 0.4546875000000001 0.6984375 0.4453125 0.6984375 0.4453125000000001 0.728125 0.4546875000000002 0.728125
1 0.4703125 0.6625 0.4578125 0.6625 0.4578125 0.690625 0.4703125 0.690625
1 0.4843750000000001 0.696875 0.471875 0.696875 0.4718750000000001 0.7296875 0.48437500000000017 0.7296875
1 0.48125 0.6640625 0.4703125 0.6640625 0.4703125 0.684375 0.48125 0.684375
1 0.4718750000000001 0.7015625 0.459375 0.7015625 0.4593750000000001 0.7296875 0.47187500000000016 0.7296875
1 0.44531250000000017 0.740625 0.4359375000000002 0.740625 0.4359375000000002 0.7703125 0.44531250000000017 0.7703125
1 0.4578125000000002 0.7421875 0.4468750000000002 0.7421875 0.4468750000000002 0.76875 0.4578125000000002 0.76875
1 0.4468750000000002 0.7796875 0.4359375000000002 0.7796875 0.4359375000000002 0.80625 0.4468750000000002 0.80625
1 0.45625000000000016 0.7796875 0.4437500000000002 0.7796875 0.4437500000000002 0.80625 0.45625000000000016 0.80625
1 0.4703125000000002 0.78125 0.46093750000000017 0.78125 0.46093750000000017 0.803125 0.4703125000000002 0.803125
1 0.4812500000000002 0.78125 0.47187500000000016 0.78125 0.47187500000000016 0.8078125 0.4812500000000002 0.8078125
1 0.47187500000000016 0.7390625 0.4593750000000002 0.7390625 0.4593750000000002 0.76875 0.47187500000000016 0.76875
1 0.4828125000000002 0.740625 0.4703125000000002 0.740625 0.4703125000000002 0.7703125 0.4828125000000002 0.7703125
1 0.44531250000000017 0.81875 0.4359375000000002 0.81875 0.4359375000000002 0.846875 0.44531250000000017 0.846875
1 0.4546875000000002 0.8234375 0.44531250000000017 0.8234375 0.44531250000000017 0.846875 0.4546875000000002 0.846875
1 0.44531250000000017 0.8609375 0.4343750000000002 0.8609375 0.4343750000000002 0.8890625 0.44531250000000017 0.8890625
1 0.45625000000000016 0.8578125 0.4437500000000002 0.8578125 0.4437500000000002 0.8859375 0.45625000000000016 0.8859375
1 0.47187500000000016 0.8234375 0.4625000000000002 0.8234375 0.4625000000000002 0.846875 0.47187500000000016 0.846875
1 0.47187500000000016 0.8625 0.4625000000000002 0.8625 0.4625000000000002 0.884375 0.47187500000000016 0.884375
1 0.4828125000000002 0.8203125 0.47187500000000016 0.8203125 0.47187500000000016 0.85 0.4828125000000002 0.85
1 0.48437500000000017 0.8609375 0.4734375000000002 0.8609375 0.4734375000000002 0.8890625 0.48437500000000017 0.8890625
1 0.44531250000000017 0.8984375 0.43281250000000016 0.8984375 0.43281250000000016 0.9265625 0.44531250000000017 0.9265625
1 0.44531250000000017 0.9390625 0.4359375000000002 0.9390625 0.4359375000000002 0.9640625 0.44531250000000017 0.9640625
1 0.44531250000000017 0.971875 0.4312500000000002 0.971875 0.4312500000000002 1 0.44531250000000017 1
1 0.4578125000000002 0.9375 0.4468750000000002 0.9375 0.4468750000000002 0.9609375 0.4578125000000002 0.9609375
1 0.4593750000000002 0.9 0.4437500000000002 0.9 0.4437500000000002 0.925 0.4593750000000002 0.925
1 0.4546875000000002 0.9765625 0.44531250000000017 0.9765625 0.44531250000000017 0.9984375 0.4546875000000002 0.9984375
1 0.4734375000000002 0.978125 0.4593750000000002 0.978125 0.4593750000000002 1 0.4734375000000002 1
1 0.4828125000000002 0.975 0.46875000000000017 0.975 0.46875000000000017 1 0.4828125000000002 1
1 0.4703125000000002 0.9359375 0.46093750000000017 0.9359375 0.46093750000000017 0.9625 0.4703125000000002 0.9625
1 0.4828125000000002 0.9390625 0.46875000000000017 0.9390625 0.46875000000000017 0.965625 0.4828125000000002 0.965625
1 0.4734375000000002 0.8953125 0.4593750000000002 0.8953125 0.4593750000000002 0.928125 0.4734375000000002 0.928125
1 0.4812500000000002 0.89375 0.46875000000000017 0.89375 0.46875000000000017 0.9265625 0.4812500000000002 0.9265625