0 0.3578125 0.18593750000000003 0.309375 0.18593750000000003 0.309375 0.2171875 0.3578125 0.2171875
0 0.44375 0.057812500000000044 0.3796875 0.057812500000000044 0.3796875 0.12812500000000004 0.44375 0.12812500000000004
0 0.5296875 0.08593750000000007 0.49375 0.08593750000000007 0.49375 0.3156250000000001 0.5296875 0.3156250000000001
0 0.5265625 0.08906250000000007 0.4953125 0.08906250000000007 0.4953125 0.17031250000000003 0.5265625 0.17031250000000003
0 0.3859375 0.21718750000000003 0.31875 0.2171875 0.31875 0.290625 0.3859375 0.2906250000000001
0 0.4609375 0.2328125000000001 0.4328125 0.2328125000000001 0.4328125 0.3140625000000001 0.4609375 0.3140625000000001
0 0.53125 0.2078125000000001 0.4578125 0.2078125000000001 0.4578125 0.3109375000000001 0.53125 0.3109375000000001
0 0.4296875 0.3140625000000001 0.3875 0.3140625000000001 0.38750000000000007 0.38750000000000007 0.4296875 0.38750000000000007
1 0.3765625 0.34687500000000004 0.3609375 0.346875 0.3609375 0.35937500000000006 0.3765625 0.3593750000000001
2 0.3875 0.3187500000000001 0.36875 0.3187500000000001 0.36875 0.3515625000000001 0.3875 0.3515625000000001
0 0.5546875 0.048437500000000064 0.521875 0.048437500000000064 0.521875 0.18750000000000006 0.5546875 0.18750000000000008
0 0.6171875 0.06406250000000006 0.590625 0.06406250000000006 0.590625 0.18906250000000008 0.6171875 0.18906250000000008
0 0.7390625 0.06875000000000009 0.6859375 0.06875000000000009 0.6859375 0.1609375000000001 0.7390625 0.1609375000000001
0 0.7421875 0.12031250000000009 0.7078125 0.12031250000000009 0.7078125 0.1937500000000001 0.7421875 0.1937500000000001
0 0.7046875 0.3187500000000001 0.6109375 0.3187500000000001 0.6109375 0.3812500000000001 0.7046875 0.3812500000000001
0 0.70625 0.21875000000000008 0.6828125 0.21875000000000008 0.6828125 0.3812500000000001 0.70625 0.3812500000000001
0 0.6375 0.2171875000000001 0.6140625 0.2171875000000001 0.6140625 0.37968750000000007 0.6375 0.37968750000000007
0 0.515625 0.428125 0.46875 0.428125 0.46875 0.465625 0.515625 0.465625
0 0.6453125 0.415625 0.590625 0.415625 0.590625 0.6078125 0.6453125 0.6078125
0 0.64375 0.421875 0.590625 0.421875 0.590625 0.4765625 0.64375 0.4765625
0 0.6484375 0.51875 0.5921875 0.51875 0.5921875 0.5765625 0.6484375 0.5765625
2 0.615625 0.559375 0.590625 0.559375 0.590625 0.596875 0.615625 0.596875
1 0.6203125 0.5671875 0.6046875 0.5671875 0.6046875 0.58125 0.6203125 0.58125
1 0.61875 0.5484375 0.6046875 0.5484375 0.6046875 0.56875 0.61875 0.56875
2 0.590625 0.12343750000000009 0.575 0.12343750000000009 0.575 0.1625000000000001 0.590625 0.1625000000000001
1 0.378125 0.32343750000000004 0.3609375 0.3234375 0.3609375 0.33906250000000004 0.378125 0.3390625000000001
1 0.35 0.2328125 0.3390625 0.2328125 0.3390625 0.25 0.35 0.25
1 0.35625 0.2203125 0.3453125 0.2203125 0.3453125 0.2421875 0.35625 0.2421875
1 0.4796875 0.2312500000000001 0.4734375 0.2312500000000001 0.4734375 0.2531250000000001 0.4796875 0.2531250000000001
1 0.4953125 0.2312500000000001 0.4859375 0.2312500000000001 0.4859375 0.2515625000000001 0.4953125 0.2515625000000001
1 0.5125 0.23593750000000008 0.496875 0.23593750000000008 0.496875 0.2484375000000001 0.5125 0.2484375000000001
1 0.5125 0.22031250000000008 0.496875 0.22031250000000008 0.496875 0.23593750000000008 0.5125 0.23593750000000008
1 0.5125 0.2750000000000001 0.496875 0.2750000000000001 0.496875 0.2843750000000001 0.5125 0.2843750000000001
1 0.5140625 0.2593750000000001 0.496875 0.2593750000000001 0.496875 0.2734375000000001 0.5140625 0.2734375000000001
1 0.33125 0.19531250000000006 0.3265625 0.19531250000000006 0.3265625 0.2078125 0.33125 0.2078125
0 0.6140625 0.2171875000000001 0.56875 0.2171875000000001 0.56875 0.2406250000000001 0.6140625 0.2406250000000001
1 0.5921875 0.2171875000000001 0.5859375 0.2171875000000001 0.5859375 0.2312500000000001 0.5921875 0.2312500000000001
1 0.575 0.3234375000000001 0.565625 0.3234375000000001 0.565625 0.3421875000000001 0.575 0.3421875000000001
1 0.565625 0.3468750000000001 0.55625 0.3468750000000001 0.55625 0.3671875000000001 0.565625 0.3671875000000001
1 0.546875 0.11250000000000007 0.5375 0.11250000000000004 0.5375 0.12031250000000007 0.546875 0.12031250000000009
1 0.546875 0.09531250000000006 0.53125 0.09531250000000006 0.53125 0.10625000000000007 0.546875 0.1062500000000001
1 0.546875 0.07968750000000006 0.53125 0.07968750000000006 0.53125 0.09375000000000007 0.546875 0.09375000000000007
1 0.5875 0.08750000000000006 0.575 0.08750000000000006 0.575 0.09687500000000007 0.5875 0.09687500000000007
1 0.5890625 0.07187500000000006 0.575 0.07187500000000006 0.575 0.08593750000000007 0.5890625 0.08593750000000007
1 0.5890625 0.1140625000000001 0.5734375 0.1140625000000001 0.5734375 0.12500000000000008 0.5890625 0.12500000000000008
1 0.4296875 0.05312500000000005 0.421875 0.05312500000000005 0.421875 0.06875000000000005 0.4296875 0.06875000000000005
2 0.365625 0.21718750000000003 0.35 0.2171875 0.35 0.25781250000000006 0.365625 0.2578125000000001
1 0.5328125 0.34062500000000007 0.5265625 0.34062500000000007 0.5265625 0.35625000000000007 0.5328125 0.35625000000000007
2 0.55 0.3359375000000001 0.5359375 0.3359375000000001 0.5359375 0.34843750000000007 0.55 0.34843750000000007
2 0.7484375 0.4046875000000001 0.725 0.4046875 0.725 0.4406250000000001 0.7484375 0.44062500000000016
2 0.7546875 0.40625000000000017 0.74375 0.40625000000000017 0.74375 0.4515625000000002 0.7546875 0.4515625000000002
2 0.7265625 0.40312500000000007 0.7125 0.403125 0.7125 0.4531250000000001 0.7265625 0.45312500000000017
2 0.7078125 0.4046875 0.68125 0.4046875 0.68125 0.44375 0.7078125 0.44375
1 0.678125 0.3890625000000001 0.6703125 0.3890625000000001 0.6703125 0.4109375 0.678125 0.4109375
1 0.6859375 0.3921875000000001 0.6765625 0.3921875000000001 0.6765625 0.4125 0.6859375 0.4125
1 0.7015625 0.3906250000000001 0.690625 0.3906250000000001 0.690625 0.409375 0.7015625 0.409375
1 0.603125 0.425 0.59375 0.425 0.59375 0.4484375 0.603125 0.4484375
1 0.615625 0.425 0.603125 0.425 0.603125 0.4484375 0.615625 0.4484375
0 0.425 0.4296875 0.3828125000000001 0.4296875 0.3828125000000001 0.45625 0.425 0.45625
0 0.5921875 0.5484375 0.4390625 0.5484375 0.4390625 0.61875 0.5921875 0.61875
0 0.590625 0.5265625 0.5015625 0.5265625 0.5015625 0.5765625 0.590625 0.5765625
0 0.4937500000000001 0.7171875 0.3984375000000001 0.7171875 0.3984375000000001 0.76875 0.4937500000000002 0.76875
0 0.4390625000000001 0.715625 0.39531250000000007 0.715625 0.39531250000000007 0.7734375 0.4390625000000002 0.7734375
0 0.4953125000000001 0.71875 0.44375 0.71875 0.4437500000000001 0.7734375 0.49531250000000016 0.7734375
0 0.409375 0.6421875 0.33281250000000007 0.6421875 0.33281250000000007 0.7140625 0.409375 0.7140625
0 0.4375 0.60625 0.3765625000000001 0.60625 0.3765625000000001 0.6453125 0.4375 0.6453125
2 0.409375 0.56875 0.3828125000000001 0.56875 0.3828125000000001 0.6078125 0.409375 0.6078125
2 0.35625000000000007 0.6109375 0.33281250000000007 0.6109375 0.33281250000000007 0.64375 0.35625000000000007 0.64375
1 0.3812500000000001 0.565625 0.3750000000000001 0.565625 0.3750000000000001 0.5875 0.3812500000000001 0.5875
1 0.3984375000000001 0.565625 0.38750000000000007 0.565625 0.38750000000000007 0.590625 0.3984375000000001 0.590625
1 0.3312500000000001 0.6046875 0.3218750000000001 0.6046875 0.3218750000000001 0.6234375 0.3312500000000001 0.6234375
1 0.3468750000000001 0.6046875 0.3359375000000001 0.6046875 0.3359375000000001 0.6234375 0.3468750000000001 0.6234375
1 0.3765625000000001 0.6703125 0.3625000000000001 0.6703125 0.3625000000000001 0.6875 0.3765625000000001 0.6875
1 0.48437500000000017 0.734375 0.47656250000000017 0.734375 0.47656250000000017 0.75 0.48437500000000017 0.75
1 0.553125 0.5421875 0.5453125 0.5421875 0.5453125 0.5546875 0.553125 0.5546875
1 0.6281250000000002 0.7765625 0.6203125000000002 0.7765625 0.6203125000000002 0.7984375 0.6281250000000002 0.7984375
1 0.6671875 0.3453125000000001 0.659375 0.3453125000000001 0.659375 0.3578125000000001 0.6671875 0.3578125000000001
2 0.7062500000000002 0.7796875 0.6765625000000002 0.7796875 0.6765625000000002 0.821875 0.7062500000000002 0.821875
1 0.6828125000000002 0.76875 0.6734375000000001 0.76875 0.6734375000000001 0.7890625 0.6828125000000002 0.7890625
1 0.6937500000000002 0.7671875 0.6843750000000002 0.7671875 0.6843750000000002 0.7890625 0.6937500000000002 0.7890625
0 0.5921875000000002 0.8421875 0.5515625000000002 0.8421875 0.5515625000000002 0.8921875 0.5921875000000002 0.8921875
1 0.5906250000000002 0.834375 0.5796875000000001 0.834375 0.5796875000000001 0.8578125 0.5906250000000002 0.8578125
0 0.4890625000000002 0.8515625 0.45312500000000017 0.8515625 0.45312500000000017 1 0.4890625000000002 1
1 0.4890625000000002 0.871875 0.4828125000000002 0.871875 0.4828125000000002 0.884375 0.4890625000000002 0.884375
1 0.5703125000000002 0.934375 0.5609375000000002 0.934375 0.5609375000000002 0.940625 0.5703125000000002 0.940625
0 0.3593750000000001 0.828125 0.3125000000000001 0.828125 0.3125000000000001 0.89375 0.3593750000000001 0.89375
0 0.7281250000000001 0.8921875 0.6890625000000001 0.8921875 0.6890625000000001 0.96875 0.7281250000000001 0.96875
0 0.5484375000000001 0.853125 0.5171875000000001 0.853125 0.5171875000000001 0.8765625 0.5484375000000001 0.8765625
0 0.5812500000000002 0.90625 0.5687500000000002 0.90625 0.5687500000000002 0.9546875 0.5812500000000002 0.9546875