0 0.7484375 0.5765625000000001 0.3656250000000001 0.5765625 0.3656250000000001 0.5984375000000001 0.7484375 0.5984375000000002
0 0.7453125 0.4937500000000001 0.5078125 0.49375 0.5078125 0.5156250000000001 0.7453125 0.5156250000000002
0 0.70625 0.4296875 0.6625 0.4296875 0.6625 0.4546875 0.70625 0.4546875
0 0.8 0.4312500000000002 0.7515625 0.4312500000000002 0.7515625 0.4515625000000002 0.8 0.4515625000000002
0 0.840625 0.24375000000000008 0.821875 0.24375000000000008 0.821875 0.34062500000000007 0.840625 0.34062500000000007
1 0.3000000000000001 0.75625 0.2843750000000001 0.75625 0.2843750000000001 0.8 0.3000000000000001 0.8
1 0.3156250000000001 0.7578125 0.30156250000000007 0.7578125 0.30156250000000007 0.796875 0.3156250000000001 0.796875
1 0.3906250000000001 0.6515625 0.36406250000000007 0.6515625 0.36406250000000007 0.68125 0.3906250000000001 0.68125
1 0.3968750000000001 0.6234375 0.3656250000000001 0.6234375 0.3656250000000001 0.6546875 0.3968750000000001 0.6546875
1 0.9078125 0.5421875000000002 0.890625 0.5421875000000002 0.890625 0.5906250000000002 0.9078125 0.5906250000000002
1 0.9203125 0.5437500000000002 0.90625 0.5437500000000002 0.90625 0.5906250000000002 0.9203125 0.5906250000000002
1 0.8375 0.1843750000000001 0.825 0.1843750000000001 0.825 0.2296875000000001 0.8375 0.2296875000000001
1 0.85 0.1828125000000001 0.8328125 0.1828125000000001 0.8328125 0.2250000000000001 0.85 0.2250000000000001
1 0.865625 0.18125000000000008 0.8484375 0.18125000000000008 0.8484375 0.22812500000000008 0.865625 0.22812500000000008
1 0.8421875 0.06718750000000011 0.828125 0.06718750000000011 0.828125 0.1140625000000001 0.8421875 0.1140625000000001
1 0.85625 0.06875000000000012 0.8375 0.06875000000000012 0.8375 0.11875000000000009 0.85625 0.11875000000000009
1 0.871875 0.07343750000000011 0.8546875 0.07343750000000011 0.8546875 0.11562500000000009 0.871875 0.11562500000000009