0 0.6953125 0.34843750000000007 0.6109375 0.34843750000000007 0.6109375 0.4390625 0.6953125 0.4390625
0 0.5953125 0.2078125000000001 0.5671875 0.2078125000000001 0.5671875 0.26250000000000007 0.5953125 0.26250000000000007
0 0.5921875 0.3062500000000001 0.5640625 0.3062500000000001 0.5640625 0.3468750000000001 0.5921875 0.3468750000000001
0 0.5671875 0.3468750000000001 0.4046875 0.3468750000000001 0.4046875 0.4390625 0.5671875 0.4390625
0 0.475 0.3531250000000001 0.384375 0.3531250000000001 0.384375 0.39531250000000007 0.475 0.39531250000000007
0 0.475 0.3218750000000001 0.428125 0.3218750000000001 0.428125 0.4015625 0.475 0.4015625
1 0.4453125 0.515625 0.434375 0.515625 0.434375 0.5375 0.4453125 0.5375
1 0.4390625 0.546875 0.428125 0.546875 0.428125 0.575 0.4390625 0.575
1 0.453125 0.55 0.44375 0.55 0.44375 0.5734375 0.453125 0.5734375
1 0.44375 0.584375 0.434375 0.584375 0.434375 0.6078125 0.44375 0.6078125
1 0.44375 0.621875 0.434375 0.621875 0.434375 0.6453125 0.44375 0.6453125
1 0.4453125 0.65625 0.434375 0.65625 0.434375 0.68125 0.4453125 0.68125
1 0.4453125 0.6921875 0.434375 0.6921875 0.434375 0.7140625 0.4453125 0.7140625
1 0.44531250000000017 0.7328125 0.4359375000000002 0.7328125 0.4359375000000002 0.753125 0.44531250000000017 0.753125
1 0.44062500000000016 0.7671875 0.4312500000000002 0.7671875 0.4312500000000002 0.7890625 0.44062500000000016 0.7890625
1 0.4515625000000002 0.7671875 0.44062500000000016 0.7671875 0.44062500000000016 0.790625 0.4515625000000002 0.790625
1 0.5031250000000002 0.7671875 0.4968750000000002 0.7671875 0.4968750000000002 0.790625 0.5031250000000002 0.790625
1 0.5140625000000002 0.7671875 0.5046875000000002 0.7671875 0.5046875000000002 0.790625 0.5140625000000002 0.790625
1 0.5437500000000002 0.7671875 0.5328125000000001 0.7671875 0.5328125000000001 0.7890625 0.5437500000000002 0.7890625
1 0.5531250000000002 0.7671875 0.5421875000000002 0.7671875 0.5421875000000002 0.790625 0.5531250000000002 0.790625
1 0.4968750000000002 0.73125 0.48750000000000016 0.73125 0.48750000000000016 0.753125 0.4968750000000002 0.753125
1 0.5093750000000001 0.7296875 0.4968750000000002 0.7296875 0.4968750000000002 0.7546875 0.5093750000000001 0.7546875
1 0.5359375000000002 0.7296875 0.5281250000000002 0.7296875 0.5281250000000002 0.7546875 0.5359375000000002 0.7546875
1 0.5468750000000002 0.73125 0.5359375000000002 0.73125 0.5359375000000002 0.7546875 0.5468750000000002 0.7546875
1 0.5578125000000002 0.7328125 0.5453125000000002 0.7328125 0.5453125000000002 0.753125 0.5578125000000002 0.753125
1 0.503125 0.69375 0.49375 0.69375 0.49375 0.715625 0.503125 0.715625
1 0.5296875 0.69375 0.521875 0.69375 0.521875 0.7140625 0.5296875 0.7140625
1 0.5421875 0.6921875 0.53125 0.6921875 0.53125 0.7171875 0.5421875 0.7171875
1 0.5515625 0.690625 0.5421875 0.690625 0.5421875 0.715625 0.5515625 0.715625
1 0.503125 0.65625 0.49375 0.65625 0.49375 0.6796875 0.503125 0.6796875
1 0.5296875 0.65625 0.521875 0.65625 0.521875 0.6796875 0.5296875 0.6796875
1 0.54375 0.65625 0.534375 0.65625 0.534375 0.6796875 0.54375 0.6796875
1 0.553125 0.65625 0.5421875 0.65625 0.5421875 0.6796875 0.553125 0.6796875
1 0.53125 0.6203125 0.5234375 0.6203125 0.5234375 0.6453125 0.53125 0.6453125
1 0.54375 0.6234375 0.534375 0.6234375 0.534375 0.6453125 0.54375 0.6453125
1 0.5515625 0.6234375 0.54375 0.6234375 0.54375 0.64375 0.5515625 0.64375
1 0.5375 0.584375 0.528125 0.584375 0.528125 0.60625 0.5375 0.60625
1 0.5453125 0.5875 0.5359375 0.5875 0.5359375 0.609375 0.5453125 0.609375
1 0.534375 0.55 0.525 0.55 0.525 0.5703125 0.534375 0.5703125
1 0.546875 0.55 0.5359375 0.55 0.5359375 0.5734375 0.546875 0.5734375
1 0.509375 0.55 0.4984375 0.55 0.4984375 0.5734375 0.509375 0.5734375
1 0.50625 0.58125 0.5 0.58125 0.5 0.609375 0.50625 0.609375
1 0.50625 0.6203125 0.49375 0.6203125 0.49375 0.6453125 0.50625 0.6453125
1 0.509375 0.5125 0.4984375 0.5125 0.4984375 0.5359375 0.509375 0.5359375
1 0.59375 0.515625 0.5859375 0.515625 0.5859375 0.5375 0.59375 0.5375
1 0.6125 0.515625 0.6015625 0.515625 0.6015625 0.5359375 0.6125 0.5359375
1 0.6125 0.546875 0.603125 0.546875 0.603125 0.5734375 0.6125 0.5734375
1 0.5953125 0.546875 0.5828125 0.546875 0.5828125 0.5734375 0.5953125 0.5734375
1 0.59375 0.5828125 0.5859375 0.5828125 0.5859375 0.609375 0.59375 0.609375
1 0.5953125 0.6203125 0.584375 0.6203125 0.584375 0.6453125 0.5953125 0.6453125
1 0.596875 0.659375 0.5859375 0.659375 0.5859375 0.678125 0.596875 0.678125
1 0.5984375 0.690625 0.5921875 0.690625 0.5921875 0.71875 0.5984375 0.71875
1 0.5921875000000002 0.7296875 0.5828125000000002 0.7296875 0.5828125000000002 0.753125 0.5921875000000002 0.753125
1 0.5984375000000002 0.7671875 0.5921875000000002 0.7671875 0.5921875000000002 0.790625 0.5984375000000002 0.790625
1 0.6109375000000001 0.76875 0.6000000000000002 0.76875 0.6000000000000002 0.7875 0.6109375000000001 0.7875
1 0.6015625000000002 0.73125 0.5921875000000002 0.73125 0.5921875000000002 0.7546875 0.6015625000000002 0.7546875
1 0.6171875000000002 0.73125 0.6062500000000002 0.73125 0.6062500000000002 0.753125 0.6171875000000002 0.753125
1 0.609375 0.6921875 0.6015625 0.6921875 0.6015625 0.71875 0.609375 0.71875
1 0.6125 0.65625 0.6015625 0.65625 0.6015625 0.68125 0.6125 0.68125
1 0.6109375 0.6203125 0.6015625 0.6203125 0.6015625 0.64375 0.6109375 0.64375
1 0.6109375 0.5859375 0.6015625 0.5859375 0.6015625 0.60625 0.6109375 0.60625
1 0.6609375 0.5140625 0.6546875 0.5140625 0.6546875 0.5375 0.6609375 0.5375
1 0.6609375 0.55 0.653125 0.55 0.653125 0.571875 0.6609375 0.571875
1 0.6578125 0.5875 0.6484375 0.5875 0.6484375 0.6078125 0.6578125 0.6078125
1 0.671875 0.584375 0.6625 0.584375 0.6625 0.6078125 0.671875 0.6078125
1 0.68125 0.5859375 0.671875 0.5859375 0.671875 0.6078125 0.68125 0.6078125
1 0.678125 0.546875 0.66875 0.546875 0.66875 0.5734375 0.678125 0.5734375
1 0.678125 0.5125 0.6671875 0.5125 0.6671875 0.5375 0.678125 0.5375
1 0.678125 0.6234375 0.6671875 0.6234375 0.6671875 0.6453125 0.678125 0.6453125
1 0.6640625 0.6203125 0.65 0.6203125 0.65 0.64375 0.6640625 0.64375
1 0.6640625 0.6578125 0.6515625 0.6578125 0.6515625 0.68125 0.6640625 0.68125
1 0.6796875 0.6578125 0.6671875 0.6578125 0.6671875 0.68125 0.6796875 0.68125
1 0.6703125 0.69375 0.6609375 0.69375 0.6609375 0.7171875 0.6703125 0.7171875
1 0.6687500000000002 0.73125 0.6593750000000002 0.73125 0.6593750000000002 0.753125 0.6687500000000002 0.753125
1 0.6703125000000002 0.7625 0.6609375000000002 0.7625 0.6609375000000002 0.790625 0.6703125000000002 0.790625